src	dst
30	1412
30	3352
30	5254
30	5543
30	7478
3	28
3	30
3	39
3	54
3	108
3	152
3	178
3	182
3	214
3	271
3	286
3	300
3	348
3	349
3	371
3	567
3	581
3	584
3	586
3	590
3	604
3	611
3	8283
25	3
25	6
25	8
25	19
25	23
25	28
25	29
25	30
25	33
25	35
25	50
25	54
25	55
25	75
25	80
25	86
25	94
25	127
25	152
25	154
25	182
25	192
25	214
25	224
25	226
25	246
25	252
25	255
25	257
25	261
25	271
25	273
25	280
25	282
25	286
25	299
25	300
25	302
25	306
25	308
25	310
25	322
25	325
25	339
25	348
25	349
25	356
25	358
25	363
25	370
25	371
25	373
25	377
25	379
25	407
25	415
25	422
25	428
25	439
25	488
25	514
25	545
25	549
25	560
25	590
25	592
25	600
25	604
25	611
25	645
25	650
25	659
25	664
25	667
25	673
25	675
25	696
25	706
25	723
25	739
25	756
25	857
25	864
25	893
25	959
25	994
25	1131
25	3755
25	8282
25	8284
4	8
4	10
4	28
4	30
4	38
4	55
4	56
4	75
4	130
4	140
4	147
4	151
4	152
4	214
4	232
4	243
4	282
4	299
4	341
4	363
4	370
4	415
4	560
4	606
4	611
4	645
4	650
4	659
4	8282
5	6
5	8
5	10
5	23
5	30
5	33
5	38
5	50
5	54
5	55
5	61
5	75
5	89
5	93
5	127
5	130
5	147
5	153
5	163
5	167
5	168
5	175
5	299
6	3
6	8
6	10
6	19
6	23
6	28
6	29
6	30
6	33
6	34
6	35
6	38
6	39
6	50
6	54
6	55
6	56
6	61
6	80
6	86
6	89
6	93
6	94
6	127
6	130
6	132
6	135
6	140
6	147
6	151
6	153
6	154
6	163
6	167
6	168
6	171
6	175
6	178
6	182
6	183
6	216
6	219
6	226
6	227
6	228
6	232
6	236
6	243
6	250
6	252
6	257
6	258
6	259
6	261
6	271
6	273
6	274
6	280
6	285
6	286
6	290
6	298
6	299
6	300
6	301
6	304
6	306
6	317
6	319
6	322
6	325
6	339
6	348
6	349
6	356
6	358
6	359
6	362
6	363
6	370
6	371
6	373
6	377
6	378
6	379
6	390
6	391
6	392
6	394
6	396
6	402
6	405
6	406
6	407
6	415
6	421
6	422
6	427
6	428
6	431
6	432
6	433
6	435
6	439
6	440
6	447
6	538
6	545
6	549
6	560
6	564
6	566
6	567
6	579
6	581
6	584
6	586
6	589
6	590
6	592
6	600
6	604
6	609
6	611
6	613
6	616
6	617
6	619
6	643
6	656
6	659
6	665
6	668
6	673
6	691
6	694
6	700
6	704
6	717
6	723
6	730
6	733
6	739
6	741
6	761
6	765
6	779
6	789
6	791
6	798
6	802
6	813
6	820
6	826
6	857
6	863
6	871
6	881
6	885
6	893
6	895
6	897
6	904
6	906
6	907
6	913
6	922
6	932
6	936
6	955
6	960
6	963
6	966
6	971
6	972
6	978
6	979
6	983
6	991
6	993
6	995
6	1007
6	1014
6	1022
6	1026
6	1032
6	1035
6	1043
6	1055
6	1062
6	1125
6	1144
6	1152
6	1156
6	1160
6	1167
6	1168
6	1218
6	1220
6	1221
6	1222
6	1234
6	1241
6	1248
6	1253
6	1261
6	1297
6	1321
6	1326
6	1377
6	1389
6	1390
6	1394
6	1396
6	1428
6	1439
6	1441
6	1442
6	1446
6	1453
6	1464
6	1465
6	1468
6	1471
6	1472
6	1476
6	1478
6	1484
6	1485
6	1487
6	1489
6	1490
6	1497
6	1501
6	1506
6	1507
6	1513
6	1514
6	1518
6	1524
6	1525
6	1531
6	1532
6	1533
6	1538
6	1549
6	1555
6	1556
6	1557
6	1563
6	1569
6	1573
6	1587
6	1597
6	1610
6	1619
6	1641
6	1648
6	1652
6	1654
6	1657
6	1662
6	1669
6	1679
6	1689
6	1692
6	1701
6	1716
6	1718
6	1752
6	1758
6	1768
6	1774
6	1783
6	1787
6	1788
6	1798
6	1861
6	1864
6	1982
6	2409
6	2651
6	2843
6	2909
6	3755
6	3892
6	4037
6	4134
6	4792
6	4942
6	5323
6	5697
6	6227
6	6330
6	6624
6	6765
6	6790
6	6965
6	7161
6	7632
6	8282
6	8290
7	6
7	28
7	30
7	32
7	35
7	38
7	54
7	55
7	61
7	75
7	93
7	105
7	228
7	259
7	271
7	299
7	524
7	1190
7	1193
7	1425
7	1471
7	1919
7	8283
7	8287
8	6
8	10
8	19
8	23
8	28
8	30
8	33
8	34
8	36
8	39
8	49
8	50
8	54
8	55
8	56
8	61
8	75
8	80
8	86
8	89
8	127
8	130
8	132
8	135
8	140
8	144
8	150
8	151
8	152
8	153
8	154
8	163
8	167
8	168
8	175
8	178
8	182
8	183
8	192
8	214
8	216
8	219
8	224
8	226
8	232
8	236
8	243
8	250
8	252
8	255
8	258
8	261
8	271
8	273
8	274
8	280
8	282
8	286
8	299
8	300
8	301
8	308
8	310
8	319
8	322
8	339
8	341
8	348
8	349
8	356
8	358
8	362
8	363
8	370
8	371
8	373
8	377
8	378
8	379
8	389
8	390
8	391
8	392
8	394
8	396
8	402
8	405
8	406
8	415
8	421
8	422
8	427
8	428
8	431
8	432
8	433
8	435
8	439
8	440
8	488
8	506
8	514
8	524
8	538
8	549
8	560
8	564
8	566
8	567
8	581
8	584
8	586
8	587
8	589
8	590
8	592
8	600
8	604
8	606
8	607
8	609
8	611
8	613
8	616
8	617
8	622
8	624
8	627
8	628
8	631
8	636
8	637
8	645
8	650
8	656
8	657
8	658
8	659
8	664
8	665
8	667
8	668
8	673
8	674
8	675
8	677
8	681
8	687
8	706
8	715
8	719
8	723
8	725
8	739
8	741
8	749
8	756
8	760
8	761
8	778
8	779
8	798
8	802
8	806
8	810
8	817
8	822
8	844
8	857
8	864
8	866
8	868
8	875
8	878
8	881
8	882
8	885
8	936
8	938
8	977
8	1092
8	8284
9	8
9	10
9	23
9	28
9	30
9	33
9	34
9	54
9	55
9	56
9	61
9	75
9	80
9	86
9	94
9	130
9	135
9	144
9	151
9	168
9	214
9	226
9	228
9	243
9	250
9	258
9	261
9	271
9	274
9	299
9	325
9	339
9	348
9	356
9	363
9	370
9	377
9	378
9	379
9	390
9	391
9	392
9	394
9	402
9	421
9	422
9	427
9	431
9	439
9	440
9	506
9	517
9	559
9	560
9	579
9	592
9	611
9	626
9	658
9	664
9	715
9	733
9	756
9	857
9	868
9	893
9	904
9	918
9	932
9	972
9	982
9	1049
9	1103
9	1384
9	1525
9	1580
9	1618
9	1652
9	1717
9	1855
9	1966
10	3
10	6
10	8
10	19
10	23
10	28
10	30
10	33
10	34
10	38
10	50
10	54
10	89
10	93
10	105
10	130
10	132
10	135
10	147
10	153
10	154
10	163
10	168
10	175
10	183
10	214
10	216
10	219
10	246
10	250
10	252
10	255
10	257
10	261
10	271
10	274
10	280
10	286
10	300
10	301
10	306
10	310
10	319
10	405
10	406
10	407
10	432
10	549
10	587
10	600
10	609
10	617
10	619
10	622
10	627
10	628
10	631
10	636
10	656
10	657
10	658
10	659
10	664
10	665
10	667
10	668
10	673
10	675
10	681
10	700
10	706
10	715
10	719
10	725
10	739
10	741
10	743
10	746
10	748
10	750
10	756
10	760
10	761
10	765
10	778
10	779
11	6
11	8
11	10
11	15
11	19
11	23
11	28
11	29
11	30
11	33
11	34
11	35
11	36
11	38
11	49
11	50
11	54
11	55
11	56
11	61
11	72
11	75
11	86
11	89
11	93
11	95
11	105
11	127
11	130
11	132
11	147
11	151
11	153
11	154
11	163
11	168
11	171
11	178
11	183
11	192
11	204
11	214
11	216
11	219
11	224
11	227
11	228
11	230
11	246
11	250
11	252
11	255
11	257
11	259
11	261
11	271
11	274
11	282
11	285
11	286
11	298
11	299
11	306
11	308
11	310
11	313
11	317
11	319
11	322
11	325
11	332
11	334
11	338
11	350
11	372
11	406
11	407
11	415
11	429
11	431
11	432
11	439
11	440
11	465
11	488
11	506
11	514
11	545
11	549
11	559
11	560
11	575
11	579
11	587
11	600
11	607
11	608
11	609
11	611
11	613
11	617
11	622
11	624
11	627
11	628
11	631
11	636
11	637
11	643
11	644
11	647
11	658
11	659
11	664
11	667
11	668
11	673
11	674
11	675
11	677
11	681
11	684
11	687
11	694
11	700
11	705
11	706
11	707
11	710
11	715
11	717
11	719
11	722
11	723
11	725
11	730
11	733
11	739
11	741
11	743
11	744
11	746
11	748
11	749
11	750
11	756
11	760
11	761
11	762
11	763
11	764
11	765
11	771
11	779
11	791
11	793
11	798
11	802
11	803
11	805
11	806
11	810
11	817
11	822
11	825
11	826
11	829
11	836
11	837
11	838
11	839
11	844
11	849
11	853
11	857
11	859
11	863
11	864
11	866
11	868
11	871
11	873
11	878
11	881
11	882
11	885
11	887
11	893
11	895
11	904
11	907
11	908
11	913
11	918
11	922
11	929
11	932
11	934
11	935
11	936
11	937
11	941
11	942
11	943
11	945
11	946
11	947
11	955
11	956
11	958
11	959
11	960
11	963
11	968
11	971
11	975
11	978
11	982
11	985
11	989
11	993
11	994
11	999
11	1000
11	1006
11	1012
11	1018
11	1022
11	1031
11	1032
11	1034
11	1035
11	1049
11	1055
11	1061
11	1062
11	1075
11	1080
11	1092
11	1097
11	1103
11	1111
11	1124
11	1127
11	1128
11	1137
11	1144
11	1151
11	1154
11	1156
11	1160
11	1164
11	1165
11	1167
11	1168
11	1185
11	1186
11	1190
11	1191
11	1193
11	1196
11	1199
11	1200
11	1201
11	1203
11	1211
11	1218
11	1220
11	1221
11	1222
11	1230
11	1239
11	1241
11	1243
11	1248
11	1250
11	1253
11	1259
11	1260
11	1261
11	1279
11	1282
11	1284
11	1285
11	1286
11	1296
11	1297
11	1305
11	1307
11	1310
11	1319
11	1321
11	1322
11	1326
11	1330
11	1353
11	1360
11	1372
11	1374
11	1375
11	1377
11	1378
11	1382
11	1384
11	1385
11	1389
11	1390
11	1394
11	1396
11	1402
11	1407
11	1411
11	1412
11	1413
11	1418
11	1420
11	1425
11	1428
11	1435
11	1437
11	1439
11	1441
11	1442
11	1444
11	1446
11	1453
11	1464
11	1465
11	1468
11	1471
11	1476
11	1482
11	1484
11	1485
11	1486
11	1487
11	1489
11	1490
11	1492
11	1496
11	1497
11	1501
11	1506
11	1507
11	1513
11	1514
11	1518
11	1520
11	1521
11	1524
11	1525
11	1531
11	1532
11	1533
11	1534
11	1538
11	1542
11	1547
11	1549
11	1550
11	1555
11	1556
11	1557
11	1565
11	1566
11	1583
11	1585
11	1592
11	1608
11	1610
11	1613
11	1619
11	1621
11	1622
11	1628
11	1629
11	1633
11	1637
11	1638
11	1641
11	1646
11	1648
11	1649
11	1652
11	1653
11	1654
11	1657
11	1658
11	1661
11	1662
11	1669
11	1672
11	1679
11	1680
11	1687
11	1688
11	1689
11	1692
11	1697
11	1700
11	1701
11	1706
11	1707
11	1714
11	1716
11	1717
11	1718
11	1726
11	1729
11	1730
11	1732
11	1746
11	1747
11	1749
11	1752
11	1757
11	1758
11	1768
11	1769
11	1771
11	1772
11	1774
11	1780
11	1783
11	1787
11	1788
11	1791
11	1798
11	1802
11	1805
11	1811
11	1816
11	1835
11	1836
11	1842
11	1847
11	1848
11	1849
11	1855
11	1857
11	1858
11	1859
11	1861
11	1864
11	1880
11	1884
11	1888
11	1893
11	1901
11	1903
11	1908
11	1919
11	1920
11	1927
11	1953
11	1956
11	1963
11	1964
11	1965
11	1966
11	1969
11	1973
11	1977
11	1979
11	1983
11	1985
11	1987
11	1990
11	1991
11	1992
11	1997
11	2004
11	2007
11	2014
11	2055
11	2060
11	2062
11	2066
11	2071
11	2073
11	2076
11	2079
11	2085
11	2091
11	2095
11	2097
11	2101
11	2109
11	2114
11	2117
11	2119
11	2128
11	2134
11	2137
11	2144
11	2145
11	2151
11	2157
11	2168
11	2178
11	2181
11	2182
11	2193
11	2202
11	2205
11	2206
11	2210
11	2237
11	2240
11	2241
11	2246
11	2252
11	2253
11	2257
11	2273
11	2289
11	2294
11	2328
11	2329
11	2332
11	2333
11	2339
11	2341
11	2345
11	2350
11	2362
11	2364
11	2381
11	2384
11	2385
11	2397
11	2400
11	2409
11	2410
11	2411
11	2426
11	2435
11	2456
11	2470
11	2475
11	2479
11	2484
11	2485
11	2490
11	2499
11	2504
11	2506
11	2508
11	2517
11	2535
11	2544
11	2565
11	2570
11	2575
11	2579
11	2580
11	2585
11	2587
11	2593
11	2595
11	2604
11	2612
11	2619
11	2625
11	2643
11	2646
11	2653
11	2655
11	2657
11	2665
11	2669
11	2685
11	2686
11	2696
11	2720
11	2727
11	2746
11	2754
11	2760
11	2763
11	2775
11	2777
11	2787
11	2794
11	2811
11	2843
11	2859
11	2871
11	2900
11	2923
11	2932
11	2958
11	2981
11	3002
11	3005
11	3007
11	3010
11	3014
11	3024
11	3026
11	3028
11	3034
11	3059
11	3073
11	3084
11	3092
11	3114
11	3117
11	3125
11	3136
11	3140
11	3144
11	3180
11	3192
11	3258
11	3260
11	3284
11	3291
11	3309
11	3321
11	3334
11	3352
11	3394
11	3404
11	3433
11	3439
11	3443
11	3447
11	3452
11	3453
11	3454
11	3458
11	3463
11	3464
11	3480
11	3529
11	3537
11	3557
11	3562
11	3568
11	3607
11	3615
11	3631
11	3635
11	3645
11	3650
11	3660
11	3661
11	3680
11	3748
11	3755
11	3787
11	3800
11	3806
11	3807
11	3812
11	3830
11	3843
11	3847
11	3871
11	3892
11	3903
11	3926
11	3937
11	3956
11	3958
11	3967
11	3970
11	4011
11	4013
11	4021
11	4024
11	4040
11	4043
11	4044
11	4055
11	4058
11	4065
11	4072
11	4088
11	4103
11	4124
11	4162
11	4179
11	4201
11	4212
11	4231
11	4247
11	4256
11	4261
11	4263
11	4266
11	4269
11	4289
11	4290
11	4297
11	4299
11	4335
11	4384
11	4417
11	4422
11	4424
11	4463
11	4485
11	4510
11	4528
11	4531
11	4547
11	4578
11	4613
11	4661
11	4662
11	4706
11	4709
11	4719
11	4796
11	4808
11	4811
11	4814
11	4820
11	4827
11	4938
11	4962
11	5026
11	5037
11	5055
11	5073
11	5092
11	5100
11	5106
11	5130
11	5132
11	5144
11	5802
11	6170
11	6496
11	6715
11	6739
11	8286
11	8287
11	8290
11	8291
11	8293
12	8
12	28
12	30
12	56
12	72
12	80
12	214
12	219
12	232
12	236
12	250
12	255
12	257
12	259
12	274
12	282
12	286
12	290
12	299
12	349
12	356
12	362
12	390
12	407
12	427
12	428
12	432
12	435
12	538
12	564
12	609
12	631
12	644
12	663
12	668
12	675
12	677
12	697
12	706
12	725
12	748
12	756
12	765
12	793
12	805
12	810
12	822
12	838
12	857
12	937
12	1014
12	1160
12	1241
12	1297
12	1464
12	1573
12	1629
12	1638
12	2252
12	2708
12	3371
12	3843
12	4233
12	8287
12	8291
13	28
13	30
13	178
13	214
13	216
13	232
13	250
13	252
13	271
13	302
13	341
14	3
14	10
14	23
14	28
14	30
14	32
14	49
14	54
14	55
14	56
14	61
14	75
14	95
14	127
14	130
14	140
14	150
14	152
14	178
14	182
14	183
14	192
14	214
14	216
14	219
14	224
14	226
14	236
14	250
14	259
14	261
14	271
14	282
14	299
14	324
14	325
14	338
14	356
14	363
14	368
14	371
14	377
14	378
14	390
14	391
14	394
14	396
14	402
14	421
14	422
14	427
14	440
14	477
14	517
14	524
14	538
14	560
14	564
14	566
14	567
14	581
14	584
14	589
14	609
14	611
14	613
14	616
14	617
14	619
14	626
14	631
14	650
14	656
14	665
14	797
14	968
14	1031
14	1053
14	1080
14	1123
14	1164
14	1259
14	1307
14	1385
14	1496
14	1717
14	1835
14	1842
14	1855
14	1864
14	1927
14	1966
14	2016
14	2066
14	2117
14	2134
14	2193
14	2339
14	2384
14	2470
14	2475
14	2479
14	2565
14	2587
14	2595
14	2643
14	2653
14	3192
14	3562
14	4055
14	4179
14	4247
14	8285
14	8287
15	8
15	23
15	28
15	30
15	32
15	33
15	38
15	49
15	54
15	55
15	56
15	61
15	95
15	105
15	152
15	214
15	299
15	368
15	417
15	477
15	560
15	589
15	600
15	667
15	737
15	756
15	762
15	893
15	974
15	1006
15	1297
15	1717
15	2066
15	2144
15	2229
15	2398
15	2643
15	2651
15	3005
15	3334
15	3755
15	4037
15	4561
15	4600
15	4645
15	4658
15	7632
15	7871
15	8287
15	8292
16	28
16	30
16	637
16	749
16	789
16	817
16	857
16	887
16	982
16	993
16	1186
16	1374
16	1412
16	1580
16	1672
17	3
17	8
17	10
17	28
17	30
17	32
17	33
17	35
17	50
17	54
17	55
17	95
17	108
17	127
17	135
17	183
17	214
17	258
17	261
17	271
17	273
17	282
17	299
17	339
17	356
17	359
17	377
17	378
17	391
17	524
17	590
17	592
17	624
17	656
17	658
17	667
17	675
17	739
17	750
17	756
17	941
17	982
17	1190
17	1218
17	1513
18	30
18	36
18	55
18	144
18	192
18	214
18	308
18	429
18	477
18	549
18	643
18	2570
19	3
19	6
19	23
19	28
19	30
19	33
19	38
19	50
19	54
19	55
19	61
19	89
19	127
19	130
19	132
19	151
19	154
19	163
19	168
19	182
19	183
19	214
19	216
19	219
19	250
19	252
19	257
19	261
19	271
19	274
19	286
19	299
19	371
19	564
19	581
19	584
19	589
19	590
19	592
20	3
20	6
20	19
20	30
20	33
20	34
20	36
20	50
20	54
20	55
20	56
20	61
20	75
20	80
20	89
20	105
20	132
20	135
20	140
20	151
20	153
20	167
20	168
20	182
20	183
20	214
20	216
20	224
20	232
20	243
20	250
20	252
20	255
20	257
20	258
20	261
20	271
20	274
20	282
20	286
20	299
20	306
20	308
20	310
20	321
20	322
20	325
20	339
20	348
20	350
20	363
20	368
20	370
20	371
20	377
20	378
20	379
20	391
20	402
20	405
20	425
20	427
20	429
20	447
20	465
20	477
20	564
20	567
20	590
20	592
20	600
20	606
20	609
20	611
20	624
20	626
20	631
20	636
20	650
20	656
20	657
20	658
20	667
20	673
20	675
20	677
20	681
20	697
20	700
20	704
20	706
20	707
20	722
20	723
20	746
20	749
20	756
20	765
20	803
20	829
20	838
20	853
20	861
20	864
20	896
20	918
20	941
20	943
20	979
20	981
20	982
20	993
20	994
20	1034
20	1044
20	1055
20	1062
20	1075
20	1156
20	1164
20	1167
20	1190
20	1211
20	1218
20	1307
20	1321
20	1352
20	1374
20	1389
20	1396
20	1402
20	1501
20	1513
20	1569
20	1585
20	1597
20	1604
20	1680
20	1692
20	1730
20	1758
20	1774
20	1783
20	1787
20	1855
20	1859
20	1919
20	1965
20	1966
20	2134
20	2165
20	2281
20	2285
20	2324
20	2339
20	2348
20	2411
20	2484
20	2517
20	2565
20	2693
20	2774
20	2775
20	2777
20	2828
20	2877
20	2900
20	3027
20	3136
20	3371
20	3456
20	3516
20	3614
20	3755
20	4179
20	4373
20	5327
20	5714
20	5775
20	5780
20	5814
20	5818
20	6229
20	6262
20	6780
20	7726
20	8288
21	28
21	30
21	35
21	54
21	61
21	75
21	86
21	89
21	105
21	135
21	140
21	144
21	150
21	168
21	183
21	219
21	236
21	243
21	250
21	252
21	271
21	299
21	308
21	334
21	356
21	370
21	422
21	429
21	433
21	439
21	447
21	465
21	488
21	549
21	590
21	592
21	611
21	613
21	637
21	656
21	657
21	664
21	667
21	723
21	725
21	760
21	765
21	789
21	794
21	802
21	837
21	853
21	868
21	871
21	887
21	893
21	908
21	932
21	960
21	963
21	1014
21	1049
21	1190
21	1297
21	1476
21	1707
21	1717
21	1726
21	2085
21	2117
21	2181
21	2202
21	2410
21	2685
21	2727
21	2814
22	30
22	1407
23	29
23	30
23	33
23	38
23	39
23	50
23	55
23	80
23	94
23	127
23	135
23	144
23	151
23	163
23	168
23	175
23	183
23	214
23	236
23	252
23	257
23	271
23	280
23	282
23	299
23	300
23	302
23	304
23	308
23	313
23	325
23	406
23	549
23	586
23	587
23	590
23	601
23	616
23	617
23	656
23	664
23	667
23	670
23	673
23	674
23	700
23	706
23	715
23	725
23	760
23	765
23	794
23	810
23	857
23	881
23	897
23	904
23	906
23	942
23	945
23	972
23	981
23	989
23	1014
23	1029
23	1039
23	1053
23	1061
23	1123
23	1478
23	1538
23	1593
23	1638
23	8288
24	3
24	8
24	15
24	19
24	28
24	30
24	33
24	34
24	35
24	36
24	50
24	54
24	72
24	130
24	132
24	150
24	214
24	228
24	230
24	243
24	255
24	259
24	271
24	280
24	299
24	310
24	311
24	321
24	334
24	348
24	370
24	373
24	378
24	391
24	407
24	415
24	417
24	465
24	545
24	549
24	560
24	579
24	589
24	600
24	626
24	633
24	636
24	643
24	644
24	647
24	663
24	667
24	681
24	696
24	697
24	706
24	707
24	710
24	719
24	722
24	739
24	742
24	750
24	756
24	760
24	762
24	763
24	769
24	803
24	813
24	817
24	829
24	849
24	853
24	856
24	857
24	863
24	887
24	893
24	895
24	908
24	932
24	935
24	945
24	946
24	960
24	993
24	994
24	999
24	1018
24	1034
24	1043
24	1053
24	1075
24	1080
24	1100
24	1111
24	1123
24	1125
24	1156
24	1164
24	1165
24	1186
24	1193
24	1200
24	1234
24	1250
24	1267
24	1284
24	1285
24	1297
24	1310
24	1315
24	1330
24	1353
24	1357
24	1360
24	1416
24	1419
24	1439
24	1442
24	1473
24	1482
24	1497
24	1501
24	1538
24	1542
24	1547
24	1548
24	1549
24	1566
24	1585
24	1608
24	1622
24	1633
24	1641
24	1646
24	1658
24	1669
24	1697
24	1705
24	1717
24	1723
24	1729
24	1734
24	1754
24	1769
24	1772
24	1781
24	1808
24	1814
24	1816
24	1835
24	1836
24	1837
24	1842
24	1855
24	1858
24	1880
24	1893
24	1901
24	1903
24	1927
24	1953
24	1956
24	1963
24	1966
24	1969
24	1977
24	1987
24	2004
24	2055
24	2060
24	2062
24	2066
24	2117
24	2119
24	2137
24	2144
24	2193
24	2209
24	2225
24	2237
24	2264
24	2276
24	2323
24	2328
24	2329
24	2341
24	2345
24	2354
24	2371
24	2375
24	2385
24	2398
24	2504
24	2508
24	2516
24	2542
24	2560
24	2579
24	2585
24	2587
24	2595
24	2612
24	2619
24	2625
24	2660
24	2667
24	2696
24	2697
24	2707
24	2746
24	2754
24	2760
24	2763
24	2815
24	2819
24	2822
24	2830
24	2871
24	2922
24	2926
24	2955
24	2963
24	2999
24	3018
24	3028
24	3089
24	3136
24	3164
24	3192
24	3351
24	3352
24	3408
24	3410
24	3439
24	3443
24	3447
24	3452
24	3456
24	3458
24	3473
24	3537
24	3568
24	3586
24	3607
24	3643
24	3660
24	3661
24	3748
24	3792
24	3800
24	3843
24	3854
24	3898
24	3903
24	3910
24	4040
24	4261
24	4276
24	4299
24	4310
24	4338
24	4349
24	4373
24	4463
24	4485
24	4510
24	4706
24	4709
24	4712
24	4792
24	4796
24	4811
24	4827
24	4944
24	4953
24	4999
24	5026
24	5037
24	5055
24	5123
24	5162
24	5254
24	5327
24	5341
24	5412
24	5423
24	5484
24	5511
24	5596
24	5714
24	5818
24	5863
24	6097
24	6229
24	6272
24	6441
24	6496
24	6566
24	6833
24	6855
24	6869
24	6948
24	6955
24	7119
24	7143
24	7144
54	3
54	28
54	214
54	299
54	356
54	373
54	394
28	3
28	6
28	8
28	19
28	29
28	33
28	34
28	35
28	38
28	49
28	50
28	54
28	55
28	56
28	61
28	75
28	80
28	86
28	94
28	127
28	130
28	132
28	135
28	144
28	147
28	150
28	151
28	152
28	154
28	163
28	178
28	182
28	192
28	214
28	216
28	224
28	226
28	228
28	232
28	236
28	246
28	250
28	252
28	259
28	261
28	271
28	273
28	280
28	282
28	299
28	301
28	302
28	304
28	310
28	313
28	319
28	322
28	325
28	356
28	370
28	391
28	396
28	402
28	405
28	406
28	415
28	428
28	435
28	439
28	488
28	514
28	584
28	587
28	590
28	600
28	613
28	616
28	627
28	631
28	636
28	645
28	656
28	658
28	659
28	667
28	670
28	673
28	675
28	677
28	681
28	687
28	715
28	723
28	725
28	730
28	739
28	741
28	743
28	746
28	748
28	750
28	756
28	789
28	798
28	857
28	859
28	864
28	895
28	934
28	958
28	979
28	991
28	1014
28	1026
28	1030
28	1077
28	1160
28	1186
28	1190
28	1201
28	1286
28	1428
28	1604
28	1608
28	1638
28	1964
28	2470
28	2479
28	2801
28	6251
28	8282
28	8284
28	8285
33	8
33	28
33	38
33	50
33	54
33	56
33	127
33	140
33	144
33	147
33	167
33	178
33	183
33	214
33	396
33	402
33	440
33	538
33	545
33	1144
33	1241
33	1717
33	2119
33	2165
34	3
34	6
34	39
34	54
34	282
36	15
36	28
36	35
36	38
36	50
36	54
36	55
36	80
36	86
36	89
36	152
36	204
36	226
36	228
36	232
36	255
36	271
36	274
36	282
36	299
36	304
36	308
36	310
36	313
36	322
36	325
36	332
36	334
36	348
36	356
36	370
36	373
36	377
36	391
36	394
36	396
36	402
36	417
36	427
36	431
36	439
36	465
36	549
36	560
36	579
36	600
36	626
36	636
36	637
36	643
36	644
36	656
36	663
36	665
36	667
36	681
36	697
36	704
36	707
36	710
36	719
36	722
36	730
36	733
36	737
36	762
36	813
36	817
36	838
36	844
36	849
36	857
36	859
36	861
36	895
36	908
36	922
36	941
36	945
36	958
36	959
36	972
36	975
36	981
36	982
36	993
36	999
36	1023
36	1026
36	1038
36	1075
36	1111
36	1123
36	1125
36	1127
36	1131
36	1166
36	1186
36	1190
36	1193
36	1196
36	1222
36	1234
36	1296
36	1297
36	1307
36	1310
36	1353
36	1357
36	1372
36	1377
36	1378
36	1402
36	1413
36	1416
36	1468
36	1489
36	1506
36	1513
36	1518
36	1524
36	1538
36	1549
36	1555
36	1566
36	1585
36	1608
36	1621
36	1701
36	1707
36	1726
36	1769
36	1783
36	1816
36	1842
36	1848
36	1855
36	1956
36	1964
36	1969
36	1997
36	2066
36	2071
36	2109
36	2117
36	2120
36	2135
36	2145
36	2237
36	2241
36	2297
36	2328
36	2329
36	2381
36	2456
36	2470
36	2485
36	2506
36	2570
36	2579
36	2594
36	2599
36	2619
36	2620
36	2625
36	2651
36	2655
36	2685
36	2689
36	2775
36	2831
36	2834
36	2871
36	3034
36	3089
36	3136
36	3150
36	3192
36	3258
36	3274
36	3334
36	3352
36	3394
36	3443
36	3454
36	3456
36	3480
36	3489
36	3537
36	3562
36	3586
36	3680
36	4065
36	4099
36	4201
36	4303
36	4483
36	4574
36	4578
36	4712
36	4717
36	4781
36	4929
36	5022
36	5144
36	5412
36	5459
36	5529
36	5605
36	5697
36	5714
36	5799
36	5804
36	5822
36	5897
36	6006
36	6044
36	6151
36	6437
36	6496
36	6955
36	7115
36	7289
36	7632
36	7908
36	8174
36	8282
35	3
35	33
35	39
35	50
35	54
35	132
35	135
35	151
35	152
35	153
35	183
35	214
35	226
35	227
35	243
35	257
35	259
35	261
35	271
35	274
35	299
35	300
35	339
35	348
35	356
35	362
35	370
35	373
35	377
35	378
35	379
35	390
35	391
35	394
35	402
35	415
35	422
35	545
35	644
35	647
35	803
35	853
35	907
35	960
35	963
35	971
35	978
35	1023
35	1026
35	1075
35	1127
35	1193
35	1203
35	1297
35	1330
35	1377
35	1389
35	1413
35	1418
35	1439
35	1446
35	1465
35	1468
35	1476
35	1484
37	50
37	54
37	168
37	216
37	252
37	299
37	325
37	370
37	608
37	609
37	656
37	762
37	881
37	2775
37	3456
37	3976
37	4310
37	4735
37	5412
37	5780
38	54
38	55
38	56
38	75
38	152
38	182
38	280
38	302
38	415
38	589
38	609
38	922
38	1836
38	2385
39	6
39	8
39	23
39	28
39	29
39	33
39	35
39	50
39	54
39	80
39	127
39	135
39	147
39	152
39	163
39	168
39	182
39	216
39	252
39	271
39	282
39	299
39	319
39	325
39	341
39	407
39	415
39	549
39	611
39	613
39	628
39	631
39	659
39	706
39	756
39	779
39	793
39	822
39	878
39	1007
39	6123
40	33
40	54
40	55
40	214
40	216
40	243
40	252
40	257
40	273
40	274
40	299
26	3
26	6
26	19
26	23
26	28
26	33
26	34
26	38
26	39
26	50
26	54
26	55
26	56
26	80
26	89
26	93
26	127
26	130
26	132
26	135
26	140
26	144
26	147
26	151
26	152
26	154
26	163
26	167
26	168
26	182
26	183
26	214
26	216
26	219
26	226
26	232
26	236
26	243
26	250
26	252
26	257
26	258
26	261
26	271
26	273
26	274
26	286
26	299
26	300
26	301
26	306
26	310
26	325
26	339
26	341
26	348
26	349
26	356
26	358
26	359
26	362
26	363
26	370
26	371
26	373
26	377
26	378
26	379
26	389
26	390
26	391
26	394
26	396
26	415
26	419
26	421
26	422
26	427
26	431
26	433
26	560
26	564
26	566
26	567
26	581
26	584
26	590
26	636
26	673
26	675
26	681
26	684
26	687
26	756
26	8282
41	3
41	28
41	33
41	54
41	56
41	75
41	140
41	151
41	183
41	226
41	227
41	252
41	271
41	299
41	322
41	339
41	356
41	358
41	377
41	402
41	422
41	681
41	756
41	837
41	857
41	887
41	893
41	922
41	1259
41	1282
42	19
42	23
42	28
42	34
42	50
42	54
42	55
42	56
42	75
42	80
42	105
42	178
42	214
42	219
42	243
42	250
42	252
42	259
42	271
42	274
42	286
42	298
42	299
42	302
42	348
42	356
42	377
42	378
42	391
42	396
42	407
42	415
42	545
42	549
42	564
42	656
42	658
42	710
42	743
42	748
42	756
42	810
42	817
42	823
42	853
42	907
42	908
42	975
42	993
42	1024
42	1026
42	1053
42	1075
42	1123
42	1127
42	1200
42	1234
42	1353
42	1464
42	1465
42	1476
42	1497
42	1548
42	1604
42	1717
42	1783
42	1903
42	1977
42	1997
42	2004
42	2128
42	2157
42	2181
42	2241
42	2475
42	2504
42	2625
42	3026
42	3136
42	3352
42	3408
42	4261
42	4709
42	5423
42	5775
42	6437
42	6458
42	7108
42	8287
43	54
43	182
43	857
43	918
44	15
44	54
44	147
44	154
44	214
44	224
44	259
44	372
44	390
44	391
44	465
44	908
44	947
44	966
44	1111
44	1186
44	1717
44	1855
44	1857
44	1919
44	1920
44	1953
44	1956
44	2066
44	2157
44	2345
44	2508
44	2516
44	2643
44	2652
44	3028
44	3813
44	4687
44	4795
44	4875
44	5055
44	5254
44	5439
44	6262
44	6306
44	6432
44	6437
44	7092
44	8295
45	8
45	54
45	55
45	299
45	871
45	1441
45	1507
45	1513
46	3
46	36
46	54
46	56
46	132
46	150
46	152
46	182
46	204
46	214
46	224
46	252
46	255
46	271
46	280
46	282
46	286
46	300
46	301
46	325
46	348
46	368
46	370
46	371
46	377
46	378
46	379
46	391
46	394
46	396
46	402
46	407
46	428
46	431
46	564
46	566
46	590
46	609
46	624
46	656
46	664
46	681
46	704
46	715
46	749
46	838
46	844
46	857
46	991
46	993
46	1279
46	1425
46	1542
46	1565
46	1593
46	1758
46	3435
46	3506
46	8287
47	3
47	8
47	10
47	19
47	28
47	39
47	50
47	54
47	55
47	56
47	61
47	72
47	80
47	93
47	94
47	127
47	135
47	140
47	151
47	152
47	154
47	163
47	168
47	178
47	182
47	214
47	216
47	226
47	243
47	250
47	252
47	257
47	271
47	274
47	282
47	286
47	290
47	299
47	300
47	302
47	304
47	317
47	322
47	324
47	334
47	356
47	389
47	402
47	405
47	415
47	427
47	428
47	431
47	435
47	447
47	545
47	560
47	609
47	644
47	656
47	664
47	667
47	675
47	704
47	739
47	756
47	761
47	789
47	820
47	844
47	857
47	935
47	958
47	989
47	993
47	1111
47	1186
47	1211
47	1236
47	1248
47	1284
47	1285
47	1286
47	1297
47	1300
47	1307
47	1378
47	1420
47	1453
47	1514
47	1564
47	1573
47	1585
47	1603
47	1717
47	1723
47	1726
47	1787
47	1855
47	1859
47	1884
47	1956
47	1965
47	1966
47	1983
47	2007
47	2062
47	2066
47	2079
47	2091
47	2185
47	2193
47	2240
47	2397
47	2398
47	2409
47	2470
47	2485
47	2506
47	2565
47	2754
47	2777
47	2871
47	2900
47	2955
47	3136
47	3352
47	3631
47	3720
47	3755
47	3803
47	3897
47	3946
47	4037
47	4058
47	4189
47	4256
47	4735
47	5254
47	5412
47	5922
47	6227
47	6875
47	8212
47	8282
47	8294
48	28
48	54
48	86
48	94
48	168
48	214
48	250
48	252
48	271
48	282
48	299
48	310
48	356
48	391
48	421
48	564
48	664
48	817
48	878
48	1211
48	1864
49	28
49	54
49	214
49	363
49	370
49	396
49	517
49	664
49	749
49	762
49	1031
49	1123
49	1211
49	1550
49	2643
50	23
50	28
50	54
50	61
50	154
50	216
50	219
50	250
50	252
50	257
50	261
50	271
50	273
50	299
51	33
51	39
51	54
51	55
51	56
51	72
51	80
51	93
51	175
51	214
51	246
51	271
51	280
51	299
51	325
51	589
51	609
51	611
51	656
51	739
51	750
51	756
51	791
51	893
52	54
53	15
53	28
53	54
53	274
53	806
53	857
53	1744
53	2114
53	2324
53	2535
53	2657
53	2686
53	2774
53	2900
53	3192
53	3276
53	3352
53	3568
53	3646
53	3650
53	3717
53	3755
53	3812
53	4011
53	4088
53	4099
53	4162
53	4183
53	4191
53	4235
53	4335
53	4389
53	4666
53	4735
53	4764
53	5079
53	5640
53	5804
53	5998
29	3
29	8
29	10
29	23
29	28
29	33
29	39
29	50
29	54
29	55
29	56
29	75
29	86
29	93
29	95
29	105
29	127
29	130
29	140
29	147
29	150
29	151
29	152
29	154
29	183
29	214
29	228
29	243
29	246
29	252
29	259
29	261
29	271
29	273
29	274
29	282
29	286
29	299
29	300
29	308
29	313
29	317
29	322
29	348
29	356
29	358
29	362
29	389
29	391
29	394
29	396
29	402
29	406
29	407
29	415
29	428
29	435
29	439
29	524
29	538
29	549
29	587
29	589
29	600
29	604
29	611
29	627
29	656
29	659
29	665
29	667
29	668
29	670
29	673
29	674
29	677
29	681
29	684
29	700
29	704
29	715
29	719
29	722
29	730
29	733
29	739
29	756
29	761
29	789
29	810
29	829
29	837
29	838
29	840
29	857
29	863
29	866
29	868
29	878
29	882
29	893
29	895
29	904
29	918
29	929
29	932
29	934
29	936
29	938
29	942
29	956
29	958
29	966
29	1014
29	1026
29	1053
29	1061
29	1080
29	1131
29	1297
29	1307
29	1548
29	1549
29	1772
29	2252
29	2273
29	2565
29	3643
29	3717
29	3720
29	3843
29	4011
29	4021
29	4088
29	4103
29	4666
29	5404
29	5545
29	5582
29	5922
29	6198
29	6498
29	6503
29	6913
29	6946
29	7040
29	7052
29	7119
29	7295
29	8294
55	6
55	8
55	28
55	29
55	36
55	38
55	56
55	61
55	75
55	80
55	86
55	94
55	135
55	144
55	152
55	214
55	216
55	243
55	250
55	252
55	271
55	282
55	299
55	302
55	304
55	308
55	313
55	317
55	321
55	325
55	348
55	356
55	370
55	373
55	379
55	402
55	407
55	439
55	447
55	488
55	514
55	549
55	673
55	682
55	696
55	697
55	714
55	730
55	733
55	739
55	761
55	784
55	793
55	795
55	918
55	942
55	956
55	958
55	1014
55	1020
55	1030
55	1080
55	1123
55	1432
56	6
56	28
56	49
56	61
56	105
56	152
56	175
56	192
56	214
56	368
56	415
56	515
56	622
56	750
56	762
56	1077
56	1211
56	1549
56	2151
56	2211
56	2323
56	2651
56	8287
56	8290
57	55
57	61
57	228
57	271
57	299
57	415
57	549
57	656
57	673
57	675
57	756
57	789
57	817
58	15
58	23
58	28
58	50
58	55
58	61
58	75
58	80
58	89
58	93
58	94
58	127
58	132
58	144
58	154
58	163
58	167
58	183
58	257
58	271
58	274
58	290
58	299
58	310
58	322
58	325
58	853
58	1186
58	1697
58	1966
58	2345
58	2877
58	5079
58	5254
58	5378
58	5412
58	6044
58	8237
59	3
59	15
59	28
59	33
59	49
59	56
59	61
59	86
59	152
59	167
59	168
59	204
59	214
59	219
59	228
59	252
59	271
59	298
59	370
59	371
59	372
59	377
59	378
59	391
59	407
59	417
59	421
59	425
59	431
59	549
59	564
59	584
59	600
59	643
59	723
59	733
59	763
59	861
59	895
59	928
59	935
59	937
59	959
59	1000
59	1034
59	1125
59	1131
59	1152
59	1201
59	1230
59	1315
59	1357
59	1396
59	1416
59	1464
59	1476
59	1484
59	1595
59	1604
59	1633
59	1781
59	1808
59	1836
59	1842
59	1893
59	1918
59	2062
59	2066
59	2174
59	2345
59	2371
59	2375
59	2397
59	2400
59	2470
59	2547
59	2550
59	2560
59	2724
59	2727
59	2922
59	2946
59	2955
59	2963
59	2966
59	2972
59	2977
59	2979
59	3015
59	3408
59	3807
59	5404
59	5624
59	6166
60	61
60	1374
60	1521
60	1717
60	1726
60	1956
60	2252
60	2625
60	7624
62	6
62	243
62	280
62	363
62	370
62	415
62	606
62	607
62	609
62	611
62	2091
62	2092
62	2095
62	2185
62	2193
62	2247
62	2470
27	6
27	15
27	19
27	28
27	34
27	55
27	93
27	132
27	135
27	140
27	144
27	152
27	153
27	167
27	175
27	182
27	183
27	216
27	219
27	226
27	243
27	271
27	274
27	280
27	282
27	301
27	302
27	306
27	310
27	319
27	325
27	348
27	362
27	370
27	371
27	373
27	377
27	379
27	390
27	394
27	396
27	402
27	422
27	427
27	433
27	435
27	566
27	567
27	584
27	586
27	590
27	604
27	606
27	609
27	613
27	616
27	624
27	627
27	628
27	631
27	636
27	645
27	656
27	664
27	667
27	668
27	670
27	673
27	681
27	684
27	687
27	700
27	719
27	737
27	741
27	743
27	746
27	748
27	866
27	1092
27	2369
27	2398
27	2696
27	2917
27	3456
27	3537
27	3643
27	4044
27	4189
27	4191
27	4335
27	4400
27	4448
27	4715
27	4828
27	5210
27	5254
27	5412
27	5459
27	5743
27	5844
27	6246
63	6
64	6
65	6
65	89
66	6
66	28
66	55
66	56
66	152
66	183
66	282
66	302
66	338
66	359
66	394
66	402
66	600
66	607
66	665
66	756
66	784
66	977
66	1012
66	1026
66	1075
66	1131
66	1193
66	1267
66	1717
66	1729
66	2014
66	2062
66	2117
66	2193
66	2237
66	2470
66	2625
66	2651
66	2799
66	3352
66	3464
66	3680
66	3803
66	4588
66	4687
66	5529
66	5614
66	7961
72	8
72	15
72	28
72	39
72	56
72	89
72	144
72	152
72	178
72	182
72	204
72	226
72	232
72	236
72	243
72	261
72	271
72	282
72	299
72	313
72	321
72	322
72	325
72	341
72	356
72	370
72	371
72	407
72	422
72	427
72	431
72	432
72	435
72	439
72	440
72	514
72	549
72	566
72	567
72	584
72	586
72	589
72	590
72	592
72	600
72	636
72	637
72	659
72	663
72	667
72	697
72	704
72	714
72	719
72	730
72	733
72	739
72	756
72	761
72	762
72	789
72	794
72	802
72	820
72	844
72	857
72	881
72	885
72	895
72	896
72	943
72	946
72	947
72	959
72	966
72	972
72	975
72	989
72	991
72	993
72	1007
72	1023
72	1026
72	1031
72	1035
72	1053
72	1062
72	1123
72	1131
72	1156
72	1193
72	1211
72	1279
72	1310
72	1319
72	1352
72	1378
72	1394
72	1396
72	1538
72	1549
72	1573
72	1597
72	1621
72	1622
72	1637
72	1717
72	1718
72	1842
72	1848
72	1982
72	2066
72	2398
72	2535
72	2565
72	2774
72	2775
72	3136
72	3164
72	3238
72	3276
72	3291
72	3334
72	3352
72	3443
72	3459
72	3479
72	3498
72	3607
72	3970
72	4037
72	4098
72	4099
72	4276
72	4335
72	4994
72	5022
72	5061
72	5079
72	5254
72	5321
72	5459
72	5511
72	5524
72	5683
72	6004
72	6229
72	6437
72	6566
72	6715
72	6774
72	6790
72	6832
72	6833
72	6855
72	6979
72	7050
72	7279
72	7478
72	7620
72	7632
72	8042
72	8128
72	8295
73	3
73	8
73	28
73	75
73	95
73	152
73	214
73	243
73	274
73	299
73	363
73	378
73	394
75	8
75	28
75	32
75	56
75	94
75	152
75	154
75	192
75	246
75	299
75	370
75	514
75	515
75	545
75	549
75	600
75	739
75	756
75	771
75	928
75	1077
75	1186
75	1243
75	1248
75	1861
75	1864
75	1884
75	1956
75	3755
75	8284
75	8285
76	8
76	514
78	8
78	28
78	49
78	56
78	144
78	214
78	258
78	261
78	300
78	302
78	368
78	377
78	378
78	379
78	390
78	391
78	392
78	396
78	415
78	419
78	421
78	422
78	428
78	431
78	433
78	517
78	524
78	566
78	567
78	659
78	793
78	857
78	1192
78	1211
78	1464
78	1513
78	1514
78	1652
78	1654
78	1662
78	8287
79	8
79	29
79	50
79	55
79	75
79	93
79	94
79	153
79	167
79	192
79	214
79	236
79	243
79	252
79	271
79	299
79	302
79	311
79	313
79	341
79	356
79	370
79	391
79	407
79	435
79	477
79	514
79	515
79	600
79	637
79	659
79	697
79	704
79	733
79	756
79	784
79	789
79	817
79	857
79	864
79	875
79	878
79	893
79	930
79	934
79	955
79	958
79	979
79	1014
79	1020
79	1053
79	8284
79	8287
77	8
77	28
77	49
77	108
77	130
77	175
77	214
77	219
77	271
77	299
77	363
77	524
77	604
77	624
77	644
77	700
77	868
77	878
77	1185
77	1193
77	1372
77	1550
77	1563
77	1816
77	3812
80	8
80	29
80	33
80	50
80	55
80	75
80	86
80	144
80	150
80	151
80	168
80	236
80	252
80	255
80	271
80	280
80	282
80	299
80	304
80	310
80	311
80	319
80	322
80	325
80	339
80	356
80	370
80	402
80	433
80	439
80	560
80	590
80	600
80	619
80	631
80	636
80	643
80	656
80	657
80	658
80	664
80	675
80	681
80	684
80	719
80	723
80	725
80	730
80	733
80	739
80	746
80	756
80	779
80	789
80	798
80	817
80	857
80	945
80	1026
81	8
81	28
81	32
81	55
81	93
81	105
81	175
81	192
81	214
81	273
81	299
81	477
81	506
81	517
81	524
81	1157
81	1218
81	8287
83	33
83	371
83	517
83	1384
83	1385
83	1749
83	2963
83	8287
91	33
91	55
67	33
67	56
67	75
67	132
67	153
67	178
67	192
67	214
67	274
67	282
67	299
67	356
67	391
67	405
67	515
67	756
67	2508
84	33
85	33
86	15
86	33
86	35
86	50
86	55
86	56
86	150
86	214
86	228
86	243
86	259
86	271
86	282
86	299
86	304
86	308
86	313
86	325
86	332
86	391
86	405
86	407
86	415
86	428
86	439
86	447
86	538
86	549
86	564
86	600
86	626
86	674
86	696
86	719
86	733
86	750
86	756
86	761
86	762
86	794
86	795
86	820
86	857
86	866
86	878
86	893
86	895
86	908
86	913
86	918
86	932
86	937
86	972
86	981
86	989
86	991
86	1007
86	1014
86	1026
86	1131
86	1186
86	1234
86	1248
86	1297
86	1305
86	1432
86	1514
86	1525
86	1569
86	1585
86	1672
86	1718
86	1835
86	1855
86	1857
86	1859
86	1987
86	2016
86	2128
86	2157
86	2160
86	2354
86	2397
86	2409
86	2570
86	2576
86	2643
86	2754
86	2763
86	2775
86	2799
86	2809
86	2923
86	3050
86	3092
86	3136
86	3310
86	3443
86	3529
86	3537
86	3576
86	3681
86	3897
86	3970
86	4055
86	4099
86	4247
86	4338
86	4687
86	4719
86	4828
86	4962
86	5028
86	5421
86	5449
86	5936
86	6094
86	6327
86	6914
86	6930
86	7553
86	8291
71	19
71	33
71	35
71	50
71	55
71	75
71	80
71	86
71	93
71	94
71	144
71	151
71	168
71	214
71	226
71	228
71	236
71	257
71	271
71	299
71	319
71	356
71	370
71	391
71	402
71	415
71	427
71	435
71	439
71	447
71	549
71	560
71	564
71	600
71	631
71	706
71	762
71	789
71	895
71	908
71	937
71	963
71	971
71	989
71	1014
71	1026
71	1034
71	1248
71	1297
71	1357
71	1453
71	1465
71	1497
71	1513
71	1518
71	1549
71	1573
71	1585
71	1593
71	1636
71	1811
71	1859
71	1915
71	1918
71	1956
71	1966
71	2095
71	2106
71	2114
71	2210
71	2328
71	2398
71	2400
71	2409
71	2535
71	2646
71	2763
71	2775
71	2801
71	2946
71	2972
71	3027
71	3334
71	3352
71	3529
71	3562
71	3576
71	3635
71	3681
71	3800
71	3804
71	3892
71	3897
71	3970
71	4037
71	4735
71	4780
71	5058
71	5079
71	5254
71	5421
71	5449
71	5671
71	5714
71	6094
71	6327
71	6914
71	7809
71	7921
87	8
87	15
87	28
87	29
87	33
87	35
87	36
87	55
87	56
87	72
87	75
87	86
87	150
87	151
87	154
87	183
87	192
87	204
87	259
87	271
87	282
87	290
87	299
87	304
87	313
87	317
87	348
87	363
87	372
87	396
87	407
87	439
87	515
87	545
87	549
87	579
87	600
87	608
87	647
87	656
87	658
87	667
87	696
87	704
87	737
87	756
87	761
87	762
87	765
87	771
87	789
87	837
87	913
87	928
87	932
87	958
87	963
87	978
87	989
87	999
87	1022
87	1026
87	1053
87	1055
87	1092
87	1123
87	1131
87	1193
87	1199
87	1248
87	1279
87	1297
87	1307
87	1330
87	1352
87	1382
87	1411
87	1413
87	1484
87	1549
87	1573
87	1585
87	1604
87	1717
87	1718
87	1847
87	1855
87	1956
87	1965
87	2053
87	2066
87	2256
87	2264
87	2354
87	2398
87	2456
87	2535
87	2565
87	2576
87	2623
87	2754
87	2764
87	2774
87	2790
87	2801
87	2900
87	2925
87	3027
87	3117
87	3192
87	3238
87	3276
87	3334
87	3352
87	3443
87	3453
87	3460
87	3464
87	3473
87	3479
87	3516
87	3873
87	3892
87	3897
87	3912
87	3962
87	4037
87	4078
87	4099
87	4110
87	4124
87	4191
87	4332
87	4338
87	4400
87	4453
87	4485
87	4510
87	4632
87	4687
87	4712
87	4715
87	4735
87	4748
87	5020
87	5022
87	5028
87	5055
87	5072
87	5200
87	5210
87	5254
87	5308
87	5392
87	5412
87	5415
87	5421
87	5439
87	5449
87	5459
87	5484
87	5584
87	5630
87	5683
87	5684
87	5697
87	5732
87	5737
87	5775
87	5790
87	5798
87	5804
87	5963
87	6006
87	6156
87	6174
87	6296
87	6337
87	6400
87	6407
87	6437
87	6441
87	6458
87	6496
87	6553
87	6737
87	6930
87	7381
87	7478
87	7649
87	7662
87	8141
87	8174
87	8212
87	8287
88	33
89	15
89	33
89	35
89	56
89	86
89	151
89	153
89	168
89	243
89	271
89	310
89	545
89	682
89	756
89	1020
89	1026
89	1031
89	1192
89	1270
89	1425
89	1612
89	2144
89	2145
89	2328
89	2657
89	2991
89	3404
89	3921
89	3974
90	15
90	23
90	28
90	29
90	33
90	35
90	39
90	55
90	72
90	75
90	86
90	171
90	204
90	214
90	243
90	252
90	271
90	290
90	308
90	321
90	338
90	407
90	417
90	439
90	477
90	549
90	559
90	560
90	600
90	644
90	733
90	737
90	749
90	750
90	756
90	761
90	820
90	932
90	958
90	994
90	1007
90	1124
90	1128
90	1131
90	1234
90	1305
90	1468
90	1569
90	1596
90	1628
90	1637
90	1638
90	1956
90	2193
90	2384
90	2398
90	2760
90	3014
90	3027
90	3034
90	3309
90	3352
90	3435
90	3897
90	3958
90	4191
90	4335
90	4666
90	4735
90	5412
90	5449
90	8287
93	153
92	93
92	105
92	168
92	300
92	302
82	93
94	3
94	19
94	23
94	28
94	39
94	56
94	80
94	86
94	93
94	127
94	130
94	132
94	147
94	150
94	151
94	152
94	175
94	183
94	214
94	219
94	224
94	243
94	250
94	252
94	257
94	258
94	261
94	271
94	273
94	274
94	282
94	286
94	299
94	301
94	302
94	304
94	322
94	324
94	325
94	348
94	349
94	356
94	370
94	389
94	402
94	405
94	415
94	549
94	613
94	616
94	628
94	631
94	656
94	659
94	663
94	668
94	715
94	739
94	756
94	779
94	789
94	798
94	857
94	859
94	873
94	937
94	1053
94	1123
94	1186
94	1201
94	1243
94	1956
94	2062
94	2128
94	2237
94	2499
94	2643
94	3034
94	3089
94	8282
95	10
95	108
99	10
99	271
99	1498
99	2565
99	3293
99	3371
99	4071
99	5022
99	5055
99	5412
99	5812
99	6560
99	6592
99	6634
99	6737
99	6765
99	6774
99	6918
99	7574
99	7588
99	7632
99	7803
99	8132
99	8237
96	10
96	28
100	10
100	34
100	232
100	378
100	560
98	10
98	56
98	86
98	228
98	514
98	664
98	966
98	3002
31	28
31	49
31	75
31	95
31	230
31	322
31	405
31	506
31	517
31	857
31	1402
31	2348
31	8285
31	8286
31	8287
102	95
102	108
102	813
102	1232
102	1437
103	28
103	75
103	80
103	95
103	144
103	167
103	182
103	192
103	255
103	271
103	299
103	302
103	306
103	370
103	391
103	506
103	579
103	600
103	656
103	657
103	665
103	667
103	681
103	687
103	700
103	719
103	739
103	741
103	746
103	761
103	1669
103	1706
103	1982
103	2014
103	2398
103	2589
103	2667
103	2686
103	2775
103	2851
103	2871
103	2922
103	3537
103	4191
103	4536
103	4666
103	4808
103	4929
103	4944
103	5412
103	5452
103	5503
103	5671
103	5800
103	5822
103	5872
103	6097
103	6327
103	6589
103	6624
103	6665
103	6832
103	6946
103	6967
103	7074
103	7381
103	7553
103	7618
115	95
115	108
115	506
116	95
116	756
104	28
104	55
104	75
104	94
104	95
104	150
104	152
104	178
104	214
104	243
104	252
104	282
104	299
104	302
104	308
104	356
104	368
104	377
104	396
104	477
104	515
104	664
104	667
104	955
104	1077
104	1100
104	1103
104	1192
104	5022
104	8287
105	94
105	95
105	677
106	28
106	55
106	95
106	299
106	579
106	1211
106	1595
106	2211
106	3033
68	8
68	15
68	32
68	56
68	72
68	75
68	95
68	127
68	130
68	271
68	290
68	368
68	379
68	465
68	608
68	650
68	700
68	762
68	771
68	825
68	1026
68	1157
68	1159
68	1239
68	1352
68	1374
68	1437
68	1498
68	1549
68	1592
68	1633
68	1637
68	1646
68	1680
68	1688
68	1706
68	1792
68	1855
68	1919
68	2001
68	2066
68	2072
68	2102
68	2134
68	2160
68	2174
68	2209
68	2237
68	2264
68	2276
68	2307
68	2325
68	2328
68	2338
68	2354
68	2371
68	2440
68	2535
68	2565
68	2576
68	2579
68	2587
68	2593
68	2597
68	2612
68	2618
68	2643
68	2653
68	2654
68	2697
68	2708
68	2760
68	2764
68	2765
68	2774
68	2775
68	2809
68	2814
68	2859
68	2871
68	2877
68	2900
68	2912
68	2951
68	2973
68	3014
68	3018
68	3021
68	3024
68	3026
68	3028
68	3034
68	3050
68	3056
68	3084
68	3089
68	3117
68	3145
68	3150
68	3192
68	3238
68	3258
68	3276
68	3307
68	3313
68	3334
68	3351
68	3352
68	3371
68	3376
68	3435
68	3439
68	3443
68	3454
68	3459
68	3473
68	3489
68	3498
68	3506
68	3537
68	3557
68	3586
68	3607
68	3614
68	3634
68	3635
68	3643
68	3661
68	3691
68	3806
68	3807
68	3816
68	3892
68	3897
68	3946
68	3949
68	3958
68	3980
68	4013
68	4024
68	4037
68	4040
68	4051
68	4055
68	4065
68	4099
68	4111
68	4124
68	4162
68	4179
68	4201
68	4211
68	4212
68	4231
68	4247
68	4290
68	4310
68	4335
68	4338
68	4351
68	4373
68	4453
68	4485
68	4536
68	4574
68	4584
68	4587
68	4588
68	4604
68	4613
68	4631
68	4791
68	4795
68	4828
68	4875
68	4884
68	4896
68	4944
68	4981
68	5002
68	5022
68	5061
68	5079
68	5096
68	5123
68	5179
68	5188
68	5210
68	5226
68	5233
68	5245
68	5254
68	5262
68	5288
68	5323
68	5351
68	5404
68	5412
68	5415
68	5423
68	5430
68	5437
68	5445
68	5449
68	5457
68	5459
68	5463
68	5484
68	5524
68	5527
68	5543
68	5545
68	5605
68	5620
68	5637
68	5639
68	5655
68	5671
68	5680
68	5697
68	5721
68	5732
68	5745
68	5780
68	5806
68	5814
68	5839
68	5848
68	5860
68	5863
68	5886
68	5902
68	5922
68	5925
68	5933
68	5936
68	5972
68	5994
68	6083
68	6097
68	6098
68	6124
68	6130
68	6156
68	6229
68	6262
68	6306
68	6400
68	6407
68	6437
68	6505
68	6599
68	6634
68	6682
68	6774
68	6784
68	6832
68	6914
68	7063
68	7094
68	7115
68	7168
68	7233
68	7341
68	7544
68	7553
68	7620
68	7632
68	7795
68	7839
68	8051
68	8178
68	8287
68	8293
68	8295
117	95
118	95
119	95
107	95
107	477
107	517
107	8287
108	95
108	8283
109	95
109	204
109	290
109	415
109	993
109	1018
109	1074
109	1151
109	1164
109	1199
109	1234
109	1261
109	1297
109	1425
109	1468
109	1521
109	1538
109	1622
109	1628
109	1679
109	1718
109	1758
109	1816
109	1969
109	1982
109	2106
109	2160
109	2273
109	2397
109	2440
109	2511
109	2535
109	3291
109	3310
109	3334
109	3459
109	3614
109	3634
109	3752
109	3792
109	3830
109	3897
109	3962
109	4037
109	4099
109	4361
109	4401
109	4441
109	4483
109	4536
109	4632
109	4687
109	4709
109	4712
109	4715
109	4717
109	4748
109	4786
109	4795
109	4798
109	4940
109	4994
109	5002
109	5022
109	5028
109	5079
109	5096
109	5140
109	5179
109	5188
109	5200
109	5210
109	5254
109	5273
109	5295
109	5321
109	5404
109	5423
109	5465
109	5479
109	5484
109	5524
109	5543
109	5563
109	5596
109	5626
109	5697
109	5714
109	5739
109	5760
109	5798
109	5799
109	5800
109	5802
109	5804
109	5818
109	5819
109	5822
109	5824
109	5827
109	5829
109	5839
109	5871
109	5902
109	5933
109	6001
109	6006
109	6043
109	6097
109	6123
109	6156
109	6174
109	6272
109	6296
109	6306
109	6328
109	6330
109	6344
109	6376
109	6407
109	6417
109	6437
109	6442
109	6458
109	6464
109	6481
109	6505
109	6511
109	6523
109	6528
109	6529
109	6552
109	6555
109	6567
109	6576
109	6596
109	6600
109	6665
109	6699
109	6715
109	6765
109	6770
109	6774
109	6788
109	6832
109	6860
109	6901
109	6913
109	6914
109	6934
109	6946
109	6951
109	6955
109	6979
109	6980
109	7005
109	7021
109	7047
109	7052
109	7063
109	7092
109	7101
109	7115
109	7168
109	7185
109	7225
109	7280
109	7373
109	7393
109	7400
109	7414
109	7553
109	7620
109	7632
109	7649
109	7662
109	7668
109	7694
109	7757
109	7763
109	7788
109	7809
109	7810
109	7908
109	7924
109	7961
109	8042
109	8237
109	8291
109	8297
110	29
110	49
110	95
110	108
110	175
110	228
110	271
110	282
110	304
110	306
110	310
110	313
110	317
110	322
110	429
110	477
110	488
110	506
110	517
110	524
110	613
110	616
110	617
110	622
110	643
110	656
110	658
110	665
110	667
110	670
110	674
110	677
110	682
110	705
110	722
110	730
110	733
110	744
110	789
110	794
110	810
110	837
110	838
110	839
110	844
110	857
110	859
110	863
110	866
110	868
110	881
110	882
110	885
110	893
110	895
110	897
110	904
110	918
110	929
110	930
110	932
110	934
110	936
110	937
110	942
110	945
110	955
110	966
110	972
110	979
110	981
110	989
110	991
110	1007
110	1014
110	1092
110	1191
110	1492
110	1700
110	1836
110	1842
110	1964
110	2193
110	2397
110	2400
110	2426
110	4435
110	4981
110	5079
110	7005
110	7855
110	7862
110	8285
110	8287
110	8288
111	3
111	39
111	80
111	86
111	95
111	192
111	271
111	300
111	306
111	308
111	373
111	377
111	378
111	477
111	517
111	600
111	611
111	636
111	668
111	730
111	838
111	857
111	885
111	895
111	942
111	994
111	995
111	1075
111	1413
120	15
120	28
120	95
120	214
120	299
120	1186
120	1569
120	4795
112	95
121	95
121	350
121	368
121	477
121	524
121	659
121	857
121	8283
121	8285
122	15
122	95
122	152
122	204
122	403
122	417
122	465
122	608
122	737
122	765
122	825
122	856
122	974
122	1026
122	1159
122	1166
122	1239
122	1247
122	1291
122	1297
122	1385
122	1393
122	1419
122	1453
122	1549
122	1637
122	1653
122	1723
122	1729
122	1777
122	1792
122	1837
122	1965
122	1984
122	1990
122	1992
122	2014
122	2066
122	2102
122	2120
122	2135
122	2145
122	2209
122	2237
122	2240
122	2252
122	2256
122	2257
122	2289
122	2322
122	2354
122	2371
122	2375
122	2381
122	2384
122	2398
122	2411
122	2440
122	2456
122	2474
122	2485
122	2506
122	2508
122	2516
122	2517
122	2542
122	2565
122	2585
122	2597
122	2619
122	2623
122	2625
122	2646
122	2651
122	2653
122	2654
122	2657
122	2660
122	2665
122	2667
122	2685
122	2693
122	2697
122	2700
122	2747
122	2768
122	2799
122	2805
122	2809
122	2811
122	2828
122	2834
122	2900
122	2932
122	2955
122	2958
122	2963
122	2966
122	2968
122	2979
122	2981
122	3007
122	3010
122	3014
122	3024
122	3028
122	3029
122	3034
122	3059
122	3084
122	3106
122	3114
122	3117
122	3140
122	3144
122	3148
122	3173
122	3180
122	3192
122	3251
122	3253
122	3258
122	3260
122	3276
122	3291
122	3309
122	3321
122	3352
122	3393
122	3404
122	3435
122	3439
122	3443
122	3453
122	3456
122	3458
122	3480
122	3489
122	3516
122	3520
122	3537
122	3541
122	3568
122	3580
122	3587
122	3615
122	3635
122	3645
122	3646
122	3661
122	3681
122	3772
122	3776
122	3812
122	3843
122	3847
122	3871
122	3887
122	3903
122	3926
122	3958
122	3970
122	3976
122	4013
122	4043
122	4099
122	4117
122	4162
122	4191
122	4201
122	4247
122	4263
122	4266
122	4289
122	4335
122	4365
122	4384
122	4400
122	4417
122	4422
122	4453
122	4463
122	4530
122	4531
122	4578
122	4662
122	4687
122	4712
122	4719
122	4953
122	4964
122	4977
122	4999
122	5155
122	5254
122	5335
122	5392
122	5412
122	5449
122	5454
122	5459
122	5506
122	5509
122	5592
122	5651
122	5790
122	5936
122	5947
122	6498
122	7553
122	7699
122	8293
122	8294
113	8
113	15
113	28
113	29
113	32
113	56
113	75
113	94
113	95
113	132
113	140
113	152
113	214
113	219
113	228
113	243
113	290
113	339
113	370
113	405
113	428
113	439
113	524
113	686
113	722
113	744
113	762
113	817
113	829
113	838
113	849
113	859
113	868
113	893
113	959
113	981
113	1014
113	1186
113	1248
113	1297
113	1413
113	1453
113	1490
113	1513
113	1563
113	1565
113	1597
113	1633
113	1701
113	1717
113	1842
113	1855
113	2157
113	2264
113	2323
113	2339
113	2410
113	2479
113	2508
113	2576
113	2643
113	2754
113	3034
113	3144
113	3238
113	3439
113	3489
113	3537
113	3586
113	3926
113	4037
113	4820
113	4940
113	5002
113	5022
113	5072
113	5178
113	5484
113	5721
113	5886
113	5936
113	6437
113	6555
113	7651
113	7809
113	7839
113	8285
113	8287
113	8292
123	95
124	95
124	108
124	8283
114	95
130	56
130	86
130	152
130	182
130	271
130	356
130	439
130	650
130	656
130	657
130	733
130	895
130	936
126	29
126	55
126	75
126	86
126	130
126	228
126	271
126	321
126	439
126	447
126	696
126	697
126	733
126	742
126	756
126	789
126	913
126	956
126	989
126	1156
126	1186
126	1297
126	1855
126	2576
126	5022
127	3
127	15
127	28
127	35
127	130
127	144
127	152
127	178
127	204
127	228
127	232
127	252
127	259
127	261
127	271
127	282
127	290
127	325
127	332
127	346
127	379
127	402
127	417
127	431
127	435
127	549
127	584
127	601
127	607
127	616
127	650
127	656
127	700
127	737
127	762
127	805
127	849
127	893
127	956
127	974
127	978
127	982
127	1007
127	1014
127	1026
127	1100
127	1157
127	1159
127	1267
127	1297
127	1385
127	1425
127	1464
127	1744
127	1918
127	1956
127	2066
127	2072
127	2145
127	2237
127	2252
127	2290
127	2323
127	2411
127	2565
127	2576
127	2625
127	2643
127	2652
127	2654
127	2685
127	2687
127	2747
127	2754
127	2790
127	2811
127	2877
127	2928
127	2946
127	2963
127	2977
127	2999
127	3007
127	3009
127	3028
127	3034
127	3089
127	3114
127	3117
127	3180
127	3265
127	3291
127	3351
127	3352
127	3443
127	3456
127	3516
127	3520
127	3537
127	3549
127	3562
127	3567
127	3580
127	3587
127	3615
127	3680
127	3713
127	3769
127	3804
127	3897
127	3976
127	4037
127	4179
127	4234
127	4269
127	4373
127	4424
127	4453
127	4735
127	4811
127	4999
127	5254
127	5404
127	5412
127	5449
127	5928
127	6156
127	7012
127	7632
127	8178
127	8293
127	8294
128	28
128	29
128	86
128	127
128	130
128	214
128	216
128	271
128	348
128	356
128	372
128	379
128	407
128	730
128	761
128	813
128	857
128	864
128	873
128	895
128	904
128	937
128	960
128	993
128	1012
128	1164
128	1166
128	1193
128	1199
128	1234
128	1322
128	1416
128	1428
128	1476
128	1485
128	1496
128	1524
128	1538
128	1549
128	1556
128	1557
128	1613
128	1669
128	1705
128	1714
128	1730
128	1780
128	1787
128	1842
128	1855
128	1888
128	1893
128	1918
128	1950
128	1973
128	2062
128	2069
128	2137
128	2276
128	2290
128	2322
128	2340
128	2366
128	2386
128	2470
128	2625
128	2643
128	2651
128	2654
128	2768
128	2877
128	2900
128	2912
128	2966
128	3117
128	3126
128	3680
128	8290
128	8291
128	8292
129	55
129	130
129	299
129	427
132	19
132	35
132	56
132	144
132	152
132	204
132	271
132	299
132	310
132	325
132	370
132	407
132	428
132	549
132	656
132	730
132	756
132	791
132	829
132	1100
132	1151
132	1374
132	1633
132	1861
132	1864
132	1956
132	2643
132	3769
132	5321
133	135
133	144
133	348
133	349
133	362
133	370
133	373
133	391
133	402
133	7632
134	144
134	601
135	144
135	255
135	310
135	394
135	402
135	589
135	656
136	15
136	19
136	56
136	80
136	132
136	144
136	150
136	178
136	204
136	232
136	243
136	258
136	261
136	349
136	356
136	389
136	431
136	440
136	584
136	739
136	761
136	1211
136	1234
136	1493
136	1549
136	1564
136	1622
136	1633
136	1893
136	1918
136	1956
136	1982
136	1984
136	2066
136	2151
136	2398
136	2535
136	3005
136	3164
136	3297
136	3346
136	3897
136	3919
136	4037
136	4099
136	4191
136	4335
136	4412
136	4530
136	4536
136	4713
136	4717
136	4786
136	4795
136	5140
136	5445
136	5482
136	5484
136	5529
136	5596
136	5683
136	5738
136	5739
136	5824
136	5844
136	5871
136	5872
136	5936
136	5950
136	5980
136	6000
136	6006
136	6262
136	6299
136	6330
136	6441
136	6472
136	6498
136	6505
136	6560
136	6628
136	6634
136	6670
136	6707
136	6725
136	6739
136	6777
136	6805
136	6855
136	6913
136	6938
136	6953
136	6997
136	7050
136	7054
136	7301
136	7442
136	7553
136	7620
137	144
138	3
138	19
138	28
138	36
138	55
138	86
138	89
138	132
138	144
138	151
138	153
138	163
138	168
138	224
138	228
138	236
138	250
138	252
138	255
138	259
138	271
138	274
138	282
138	298
138	308
138	317
138	370
138	373
138	439
138	440
138	488
138	560
138	566
138	590
138	592
138	600
138	637
138	656
138	659
138	663
138	668
138	673
138	681
138	719
138	723
138	730
138	746
138	749
138	798
138	806
138	817
138	849
138	857
138	863
138	868
138	871
138	875
138	941
138	971
138	1125
138	1186
138	1190
138	1192
138	1193
138	1375
138	1413
138	1597
138	1718
138	1726
138	1842
138	2777
138	4661
139	3
139	8
139	28
139	49
139	75
139	86
139	144
139	192
139	228
139	246
139	252
139	271
139	282
139	299
139	302
139	322
139	439
139	440
139	611
139	681
139	741
139	743
139	748
139	756
139	760
139	793
139	802
139	806
139	822
139	829
139	849
139	895
139	958
139	1507
139	2790
139	5459
139	8288
140	34
140	39
140	56
140	80
140	135
140	144
140	226
140	258
140	282
140	339
140	341
140	348
140	349
140	356
140	358
140	359
140	363
140	370
140	379
140	389
140	390
140	396
140	402
140	415
140	428
140	431
140	435
140	590
140	592
140	606
141	144
142	34
142	144
142	147
142	182
142	243
142	271
142	299
142	300
142	301
142	302
142	349
142	359
142	363
142	370
142	371
142	389
142	402
142	407
142	432
142	579
142	682
142	700
142	1014
142	1648
142	1661
143	3
143	19
143	28
143	29
143	35
143	36
143	80
143	132
143	135
143	144
143	171
143	182
143	183
143	204
143	214
143	216
143	226
143	250
143	252
143	271
143	274
143	298
143	299
143	301
143	313
143	317
143	334
143	339
143	363
143	370
143	373
143	377
143	378
143	379
143	390
143	391
143	394
143	396
143	402
143	432
143	559
143	566
143	567
143	590
143	633
143	644
143	647
143	697
143	704
143	710
143	762
143	805
143	817
143	871
143	887
143	918
143	960
143	972
143	991
143	995
143	1032
143	1062
143	1075
143	1211
143	1279
143	1297
143	1330
143	1413
143	1439
143	1476
143	1506
143	1569
143	1573
143	1593
143	1893
143	2135
143	2329
143	2341
143	2474
143	2620
143	2625
143	3631
143	3803
143	4037
143	5288
143	5800
143	5822
143	6004
143	6156
143	6600
143	6634
143	6770
143	6784
143	6979
147	28
147	271
147	304
147	310
147	311
147	319
147	682
147	704
147	737
147	794
147	798
147	820
147	937
147	958
147	966
147	993
147	994
147	1007
147	1014
147	1026
147	1137
147	1185
147	1315
147	1357
147	1378
147	1407
147	1453
147	1566
147	1678
147	1705
147	1729
147	1730
147	1754
147	1955
147	2016
147	2095
147	2341
147	2371
147	2485
147	2516
147	2570
147	2579
147	2801
147	2819
147	2955
147	3026
147	3056
147	3059
147	3643
147	3787
147	3970
147	4310
147	4365
147	4384
147	5412
147	5430
147	7092
147	8295
145	147
145	214
145	271
145	391
145	626
145	717
145	769
145	1080
145	1248
145	1297
145	1321
145	1377
145	1484
145	1485
145	1569
145	1633
145	5189
145	6720
146	147
151	28
151	29
151	80
151	86
151	171
151	182
151	228
151	236
151	246
151	271
151	308
151	322
151	338
151	402
151	407
151	549
151	637
151	643
151	659
151	663
151	682
151	707
151	719
151	723
151	733
151	749
151	762
151	806
151	837
151	844
151	857
151	863
151	878
151	887
151	893
151	895
151	897
151	906
151	913
151	918
151	930
151	936
151	938
151	941
151	942
151	945
151	955
151	956
151	958
151	966
151	972
151	989
151	994
151	1123
151	1125
151	1128
151	1140
151	1141
151	1248
151	1416
151	1471
151	1489
151	1520
151	1633
151	1638
151	1648
151	1649
151	1652
151	1654
151	1661
151	1662
151	2508
151	3970
151	8288
149	151
152	28
152	35
152	50
152	55
152	56
152	75
152	182
152	192
152	214
152	252
152	514
152	567
152	581
152	586
152	589
152	656
152	665
152	667
152	677
152	1077
152	8287
153	50
154	15
154	23
154	28
154	29
154	39
154	50
154	80
154	151
154	153
154	168
154	171
154	178
154	204
154	224
154	243
154	252
154	282
154	304
154	306
154	308
154	310
154	322
154	348
154	370
154	377
154	402
154	405
154	407
154	415
154	439
154	549
154	609
154	617
154	636
154	733
154	750
154	795
154	829
154	857
154	895
154	958
154	989
154	1053
154	1123
154	1211
154	1279
154	1297
154	1413
154	1464
154	1514
154	1628
154	1718
154	1956
154	2151
154	2339
154	4310
154	4531
154	4875
154	5886
154	7050
154	8282
155	15
155	50
155	75
155	89
155	105
155	214
155	928
155	2398
155	3459
155	5079
155	5529
155	5745
155	6665
155	6923
155	6993
155	7116
155	7400
155	7493
155	7587
155	7604
155	7647
155	7648
155	7651
155	7652
155	7672
155	7701
155	7921
155	7927
156	50
156	163
156	168
156	259
157	23
157	29
157	50
157	56
157	140
157	182
157	204
157	243
157	271
157	290
157	311
157	313
157	325
157	396
157	407
157	435
157	626
157	663
157	696
157	697
157	704
157	707
157	743
157	756
157	762
157	857
157	885
157	893
157	955
157	966
157	994
157	1014
157	1053
157	1055
157	1114
157	1123
157	1156
157	1166
157	1297
157	1487
157	1556
157	2657
157	2979
157	3506
158	28
158	75
158	152
158	153
158	477
158	514
158	1439
159	153
160	153
161	28
161	55
161	75
161	153
161	154
161	299
161	334
161	677
161	941
161	963
161	978
161	989
161	1127
161	1131
161	1201
161	1232
161	1240
161	1418
161	1425
161	1435
161	1484
161	1585
161	1633
161	1718
161	1754
161	2151
161	2474
161	2579
161	2619
161	2625
161	2801
161	3429
162	89
162	168
162	246
162	300
163	271
163	1284
163	1285
163	1286
163	1726
163	1965
163	2871
163	6691
163	6875
165	39
165	152
165	167
168	299
168	302
168	663
168	742
168	789
168	857
168	875
168	993
168	3027
171	23
171	35
171	227
171	230
171	299
171	432
171	545
171	559
171	575
171	579
171	644
171	663
171	705
171	762
171	803
171	853
171	857
171	887
171	904
171	907
171	930
171	960
171	982
171	1000
171	1022
171	1035
171	1043
171	1062
171	1125
171	1140
171	1152
171	1154
171	1156
171	1186
171	1190
171	1192
171	1193
171	1196
171	1211
171	1218
171	1220
171	1240
171	1241
171	1259
171	1286
171	1297
171	1330
171	1382
171	1389
171	1394
171	1402
171	1413
171	1464
171	1476
171	1484
171	1487
171	1501
171	1524
171	1532
171	1549
171	1556
171	1619
171	1638
171	1689
171	1692
171	1726
171	1746
171	1768
171	1771
171	4689
172	23
172	214
172	246
172	285
172	290
172	391
172	417
172	477
172	743
172	744
172	756
172	761
172	762
172	856
172	873
172	878
172	975
172	993
172	1012
172	1166
172	1211
172	1243
172	1267
172	1297
172	1357
172	1374
172	1384
172	1549
172	1571
172	1633
172	1679
172	1717
172	1734
172	1754
172	1757
172	1792
172	1814
172	1919
172	1972
172	2016
172	2062
172	2066
172	2135
172	2211
172	2225
172	2240
172	2273
172	2297
172	2307
172	2323
172	2324
172	2325
172	2338
172	2345
172	2348
172	2356
172	2385
172	2397
172	2398
172	2411
172	2470
172	2508
172	2510
172	2542
172	2550
172	2576
172	2623
172	2625
172	2651
172	2653
172	2654
172	2660
172	2662
172	2686
172	2693
172	2700
172	2708
172	2724
172	2819
172	2830
172	2859
172	2951
172	2958
172	2966
172	2973
172	3009
172	3018
172	3020
172	3030
172	3089
172	3099
172	3117
172	3126
172	3140
172	3150
172	3164
172	3173
172	3243
172	3251
172	3253
172	3307
172	3338
172	3371
172	3408
172	3435
172	3473
172	3489
172	3506
172	3516
172	3529
172	3580
172	3587
172	3614
172	3670
172	3812
172	3892
172	4798
172	4994
172	6441
172	6498
172	6634
172	8291
172	8293
175	55
173	15
173	35
173	86
173	175
173	214
173	227
173	230
173	259
173	271
173	298
173	299
173	304
173	311
173	313
173	314
173	317
173	321
173	322
173	334
173	346
173	372
173	415
173	432
173	447
173	559
173	560
173	575
173	579
173	587
173	600
173	626
173	644
173	647
173	665
173	691
173	697
173	704
173	733
173	742
173	762
173	763
173	764
173	769
173	771
173	789
173	794
173	803
173	805
173	813
173	817
173	820
173	823
173	836
173	853
173	857
173	861
173	871
173	873
173	887
173	895
173	904
173	907
173	908
173	913
173	918
173	922
173	935
173	937
173	941
173	945
173	946
173	947
173	948
173	955
173	958
173	959
173	960
173	971
173	972
173	975
173	979
173	993
173	995
173	999
173	1000
173	1007
173	1022
173	1023
173	1026
173	1031
173	1032
173	1034
173	1035
173	1053
173	1055
173	1061
173	1075
173	1103
173	1111
173	1123
173	1124
173	1127
173	1137
173	1151
173	1167
173	1168
173	1186
173	1190
173	1193
173	1196
173	1199
173	1200
173	1201
173	1211
173	1218
173	1222
173	1230
173	1234
173	1236
173	1243
173	1248
173	1253
173	1267
173	1279
173	1285
173	1286
173	1296
173	1297
173	1319
173	1322
173	1353
173	1357
173	1360
173	1372
173	1375
173	1377
173	1378
173	1389
173	1394
173	1396
173	1402
173	1407
173	1412
173	1413
173	1428
173	1439
173	1444
173	1446
173	1464
173	1465
173	1468
173	1471
173	1476
173	1482
173	1489
173	1490
173	1496
173	1501
173	1506
173	1514
173	1518
173	1520
173	1524
173	1525
173	1531
173	1534
173	1537
173	1542
173	1547
173	1550
173	1556
173	1563
173	1565
173	1566
173	1580
173	1583
173	1585
173	1587
173	1593
173	1595
173	1603
173	1604
173	1613
173	1618
173	1619
173	1621
173	1628
173	1629
173	1633
173	1638
173	1641
173	1649
173	1652
173	1654
173	1658
173	1661
173	1662
173	1672
173	1689
173	1692
173	1697
173	1701
173	1707
173	1714
173	1717
173	1726
173	1730
173	1732
173	1746
173	1747
173	1752
173	1758
173	1772
173	1774
173	1783
173	1787
173	1788
173	1791
173	1798
173	1802
173	1805
173	1808
173	1811
173	1836
173	1842
173	1848
173	1849
173	1855
173	1880
173	1901
173	1903
173	1908
173	1956
173	1977
173	1983
173	1985
173	1991
173	1997
173	2062
173	2066
173	2071
173	2073
173	2079
173	2085
173	2091
173	2095
173	2097
173	2106
173	2109
173	2119
173	2128
173	2137
173	2145
173	2151
173	2157
173	2165
173	2168
173	2181
173	2193
173	2202
173	2210
173	2211
173	2237
173	2241
173	2246
173	2253
173	2273
173	2276
173	2328
173	2329
173	2333
173	2339
173	2341
173	2345
173	2348
173	2350
173	2381
173	2385
173	2397
173	2400
173	2504
173	2516
173	2774
173	2787
173	2871
173	3002
173	3136
173	3238
173	3408
173	3443
173	3452
173	3456
173	3537
173	3643
173	3830
173	3843
173	3897
173	3910
173	3976
173	4037
173	4124
173	4310
173	4709
173	4828
173	4875
173	5026
173	5028
173	5037
173	5055
173	5100
173	5106
173	5130
173	5254
173	5335
173	5484
173	5511
173	5714
173	5760
173	5799
173	6006
173	6043
173	6098
173	6151
173	6269
173	6414
173	6606
173	6833
173	6994
173	7092
173	7649
173	7809
173	7813
173	8290
173	8291
174	175
74	28
74	29
74	35
74	49
74	55
74	56
74	75
74	86
74	154
74	178
74	228
74	252
74	257
74	271
74	285
74	299
74	304
74	317
74	321
74	334
74	356
74	447
74	488
74	626
74	637
74	643
74	665
74	682
74	710
74	749
74	769
74	784
74	789
74	794
74	803
74	806
74	817
74	863
74	864
74	893
74	895
74	918
74	922
74	937
74	955
74	956
74	958
74	960
74	993
74	995
74	1026
74	1053
74	1111
74	1123
74	1186
74	1190
74	1284
74	1297
74	1330
74	1583
74	1633
74	1811
74	1836
74	1927
74	2004
74	2119
74	2181
74	3117
74	8290
176	19
176	29
176	35
176	154
176	271
176	334
176	432
176	647
176	710
176	805
176	857
176	871
176	922
176	948
176	960
176	1043
176	1123
176	1131
176	1156
176	1160
176	1167
176	1186
176	1190
176	1201
176	1218
176	1222
176	1234
176	1375
176	1413
176	1428
176	1464
176	1465
176	1468
176	1476
176	1520
176	1531
176	1537
176	1593
176	1603
177	56
177	135
177	183
177	214
177	228
177	372
177	427
177	677
177	739
177	820
177	849
177	968
177	972
177	1186
177	1514
177	1592
177	1593
177	1718
177	6496
178	3
178	72
178	182
178	183
178	228
178	271
178	282
178	313
178	371
178	396
178	405
178	429
178	560
178	564
178	590
178	600
178	606
178	616
178	673
178	704
178	719
178	723
178	730
178	741
178	798
178	817
178	829
178	838
178	844
178	866
178	895
178	906
178	958
178	983
178	993
178	994
178	1014
178	1185
178	1482
178	1733
178	1799
178	1893
178	1966
178	2073
178	2145
178	2210
178	2381
178	2398
178	3634
178	3755
178	3897
178	4297
178	4483
178	4578
178	4646
178	4715
178	5412
178	5684
178	5804
178	6006
178	6098
178	7699
178	8288
179	135
179	183
179	301
179	304
179	306
179	308
179	348
179	349
179	407
179	549
179	673
179	739
179	756
179	761
179	829
179	977
179	989
180	3
180	80
180	132
180	135
180	182
180	183
180	216
180	271
180	274
180	299
180	349
180	370
180	402
180	677
180	908
180	1026
180	1031
180	1100
180	1166
180	1203
180	1218
180	1222
180	1284
180	1425
180	1464
180	1476
180	1542
180	1622
180	1701
180	1754
180	1858
180	1956
180	2114
180	2246
180	2325
180	2517
180	2542
180	2597
180	2604
180	2625
180	2643
180	2657
180	2720
180	2727
180	2777
180	3010
180	3089
180	3136
180	3265
180	3480
180	3567
180	3587
180	3681
180	5563
181	183
181	214
181	271
182	56
182	86
182	183
182	204
182	243
182	271
182	299
182	310
182	405
182	407
182	427
182	432
182	590
182	600
182	644
182	647
182	650
182	656
182	659
182	667
182	694
182	723
182	750
182	762
182	805
182	857
182	878
182	895
182	966
182	971
182	972
182	977
182	982
182	993
182	1006
182	1007
182	1026
182	1043
182	1092
182	1127
182	1128
182	1131
182	1151
182	1156
182	1167
182	1186
182	1297
182	1305
182	1357
182	1374
182	1396
182	1416
182	1464
182	1473
182	1484
182	1525
182	1569
182	1718
182	1754
182	1864
182	1919
182	2328
182	2329
182	2625
182	2653
182	2696
182	2697
182	2774
182	2775
182	2777
182	3192
182	3251
182	3253
182	3537
182	3787
182	4037
182	4256
182	6400
182	7620
166	28
166	35
166	75
166	86
166	152
166	171
166	204
166	214
166	243
166	259
166	261
166	271
166	273
166	274
166	290
166	304
166	417
166	439
166	465
166	545
166	647
166	659
166	673
166	733
166	789
166	829
166	837
166	838
166	859
166	897
166	908
166	959
166	1157
166	1211
166	1248
166	1279
166	1297
166	1307
166	1484
166	1493
166	1585
166	1705
166	1935
166	1956
166	1990
166	2066
166	2276
166	2398
166	2411
166	2565
166	2843
166	2877
166	3005
166	3459
166	3562
166	3650
166	3946
166	4037
166	4191
166	4233
166	4463
166	4875
166	5002
166	5210
166	5246
166	5254
166	5288
166	5738
166	5800
166	6004
166	6044
166	6156
166	6305
166	6330
166	6523
166	6560
166	6833
166	6855
166	6945
166	6948
166	7574
166	7695
166	7699
166	7924
166	7961
166	8079
166	8083
166	8132
166	8134
166	8141
166	8163
166	8198
166	8294
185	214
185	321
185	1679
185	2625
194	214
194	259
194	368
194	1497
194	2585
187	28
187	29
187	36
187	86
187	135
187	214
187	228
187	243
187	285
187	322
187	348
187	373
187	394
187	415
187	545
187	600
187	601
187	657
187	658
187	664
187	706
187	733
187	739
187	760
187	761
187	779
187	932
187	977
187	989
187	1151
187	1211
187	1573
187	1638
187	2290
187	2323
187	4384
187	8291
188	214
188	1808
188	2713
32	75
32	214
32	368
32	517
189	214
196	214
190	214
190	370
197	152
197	214
197	259
197	324
197	741
197	1075
197	1080
197	1111
197	1353
197	2060
197	2595
195	214
198	214
199	214
199	579
199	963
199	1186
199	1407
199	1412
199	1471
199	1520
199	1603
199	1633
199	1662
199	2721
199	5671
199	6784
199	7279
199	7442
199	7795
191	214
191	259
191	271
191	372
191	802
191	829
191	959
191	1164
191	1165
191	1842
191	1855
191	1893
191	1969
200	214
201	36
201	55
201	75
201	80
201	214
201	252
201	271
201	282
201	549
201	681
201	705
201	706
201	760
201	817
201	823
201	956
201	1023
201	1026
201	1043
201	1123
201	1186
202	28
202	135
202	214
202	300
202	301
202	427
203	214
203	259
203	299
203	407
203	600
203	829
203	1075
203	1111
203	1717
203	1808
203	1842
203	1855
203	1956
203	2398
203	2456
203	2470
203	2516
203	2542
203	2576
203	2595
203	2660
203	3018
203	3192
203	3352
203	3835
203	3903
203	4276
203	4338
203	5123
203	5254
203	5423
204	214
204	439
204	611
204	756
204	1151
204	1165
204	1608
204	1718
204	1787
204	2151
204	2211
204	3516
205	86
205	140
205	150
205	152
205	214
205	282
205	600
205	613
205	616
205	658
205	659
205	1285
206	214
207	214
208	28
208	214
208	219
208	626
208	771
208	6156
209	214
209	259
209	271
209	626
209	686
209	696
209	697
209	1123
209	1186
209	1190
192	28
192	39
192	56
192	75
192	94
192	214
192	308
192	379
192	406
192	432
192	549
192	586
192	600
192	756
192	857
192	932
192	936
192	8283
192	8287
210	214
125	28
125	29
125	35
125	36
125	55
125	214
125	271
125	299
125	302
125	313
125	317
125	321
125	488
125	517
125	637
125	704
125	710
125	730
125	784
125	937
125	959
125	960
125	1014
125	1167
125	1218
125	1286
125	1966
125	8283
125	8287
216	86
216	321
216	895
216	1418
216	1453
216	3634
216	4735
216	5412
215	28
215	35
215	94
215	178
215	192
215	216
215	252
215	257
215	271
215	282
215	298
215	299
215	306
215	310
215	321
215	332
215	348
215	350
215	368
215	506
215	517
215	559
215	636
215	663
215	684
215	687
215	784
215	836
215	904
215	943
215	956
215	985
215	993
215	994
215	1018
215	1103
215	1124
215	1141
215	1156
215	1186
215	1193
215	1199
215	1261
215	1297
215	1322
215	1374
215	1375
215	1482
215	1487
215	1492
215	1496
215	1514
215	1521
215	1608
215	1610
215	1628
215	1700
215	1726
215	1732
215	1746
215	1747
215	1758
215	1768
215	1771
215	1774
215	1783
215	1788
215	1791
215	1798
215	1802
215	1805
215	1811
215	1842
215	1848
215	1849
215	1903
215	1964
215	1966
215	2195
215	2234
215	2240
215	2241
215	2242
215	2332
215	2378
215	2400
215	2409
215	2499
215	2504
215	2570
215	2619
215	2625
215	2685
215	2736
215	2754
215	2801
215	3755
215	8283
215	8290
215	8291
217	219
221	28
221	135
221	282
221	339
221	341
221	348
221	390
221	402
221	590
221	604
222	28
222	348
222	1151
222	1919
223	3
223	28
223	80
223	226
223	257
223	301
223	325
223	341
223	348
223	356
223	358
223	406
223	415
223	422
223	427
223	590
223	607
223	636
223	882
224	28
224	152
224	271
224	282
224	402
224	407
224	765
224	806
224	857
224	994
224	1633
224	1793
224	2066
225	28
226	28
226	55
226	72
226	298
226	322
226	407
226	432
226	439
226	789
226	937
226	966
226	977
226	989
226	1014
226	1151
226	1152
226	1192
226	1322
226	1497
226	1569
226	1573
226	1997
226	2775
226	2777
226	6437
240	28
240	637
240	857
240	1151
240	1152
227	28
227	35
227	271
227	407
227	1497
228	28
228	282
228	299
228	391
228	415
228	1484
242	28
242	407
243	28
243	250
244	28
244	56
244	1920
244	1973
245	28
245	56
245	243
246	28
247	28
247	232
247	274
247	300
247	341
247	415
247	421
247	422
247	427
247	428
247	435
230	28
230	171
230	298
230	559
230	1610
230	1701
231	28
231	35
231	86
231	94
231	132
231	175
231	178
231	228
231	236
231	255
231	271
231	280
231	299
231	300
231	321
231	379
231	391
231	396
231	402
231	439
231	549
231	560
231	600
231	611
231	613
231	617
231	650
231	656
231	657
231	673
231	686
231	739
231	756
231	956
231	1080
231	1193
231	1396
231	1473
231	1855
231	1861
231	1864
231	2097
231	2398
231	4338
231	5226
231	5263
231	5737
231	5743
231	6930
231	7553
232	28
232	34
232	178
232	228
232	271
232	282
232	402
232	600
232	619
232	665
232	737
232	739
232	742
232	849
232	857
232	960
232	1023
232	1297
232	1563
232	1842
232	1855
232	3192
232	5254
233	28
234	28
235	28
235	271
236	28
236	80
236	94
236	150
236	151
236	178
236	182
236	232
236	257
236	271
236	282
236	300
236	306
236	308
236	310
236	319
236	325
236	348
236	349
236	356
236	406
236	428
236	581
236	586
236	590
236	592
236	600
236	611
236	622
236	636
236	656
236	684
236	725
236	746
236	749
236	844
236	857
236	1679
236	2625
237	28
237	56
237	75
237	178
237	271
237	282
237	373
237	391
237	465
237	560
237	581
237	587
237	636
237	746
237	765
237	1034
237	1315
237	1374
237	1646
237	1798
237	1855
237	1956
237	2102
237	2470
237	2754
237	2763
237	2768
237	2794
237	2805
237	2809
237	2814
237	2828
237	2838
237	3334
237	4037
237	5254
237	6229
237	6417
237	6780
237	7414
237	8121
248	28
238	28
238	358
238	2517
239	28
169	28
169	80
169	257
257	19
257	132
257	271
257	302
257	377
257	937
257	977
257	981
253	257
254	55
254	75
254	105
254	150
254	228
254	246
254	257
254	313
254	677
254	682
254	706
254	715
254	739
254	756
254	857
254	864
254	881
254	895
254	1014
254	1186
254	1190
254	1200
254	1287
254	1612
254	1718
255	29
255	35
255	36
255	56
255	257
255	259
255	271
255	280
255	282
255	299
255	306
255	310
255	317
255	319
255	325
255	371
255	405
255	432
255	439
255	549
255	564
255	567
255	581
255	600
255	606
255	607
255	608
255	624
255	627
255	628
255	631
255	633
255	636
255	637
255	643
255	656
255	657
255	658
255	659
255	667
255	668
255	673
255	675
255	677
255	681
255	697
255	706
255	719
255	723
255	725
255	730
255	739
255	741
255	743
255	746
255	748
255	749
255	756
255	760
255	763
255	765
255	779
255	789
255	798
255	817
255	864
255	878
255	893
255	993
255	1123
255	1166
255	1286
255	1482
255	1487
255	1538
255	1573
255	1893
255	1956
255	1966
255	1992
255	2066
255	2595
255	2625
255	2834
255	2859
255	5073
256	80
256	226
256	257
256	282
256	298
256	626
256	644
256	771
256	1402
256	1701
261	258
261	286
261	339
261	356
261	405
261	606
261	607
261	609
258	261
258	271
258	273
258	1062
258	1360
258	6262
260	258
260	261
260	285
260	1360
260	2576
260	6262
259	29
259	227
259	261
259	271
259	299
259	356
259	432
259	579
259	600
259	626
259	769
259	803
259	817
259	853
259	893
259	959
259	1075
259	1111
259	1203
259	1330
259	1372
259	1375
259	1382
259	1402
259	1473
259	1652
259	1717
259	1808
259	1835
259	1842
259	1855
259	1956
259	2060
259	2181
259	2210
259	2323
259	2506
259	2508
259	2542
259	2660
259	2770
259	3084
259	3192
259	3804
259	3835
259	4110
259	5210
259	5254
259	5714
259	5773
259	5828
259	6833
259	6840
259	7115
259	8141
259	8294
263	80
263	182
263	271
263	282
263	339
263	432
263	733
263	746
263	762
263	893
263	918
263	922
263	979
263	1123
263	1573
263	2210
263	2774
263	3092
263	3106
263	3726
263	5222
263	5584
264	271
265	29
265	32
265	35
265	49
265	75
265	150
265	271
265	282
265	447
265	600
265	675
265	677
265	700
265	737
265	748
265	827
265	1007
265	1131
265	1858
265	2151
265	2369
265	2593
265	3587
265	4065
265	4266
265	5083
265	5254
265	6328
265	6737
265	7478
265	7587
266	271
266	429
266	665
266	715
266	836
266	844
266	935
266	1285
266	1723
266	1726
266	1802
266	2955
266	3680
267	271
268	178
268	271
268	935
269	3
269	86
269	246
269	271
269	321
269	339
269	348
269	396
269	429
269	439
269	440
269	549
269	609
269	697
269	704
269	730
269	789
269	817
269	895
269	972
269	977
269	994
269	1123
269	1151
269	1248
269	1322
269	1661
269	1717
269	1726
269	1811
270	271
270	853
270	935
270	937
270	1284
270	1285
270	1378
270	1585
270	1965
270	2079
270	2485
270	3144
270	4432
270	5106
273	34
273	151
273	258
273	299
273	302
273	348
273	392
276	132
276	243
276	274
276	802
276	849
276	1218
276	1250
277	140
277	274
275	15
275	28
275	75
275	80
275	94
275	152
275	182
275	224
275	274
275	282
275	299
275	356
275	405
275	417
275	590
275	604
275	619
275	650
275	656
275	657
275	664
275	667
275	946
275	1211
275	1357
275	1717
275	1734
275	1792
275	1835
275	1888
275	1918
275	1956
275	1992
275	1997
275	2053
275	2322
275	2323
275	2504
275	2508
275	2576
275	2619
275	2625
275	2654
275	2669
275	2685
275	2790
275	2794
275	2799
275	2828
275	2838
275	2844
275	2972
275	2999
275	3117
275	3650
275	5254
241	132
241	271
241	282
241	325
241	626
241	802
241	864
241	1186
280	15
280	56
280	132
280	152
280	178
280	271
280	290
280	299
280	304
280	308
280	317
280	372
280	407
280	415
280	421
280	422
280	431
280	433
280	447
280	488
280	566
280	567
280	579
280	626
280	667
280	677
280	697
280	719
280	739
280	789
280	794
280	795
280	813
280	817
280	820
280	908
280	966
280	977
280	989
280	991
280	994
280	995
280	1007
280	1012
280	1014
280	1026
280	1043
280	1053
280	1123
280	1151
280	1186
280	1200
280	1250
280	1297
280	1464
280	1585
280	1608
280	1718
280	1723
280	1855
280	1956
280	2004
280	2071
280	2246
280	2398
280	2535
280	2570
280	2579
280	2775
280	2785
280	3089
280	3136
280	4037
280	4808
280	7632
280	8083
282	19
282	34
282	132
282	140
282	204
282	224
282	228
282	230
282	236
282	255
282	280
282	286
282	300
282	428
282	440
282	560
282	564
282	566
282	567
282	579
282	590
282	592
282	604
282	606
282	607
282	609
282	656
282	664
282	675
282	762
282	1201
282	1464
282	1471
282	1496
282	1501
282	1597
282	1603
282	1633
282	1718
283	132
283	771
284	3
284	19
284	132
284	286
284	299
284	358
284	389
285	286
285	763
285	993
285	1884
285	2517
285	2643
287	34
288	34
289	34
291	72
291	299
291	346
291	1297
291	2066
291	2326
291	2328
291	2397
291	2398
291	2517
291	2790
291	2811
291	2958
291	3014
291	3034
291	3352
291	3455
291	3463
291	3635
291	3976
291	4013
291	4179
291	4201
291	4233
291	4261
291	4266
291	4466
291	4661
291	4662
291	4666
291	4719
291	4735
291	4776
291	4780
291	4811
294	299
292	3
292	178
292	299
292	477
292	945
292	1201
293	282
293	299
293	1497
295	56
295	299
295	300
295	1442
295	1444
296	243
296	246
296	299
296	405
296	415
296	560
296	663
296	1123
296	1718
296	8282
297	299
290	35
290	204
290	214
290	271
290	299
290	372
290	633
290	765
290	887
290	908
290	946
290	959
290	974
290	1131
290	1164
290	1165
290	1193
290	1201
290	1211
290	1230
290	1248
290	1284
290	1297
290	1305
290	1378
290	1396
290	1411
290	1468
290	1482
290	1484
290	1514
290	1593
290	1622
290	1706
290	1717
290	1726
290	1734
290	1754
290	1757
290	1774
290	1788
290	1805
290	1836
290	1893
290	1908
290	1918
290	1927
290	1956
290	1966
290	1973
290	1977
290	2004
290	2135
290	2210
290	2225
290	2356
290	2411
290	2474
290	2508
290	2579
290	2654
290	2697
290	2708
290	2871
290	3005
290	3117
290	3408
290	3516
290	4037
290	4983
290	5412
298	299
298	5793
301	362
302	75
302	94
302	349
302	359
302	363
302	370
302	389
302	2289
302	2470
302	3635
302	3724
302	4557
302	8283
249	15
249	28
249	299
249	302
249	700
249	784
249	1006
249	1196
249	1248
249	1485
249	1638
249	1648
249	1652
249	1654
249	2055
303	80
303	94
303	302
304	29
304	86
304	271
304	313
304	317
304	322
304	682
304	696
304	704
304	714
304	741
304	742
304	761
304	763
304	789
304	795
304	810
304	820
304	906
304	907
304	908
304	945
304	963
304	966
304	971
304	972
304	978
304	981
304	989
304	1014
304	1020
304	1023
304	1026
304	1053
304	1123
304	1131
304	1140
304	1154
304	1164
304	1165
304	1248
304	1284
304	1297
304	1319
304	1326
304	1428
304	1439
304	1446
304	1464
304	1468
304	1476
304	1478
304	1514
304	1534
304	1622
304	1652
304	1654
304	1662
304	1717
304	1757
304	1833
304	1858
304	1859
304	1864
304	1884
304	1903
304	1927
304	1950
304	1953
304	1963
304	1966
304	1969
304	1984
304	2151
304	2210
304	2246
304	2276
304	2499
304	3136
306	8
306	29
306	36
306	86
306	204
306	228
306	246
306	255
306	271
306	282
306	298
306	308
306	310
306	311
306	313
306	317
306	319
306	322
306	325
306	332
306	371
306	406
306	407
306	415
306	417
306	429
306	439
306	549
306	566
306	567
306	587
306	600
306	609
306	613
306	619
306	636
306	637
306	643
306	656
306	659
306	664
306	667
306	670
306	673
306	675
306	677
306	681
306	682
306	684
306	687
306	697
306	700
306	704
306	706
306	707
306	714
306	715
306	719
306	722
306	723
306	730
306	733
306	739
306	741
306	742
306	743
306	746
306	748
306	749
306	750
306	756
306	760
306	762
306	765
306	778
306	794
306	795
306	798
306	810
306	817
306	829
306	838
306	857
306	863
306	866
306	868
306	875
306	878
306	881
306	895
306	896
306	903
306	907
306	908
306	913
306	934
306	936
306	938
306	956
306	958
306	960
306	963
306	971
306	972
306	974
306	978
306	979
306	993
306	1007
306	1018
306	1022
306	1026
306	1032
306	1039
306	1043
306	1141
306	1157
306	1166
306	1167
306	1199
306	1200
306	1234
306	1236
306	1253
306	1277
306	1286
306	1297
306	1378
306	1385
306	1394
306	1413
306	1418
306	1428
306	1464
306	1468
306	1473
306	1476
306	1490
306	1492
306	1501
306	1506
306	1518
306	1524
306	1537
306	1538
306	1556
306	1573
306	1585
306	1587
306	1595
306	1633
306	1646
306	1700
306	1701
306	1714
306	1732
306	1935
306	1964
306	1965
306	1984
306	1992
306	2066
306	2079
306	2097
306	2114
306	2144
306	2145
306	2206
306	2209
306	2240
306	2257
306	2276
306	2324
306	2328
306	2485
306	2510
306	2544
306	2565
306	2576
306	2646
306	2653
306	2654
306	2657
306	2660
306	2665
306	2686
306	2693
306	2727
306	2747
306	2754
306	2790
306	2859
306	2900
306	2923
306	2932
306	2973
306	3005
306	3015
306	3021
306	3089
306	3114
306	3117
306	3144
306	3191
306	3291
306	3352
306	3404
306	3408
306	3454
306	3480
306	3529
306	3537
306	3562
306	3567
306	3680
306	3713
306	3720
306	3804
306	3812
306	3847
306	3976
306	4011
306	4041
306	4138
306	4162
306	4290
306	4299
306	4365
306	4661
306	5123
306	5176
306	5182
306	5404
306	5445
306	5457
306	5543
306	5925
306	5928
306	5947
306	5969
306	6029
306	8288
306	8290
306	8294
307	55
307	75
307	322
307	377
307	402
308	15
308	29
308	35
308	36
308	86
308	204
308	228
308	243
308	271
308	299
308	304
308	311
308	313
308	317
308	321
308	322
308	350
308	417
308	425
308	439
308	447
308	465
308	545
308	549
308	579
308	600
308	626
308	643
308	644
308	647
308	663
308	673
308	697
308	704
308	707
308	710
308	730
308	733
308	739
308	746
308	750
308	762
308	789
308	813
308	817
308	838
308	844
308	853
308	857
308	859
308	861
308	878
308	895
308	908
308	913
308	941
308	948
308	958
308	959
308	960
308	972
308	974
308	978
308	982
308	993
308	994
308	999
308	1022
308	1026
308	1034
308	1038
308	1039
308	1055
308	1062
308	1127
308	1131
308	1156
308	1157
308	1167
308	1193
308	1218
308	1248
308	1253
308	1279
308	1297
308	1307
308	1389
308	1402
308	1413
308	1418
308	1464
308	1468
308	1476
308	1484
308	1506
308	1513
308	1525
308	1538
308	1566
308	1585
308	1587
308	1593
308	1604
308	1622
308	1654
308	1661
308	1672
308	1811
308	1847
308	1855
308	1956
308	1966
308	2004
308	2066
308	2157
308	2165
308	2193
308	2297
308	2323
308	2328
308	2329
308	2339
308	2345
308	2409
308	2474
308	2535
308	2774
308	2805
308	2828
308	3005
308	3136
308	3150
308	3443
308	3473
308	3562
308	3976
308	4233
308	4373
308	4687
308	5288
308	5584
308	5714
320	243
320	299
320	317
320	322
320	849
320	1080
320	1186
309	322
310	35
310	36
310	56
310	86
310	171
310	204
310	243
310	271
310	299
310	304
310	308
310	313
310	317
310	322
310	324
310	332
310	338
310	350
310	407
310	429
310	432
310	439
310	447
310	488
310	549
310	587
310	600
310	626
310	633
310	637
310	659
310	665
310	674
310	677
310	682
310	686
310	697
310	704
310	707
310	710
310	719
310	723
310	725
310	730
310	733
310	739
310	742
310	748
310	749
310	756
310	760
310	763
310	765
310	769
310	778
310	779
310	784
310	789
310	794
310	798
310	805
310	806
310	813
310	817
310	844
310	857
310	866
310	868
310	871
310	878
310	893
310	904
310	918
310	922
310	932
310	935
310	936
310	945
310	946
310	947
310	955
310	958
310	966
310	972
310	985
310	989
310	991
310	993
310	994
310	995
310	999
310	1006
310	1014
310	1032
310	1039
310	1061
310	1103
310	1111
310	1123
310	1125
310	1128
310	1131
310	1140
310	1164
310	1166
310	1167
310	1191
310	1193
310	1196
310	1200
310	1201
310	1211
310	1218
310	1222
310	1236
310	1240
310	1250
310	1260
310	1261
310	1267
310	1285
310	1297
310	1319
310	1375
310	1378
310	1407
310	1411
310	1413
310	1428
310	1464
310	1476
310	1487
310	1501
310	1514
310	1518
310	1520
310	1538
310	1573
310	1585
310	1603
310	1619
310	1633
310	1641
310	1646
310	1649
310	1672
310	1717
310	1718
310	1723
310	1726
310	1746
310	1749
310	1754
310	1757
310	1774
310	1842
310	1888
310	1901
310	1903
310	1966
310	1977
310	1979
310	1992
310	2066
310	2079
310	2097
310	2106
310	2117
310	2120
310	2121
310	2128
310	2144
310	2151
310	2174
310	2241
310	2246
310	2257
310	2297
310	2322
310	2325
310	2341
310	2375
310	2381
310	2400
310	2485
310	2535
310	2593
310	2625
310	2643
310	2669
310	2685
310	2693
310	2700
310	2754
310	2794
310	2819
310	2822
310	2834
310	2955
310	3028
310	3034
310	3089
310	3136
310	3251
310	3253
310	3352
310	3408
310	3417
310	3464
310	3473
310	3489
310	3634
310	3643
310	3664
310	3967
310	4471
310	4482
310	4827
310	4828
310	5072
310	5210
310	5222
310	5239
310	5288
310	5524
310	5651
310	5721
310	5753
310	5844
310	6505
311	15
311	29
311	35
311	56
311	72
311	86
311	243
311	259
311	271
311	299
311	304
311	313
311	317
311	321
311	322
311	324
311	407
311	432
311	439
311	447
311	465
311	488
311	506
311	626
311	637
311	643
311	647
311	663
311	674
311	697
311	704
311	705
311	707
311	710
311	722
311	730
311	742
311	762
311	765
311	769
311	784
311	789
311	795
311	805
311	810
311	826
311	844
311	857
311	859
311	861
311	871
311	875
311	878
311	882
311	887
311	893
311	895
311	904
311	907
311	908
311	922
311	930
311	936
311	937
311	941
311	943
311	946
311	955
311	956
311	958
311	971
311	972
311	978
311	981
311	983
311	985
311	989
311	993
311	994
311	995
311	1006
311	1012
311	1014
311	1022
311	1023
311	1026
311	1030
311	1031
311	1034
311	1038
311	1053
311	1055
311	1097
311	1114
311	1123
311	1125
311	1128
311	1151
311	1152
311	1160
311	1164
311	1166
311	1167
311	1186
311	1193
311	1199
311	1200
311	1201
311	1211
311	1222
311	1230
311	1234
311	1236
311	1241
311	1243
311	1261
311	1277
311	1279
311	1284
311	1285
311	1286
311	1297
311	1319
311	1322
311	1326
311	1330
311	1353
311	1357
311	1374
311	1375
311	1377
311	1385
311	1413
311	1418
311	1419
311	1425
311	1428
311	1453
311	1464
311	1465
311	1476
311	1482
311	1484
311	1487
311	1490
311	1492
311	1496
311	1497
311	1514
311	1521
311	1525
311	1534
311	1538
311	1547
311	1549
311	1580
311	1583
311	1585
311	1587
311	1592
311	1593
311	1597
311	1603
311	1608
311	1618
311	1622
311	1633
311	1638
311	1641
311	1649
311	1658
311	1697
311	1700
311	1714
311	1717
311	1729
311	1734
311	1752
311	1754
311	1758
311	1769
311	1772
311	1774
311	1787
311	1814
311	1847
311	1848
311	1861
311	1864
311	1884
311	1888
311	1893
311	1919
311	1956
311	1964
311	1965
311	1966
311	1973
311	1977
311	1992
311	1997
311	2062
311	2071
311	2079
311	2102
311	2106
311	2109
311	2120
311	2128
311	2145
311	2151
311	2206
311	2210
311	2225
311	2241
311	2257
311	2297
311	2322
311	2323
311	2341
311	2381
311	2385
311	2425
311	2456
311	2485
311	2504
311	2535
311	2542
311	2560
311	2565
311	2570
311	2605
311	2625
311	2643
311	2654
311	2655
311	2660
311	2672
311	2708
311	2720
311	2763
311	2775
311	2790
311	2809
311	2830
311	2871
311	2918
311	2940
311	2963
311	2968
311	2973
311	2981
311	2999
311	3007
311	3009
311	3033
311	3034
311	3068
311	3089
311	3117
311	3136
311	3144
311	3238
311	3253
311	3265
311	3334
311	3408
311	3443
311	3456
311	3459
311	3506
311	3755
311	3843
311	3892
311	3969
311	3976
311	4040
311	4072
311	4098
311	4099
311	4435
311	4534
311	4578
311	4650
311	4712
311	4735
311	4884
311	5020
311	5022
311	5179
311	5254
311	5335
311	5404
311	5412
311	5449
311	5463
311	5543
311	5743
311	5897
311	5922
311	6097
311	6151
311	6156
311	6299
311	6306
311	6330
311	6595
311	6715
311	6770
311	6918
311	6979
311	7620
311	7624
311	7632
311	7809
311	7833
311	7839
311	7855
311	8083
311	8290
311	8295
312	8
312	29
312	36
312	86
312	224
312	227
312	228
312	255
312	271
312	282
312	304
312	306
312	308
312	310
312	311
312	313
312	317
312	319
312	321
312	322
312	325
312	332
312	334
312	338
312	406
312	407
312	429
312	432
312	439
312	447
312	488
312	545
312	549
312	575
312	579
312	600
312	624
312	626
312	628
312	631
312	636
312	643
312	644
312	647
312	656
312	657
312	658
312	664
312	667
312	668
312	670
312	673
312	674
312	675
312	677
312	681
312	682
312	684
312	686
312	687
312	691
312	696
312	697
312	700
312	704
312	705
312	706
312	707
312	710
312	715
312	719
312	722
312	723
312	725
312	730
312	733
312	739
312	742
312	743
312	746
312	749
312	750
312	756
312	761
312	769
312	778
312	784
312	789
312	794
312	795
312	798
312	802
312	803
312	805
312	806
312	813
312	817
312	820
312	822
312	837
312	838
312	839
312	844
312	849
312	857
312	861
312	863
312	864
312	866
312	868
312	878
312	881
312	882
312	885
312	887
312	893
312	895
312	897
312	918
312	929
312	932
312	936
312	937
312	941
312	943
312	945
312	948
312	956
312	958
312	959
312	966
312	972
312	977
312	978
312	979
312	981
312	982
312	985
312	989
312	991
312	994
312	995
312	999
312	1006
312	1007
312	1014
312	1023
312	1030
312	1035
312	1039
312	1043
312	1061
312	1062
312	1123
312	1125
312	1127
312	1128
312	1141
312	1144
312	1152
312	1156
312	1164
312	1165
312	1168
312	1186
312	1190
312	1193
312	1196
312	1201
312	1203
312	1211
312	1218
312	1220
312	1221
312	1222
312	1234
312	1241
312	1248
312	1259
312	1279
312	1286
312	1296
312	1297
312	1319
312	1330
312	1375
312	1382
312	1413
312	1418
312	1425
312	1439
312	1446
312	1453
312	1464
312	1468
312	1471
312	1489
312	1492
312	1520
312	1556
312	1573
312	1580
312	1595
312	1603
312	1604
312	1619
312	1638
312	1641
312	1648
312	1649
312	1654
312	1661
312	1672
312	1692
312	1700
312	1701
312	1726
312	1836
312	1842
312	1855
312	1893
312	1953
312	1963
312	1966
312	1969
312	2397
312	2400
313	29
313	35
313	56
313	290
313	322
313	644
313	697
313	704
313	761
313	762
313	795
313	857
313	871
313	941
313	958
313	959
313	974
313	978
313	981
313	999
313	1026
313	1151
313	1211
313	1297
313	1330
313	1377
313	1482
313	1497
313	1538
313	1549
313	1593
313	1597
313	1772
313	1859
313	1918
313	2106
313	2151
313	2157
313	2193
313	2386
313	2411
313	2565
313	2763
313	2790
313	2801
313	2838
313	2871
313	2923
313	3005
313	3117
313	3456
313	3946
313	8290
313	8292
314	322
315	8
315	36
315	72
315	214
315	259
315	299
315	308
315	317
315	322
315	407
315	432
315	488
315	637
315	643
315	659
315	663
315	673
315	674
315	677
315	730
315	741
315	742
315	749
315	765
315	778
315	779
315	793
315	798
315	802
315	806
315	817
315	829
315	838
315	844
315	857
315	863
315	864
315	873
315	878
315	881
315	885
315	893
315	895
315	930
315	942
315	943
315	963
315	985
315	993
315	1038
315	1123
315	1127
315	1156
315	1166
315	1186
315	1201
315	1259
315	1296
315	1321
315	1382
315	1413
315	1593
315	1718
315	1888
315	2014
315	2102
315	2120
315	2135
315	2341
315	2456
315	2470
315	2625
315	2834
315	2963
315	3117
315	4037
315	5683
316	322
316	559
316	1717
305	322
305	659
305	715
305	1014
305	1282
305	5130
305	5412
317	29
317	35
317	36
317	204
317	228
317	271
317	298
317	299
317	304
317	308
317	311
317	313
317	321
317	322
317	334
317	429
317	432
317	439
317	447
317	488
317	545
317	579
317	626
317	637
317	643
317	644
317	647
317	663
317	677
317	682
317	686
317	696
317	697
317	704
317	705
317	707
317	714
317	730
317	741
317	742
317	762
317	769
317	789
317	794
317	795
317	805
317	813
317	820
317	823
317	826
317	838
317	844
317	849
317	853
317	857
317	863
317	864
317	866
317	868
317	871
317	878
317	882
317	887
317	895
317	918
317	929
317	930
317	932
317	934
317	938
317	941
317	948
317	956
317	958
317	960
317	971
317	972
317	979
317	981
317	989
317	991
317	993
317	994
317	995
317	999
317	1007
317	1014
317	1022
317	1023
317	1026
317	1032
317	1039
317	1053
317	1055
317	1062
317	1075
317	1123
317	1125
317	1128
317	1167
317	1190
317	1193
317	1201
317	1234
317	1277
317	1279
317	1286
317	1296
317	1297
317	1377
317	1394
317	1413
317	1428
317	1476
317	1482
317	1490
317	1496
317	1506
317	1518
317	1520
317	1524
317	1538
317	1555
317	1556
317	1573
317	1585
317	1593
317	1603
317	1622
317	1641
317	1661
317	1726
317	1774
317	1783
317	1893
317	2707
317	3136
317	4037
317	5802
317	8288
318	271
318	322
318	1080
319	8
319	15
319	39
319	182
319	204
319	214
319	255
319	271
319	280
319	282
319	290
319	299
319	306
319	310
319	311
319	317
319	322
319	325
319	370
319	371
319	379
319	403
319	405
319	407
319	429
319	439
319	587
319	590
319	592
319	600
319	622
319	627
319	633
319	637
319	647
319	656
319	659
319	670
319	673
319	675
319	704
319	706
319	725
319	730
319	733
319	739
319	741
319	746
319	749
319	762
319	765
319	789
319	798
319	803
319	805
319	813
319	817
319	822
319	826
319	844
319	857
319	878
319	904
319	906
319	907
319	908
319	922
319	936
319	955
319	967
319	971
319	972
319	978
319	981
319	993
319	995
319	1023
319	1026
319	1035
319	1038
319	1103
319	1152
319	1164
319	1167
319	1186
319	1199
319	1200
319	1211
319	1267
319	1296
319	1382
319	1413
319	1464
319	1471
319	1478
319	1482
319	1514
319	1537
319	1566
319	1573
319	1580
319	1587
319	1593
319	1622
319	1669
319	1680
319	1697
319	1723
319	1799
319	1842
319	1908
319	1919
319	1987
319	1991
319	2004
319	2117
319	2145
319	2181
319	2371
319	2535
319	2592
319	2629
319	2660
319	2689
319	2696
319	2774
319	2775
319	2819
319	2925
319	3029
319	3033
319	3192
319	3334
319	3537
319	3547
319	3607
319	3643
319	3691
319	3748
319	3752
319	3796
319	3830
319	3843
319	3854
319	3897
319	3910
319	3958
319	4040
319	4099
319	4103
319	4297
319	4310
319	4335
319	4527
319	4551
319	4587
319	4632
319	4827
319	4828
319	4954
319	4962
319	4994
319	5002
319	5020
319	5026
319	5072
319	5073
319	5075
319	5178
319	5182
319	5226
319	5273
319	5335
319	5423
319	5430
319	5459
319	5545
319	5563
319	5584
319	5806
319	5897
319	6006
319	6097
319	6110
319	6347
319	6442
319	6505
319	6570
319	6715
319	6774
319	6860
319	6913
319	6930
319	7021
319	7910
319	8037
319	8121
319	8163
319	8288
329	80
329	135
329	228
329	282
329	299
329	733
330	80
323	80
324	80
324	135
324	704
324	739
324	742
324	746
324	789
324	817
324	849
324	966
324	1026
324	1413
324	1757
324	1842
326	39
326	80
326	140
326	152
326	243
326	282
326	348
326	407
326	488
326	549
326	616
326	2160
331	80
331	94
331	415
331	3892
327	80
327	232
327	282
327	311
327	857
327	918
327	1053
327	2205
251	32
251	80
251	94
251	299
251	310
251	432
251	719
251	1261
328	75
328	80
328	299
328	325
328	356
328	373
328	626
328	789
328	875
328	966
328	1026
328	1864
328	2999
333	55
333	94
335	15
335	56
335	94
335	151
335	589
335	737
335	839
335	1026
335	1259
335	1282
335	1385
335	1513
335	1573
335	1729
335	2369
335	2506
335	2592
335	2612
335	4037
335	4191
335	4234
335	4365
335	4551
335	4632
335	4709
335	4814
335	4820
335	4994
335	5083
335	5421
335	5482
335	5545
335	5563
335	5584
335	5743
335	5886
335	5887
335	5922
335	6174
335	6634
335	7074
335	7443
335	7497
335	7587
335	7688
335	7795
150	56
150	94
150	178
150	232
150	280
150	371
150	407
150	431
150	566
150	567
150	584
150	587
150	589
150	590
150	592
150	601
150	606
150	607
150	609
150	737
150	1319
150	1385
150	1412
150	3334
150	3568
150	4373
150	4403
150	4536
336	15
336	28
336	75
336	86
336	135
336	151
336	214
336	271
336	310
336	325
336	356
336	371
336	439
336	465
336	590
336	600
336	636
336	941
336	1196
336	1201
336	1385
336	1633
336	2727
336	3238
336	4289
336	5233
336	5412
336	6221
336	6595
336	7450
336	8287
337	135
338	135
339	35
339	36
339	86
339	135
339	140
339	150
339	224
339	226
339	227
339	236
339	243
339	259
339	271
339	282
339	334
339	341
339	373
339	377
339	379
339	394
339	402
339	439
339	549
339	560
339	600
339	609
339	611
339	613
339	616
339	624
339	627
339	628
339	631
339	643
339	644
339	647
339	659
339	665
339	668
339	673
339	675
339	706
339	719
339	725
339	730
339	733
339	741
339	746
339	750
339	762
339	803
339	817
339	822
339	853
339	863
339	881
339	885
339	893
339	895
339	918
339	936
339	941
339	959
339	1053
339	1080
339	1186
339	1296
339	1321
339	1330
339	1485
339	1506
339	1525
339	1717
339	1855
339	2398
339	2651
339	5335
339	5341
339	6043
339	7961
340	86
340	135
340	151
340	178
340	232
340	271
340	282
340	304
340	396
340	407
340	439
340	440
340	564
340	627
340	628
340	656
340	663
340	885
340	918
340	932
340	937
340	945
340	963
340	972
340	985
340	1007
340	1020
340	1413
340	1428
340	1464
341	28
341	135
341	151
341	171
341	259
341	299
341	324
341	348
341	362
341	370
341	396
341	407
341	431
341	659
341	663
341	686
341	710
341	761
341	791
341	829
341	906
341	922
341	937
341	959
341	978
341	985
341	989
341	1007
341	1080
341	1123
341	1140
341	1152
341	1160
341	1186
341	1201
341	1222
341	1266
341	1297
341	1385
341	1771
341	2163
341	2205
341	2242
341	2625
341	2670
341	3755
341	8290
342	55
342	135
343	135
343	282
343	656
343	1261
344	75
344	135
344	348
348	86
348	271
348	325
348	439
348	665
348	686
348	697
348	704
348	769
348	817
348	878
348	941
348	981
348	1022
348	1128
348	1156
348	1418
348	1419
348	2264
348	2501
348	2612
345	39
345	56
345	228
345	282
345	348
345	371
345	567
345	581
345	600
346	214
346	290
346	348
346	403
346	417
346	659
346	682
346	762
346	765
346	853
346	936
346	938
346	942
346	945
346	974
346	1157
346	1166
346	1297
346	1453
346	1564
346	1744
346	1777
346	1915
346	2144
346	2251
346	2252
346	2323
346	2325
346	2326
346	2375
346	2411
346	2416
346	2685
346	2720
346	2721
346	2724
346	2747
346	2805
346	2828
346	2838
346	2859
346	2900
346	2912
346	2918
346	2922
346	2923
346	2926
346	2999
346	3009
346	3034
346	3089
346	3099
346	3104
346	3117
346	3173
346	3180
346	3192
346	3243
346	3309
346	3446
346	3483
346	3520
346	3537
346	3541
346	3557
346	3562
346	3580
346	3646
346	3812
346	3871
346	3887
346	3926
346	3971
346	4266
346	4335
346	4424
346	4661
346	4666
346	4735
346	4811
346	4814
346	4820
346	4822
346	4875
346	6784
346	8293
349	613
356	55
356	214
356	259
356	282
356	299
356	579
356	769
356	993
356	1043
356	1186
356	1375
356	1428
356	1835
356	2210
356	2323
356	2660
356	2770
356	4110
350	356
350	696
351	86
351	325
351	339
351	356
351	439
351	733
351	893
351	2535
351	3946
351	4735
351	5254
355	356
352	75
352	192
352	243
352	325
352	356
352	506
352	756
352	1077
352	8287
353	56
353	152
353	243
353	339
353	356
353	684
357	339
357	358
193	86
193	204
193	228
193	325
193	358
193	402
193	417
193	439
193	465
193	549
193	656
193	733
193	974
193	1186
193	1211
193	1297
193	2066
193	2157
193	3005
193	3034
193	3971
363	362
363	1305
363	2237
362	363
364	75
364	214
364	370
364	658
364	670
364	739
364	1007
364	1267
364	1418
364	2542
364	2777
364	4110
364	6458
364	8287
365	56
365	75
365	152
365	370
365	377
365	391
365	477
365	515
366	28
366	49
366	282
366	299
366	370
366	377
366	379
366	391
366	606
366	645
366	656
366	3976
366	5947
366	8287
369	370
367	75
367	299
367	370
367	2643
367	8287
368	370
371	15
371	29
371	56
371	72
371	86
371	204
371	228
371	255
371	271
371	282
371	299
371	304
371	310
371	313
371	317
371	373
371	432
371	439
371	447
371	567
371	590
371	600
371	627
371	643
371	658
371	659
371	664
371	677
371	686
371	704
371	717
371	730
371	733
371	737
371	739
371	746
371	756
371	762
371	789
371	823
371	844
371	849
371	857
371	868
371	878
371	881
371	882
371	885
371	895
371	897
371	936
371	945
371	958
371	960
371	977
371	991
371	1023
371	1026
371	1031
371	1032
371	1044
371	1053
371	1157
371	1186
371	1196
371	1201
371	1211
371	1222
371	1260
371	1261
371	1297
371	1310
371	1322
371	1396
371	1428
371	1446
371	1468
371	1485
371	1487
371	1573
371	1633
371	1706
371	1726
371	1956
371	1966
371	2145
371	2165
371	2339
371	2398
371	2501
371	2625
371	2643
371	2693
371	2801
371	3352
371	3456
371	3645
371	3755
371	3796
371	3967
371	3976
371	4110
371	4335
371	4338
371	4424
371	4661
371	4735
371	5288
371	5412
371	5459
371	5775
371	6388
371	7277
371	7422
371	7478
371	7795
371	7809
372	373
372	391
372	515
372	8287
374	377
374	419
374	1652
375	377
376	35
376	36
376	86
376	299
376	310
376	311
376	325
376	350
376	377
376	394
376	406
376	636
376	643
376	697
376	706
376	789
376	817
376	977
376	985
376	999
376	1023
376	1026
376	1043
376	1127
376	1167
376	1193
376	1234
376	1330
376	1402
376	1482
376	1518
376	1633
376	1802
376	1992
376	2253
376	2325
376	3150
386	8
386	243
386	310
381	243
381	622
382	243
387	150
387	214
387	243
387	259
387	600
387	756
387	817
387	829
387	1053
387	1123
387	1201
101	28
101	56
101	75
101	108
101	152
101	192
101	243
101	299
101	405
101	477
101	517
101	756
101	761
101	1077
101	1478
101	8287
383	15
383	56
383	140
383	150
383	175
383	182
383	224
383	243
383	246
383	255
383	282
383	428
383	560
383	601
383	611
383	622
383	631
383	659
383	739
383	746
383	756
383	762
383	1166
383	1646
383	2206
383	2297
383	2324
383	2398
383	2411
383	2508
383	2535
383	2674
383	2770
383	3026
383	3089
383	3352
383	3480
383	3529
383	3537
383	3615
383	3680
383	4110
383	4977
383	5254
383	6296
384	243
391	3776
393	394
395	35
395	282
395	321
395	396
395	967
395	1357
395	1384
395	1389
395	1418
395	1506
395	1593
395	1919
395	1956
395	2398
395	2851
395	2963
395	3634
395	4037
395	4175
395	4179
395	4341
395	4709
395	5028
395	5199
395	5479
395	5524
395	5563
395	5596
395	5818
395	5872
395	6227
395	6869
395	6904
395	6934
395	6976
395	7115
395	7414
395	7512
395	7553
395	7795
395	7890
395	8163
397	402
398	402
398	3792
398	5295
398	5543
398	5739
398	6001
398	6890
399	271
399	402
399	560
399	579
399	715
399	1513
400	192
400	243
400	271
400	299
400	321
400	402
400	606
400	686
400	769
400	1044
400	1723
400	8284
401	402
403	75
403	402
403	425
403	739
403	974
403	1166
403	1211
403	1521
403	1705
403	1744
403	1746
403	2053
403	2144
403	2264
403	2416
403	2599
403	2814
403	2834
403	2922
403	2966
404	402
404	403
404	1521
404	1744
404	1746
405	56
405	246
405	271
405	290
405	402
405	637
405	658
405	677
405	697
405	1030
405	1053
405	1277
405	2134
405	2790
405	2859
405	2973
405	3459
405	3680
405	5412
406	178
406	236
406	255
406	282
406	306
406	310
406	319
406	325
406	402
406	440
406	538
406	560
406	636
406	667
406	668
406	670
406	675
406	677
406	681
406	684
406	687
406	756
406	1648
406	1661
406	2369
406	2511
406	2657
406	3631
406	5822
406	6555
406	6624
406	6774
406	6979
406	7094
407	15
407	72
407	204
407	214
407	230
407	285
407	298
407	308
407	372
407	402
407	406
407	415
407	429
407	506
407	579
407	673
407	696
407	697
407	722
407	762
407	763
407	838
407	844
407	887
407	937
407	946
407	958
407	989
407	993
407	1000
407	1014
407	1026
407	1049
407	1111
407	1141
407	1164
407	1199
407	1201
407	1230
407	1236
407	1248
407	1284
407	1285
407	1297
407	1322
407	1407
407	1413
407	1425
407	1471
407	1482
407	1489
407	1492
407	1496
407	1497
407	1525
407	1534
407	1566
407	1573
407	1585
407	1622
407	1629
407	1633
407	1641
407	1648
407	1652
407	1654
407	1658
407	1661
407	1662
407	1718
407	1723
407	1752
407	1758
407	1787
407	1816
407	1835
407	1858
407	1859
407	1884
407	1893
407	1903
407	1908
407	1918
407	1927
407	1953
407	1955
407	1956
407	1963
407	1966
407	1969
407	1973
407	1979
407	1987
407	1991
407	1997
407	2066
407	2073
407	2097
407	2106
407	2120
407	2128
407	2137
407	2151
407	2168
407	2211
407	2264
407	2323
407	2354
407	2398
407	2400
407	2433
407	2517
407	2535
407	2587
407	2594
407	2617
407	2625
407	2693
407	2774
407	2775
407	2811
407	2977
407	3014
407	3020
407	3130
407	3334
407	3580
407	3645
407	3835
407	4037
407	4335
407	4735
407	4846
407	4980
407	5412
407	5484
407	5524
407	5559
407	5568
407	5817
407	6246
407	6770
407	7306
407	8290
407	8293
408	402
409	402
409	875
410	140
410	402
410	407
410	428
410	431
410	433
411	402
413	402
415	35
415	405
415	549
415	1330
414	39
414	415
414	656
325	232
325	282
325	415
325	428
325	560
325	590
325	601
325	606
325	607
325	739
325	1031
325	1211
325	1360
325	1549
325	1688
325	2066
325	2134
325	2348
325	2790
325	2909
325	3352
325	3967
325	4037
325	4233
325	4808
416	226
416	560
417	226
417	422
417	431
417	433
417	435
417	974
417	1297
417	2066
417	3005
418	140
427	259
427	820
427	1384
427	1593
427	4175
427	4179
423	56
423	214
423	427
423	1384
423	1593
423	1747
423	1956
424	310
424	427
424	428
424	838
424	857
424	893
425	204
425	280
425	285
425	407
425	427
425	663
425	1165
425	1493
425	1549
425	1730
425	1777
425	1857
425	1893
425	1982
425	2160
425	2231
425	2433
425	2560
425	2565
425	2576
425	2643
425	2700
425	2708
425	2877
425	2880
425	2951
425	2963
425	3020
425	3030
425	3089
425	3351
425	3580
425	4065
425	4373
425	4530
425	4875
425	5079
425	5233
425	5321
425	5384
425	5404
425	5487
425	5798
425	5800
425	5811
425	5835
425	6241
425	6255
425	6323
425	6337
425	6424
425	6447
425	6599
425	6613
425	6725
425	6770
425	6803
425	6805
425	6809
425	6813
425	6832
425	6833
425	6855
425	6979
425	6982
425	7047
425	7054
425	7108
425	7131
425	7351
425	7422
425	7442
425	7553
425	7587
425	7632
425	7707
425	8291
425	8293
425	8295
426	28
426	32
426	39
426	49
426	56
426	75
426	105
426	151
426	152
426	178
426	182
426	192
426	232
426	236
426	282
426	299
426	322
426	341
426	368
426	427
426	428
426	431
426	433
426	435
426	440
426	477
426	506
426	514
426	515
426	517
426	524
426	538
426	560
426	566
426	567
426	586
426	589
426	592
426	8282
426	8284
426	8287
429	428
429	435
429	837
429	839
429	1049
430	49
430	108
430	151
430	431
430	991
432	36
432	178
432	308
432	310
432	317
432	321
432	332
432	403
432	407
432	429
432	433
432	559
432	618
432	637
432	664
432	665
432	675
432	691
432	697
432	700
432	715
432	719
432	722
432	723
432	743
432	749
432	765
432	769
432	798
432	802
432	813
432	817
432	837
432	839
432	844
432	849
432	861
432	864
432	868
432	895
432	960
432	978
432	993
432	999
432	1031
432	1039
432	1044
432	1049
432	1055
432	1103
432	1186
432	1201
432	1250
432	1285
432	1296
432	1305
432	1378
432	1402
432	1407
432	1446
432	1464
432	1524
432	1531
432	1542
432	1608
432	1621
432	1622
432	1628
432	1648
432	1661
432	1669
432	1706
432	1717
432	1723
432	1746
432	1769
432	1802
432	1808
432	1811
432	1842
432	1858
432	1888
432	1893
432	1927
432	1963
432	1964
432	2066
432	2079
432	2091
432	2117
432	2193
432	2237
432	2251
432	2257
432	2264
432	2329
432	2333
432	2375
432	2485
432	2592
432	2604
432	2643
432	2669
432	2696
432	2819
432	2851
432	2871
432	2932
432	2958
432	2963
432	3002
432	3024
432	3026
432	3027
432	3033
432	3059
432	3148
432	3310
432	3352
432	3408
432	3417
432	3447
432	3480
432	3635
432	3680
432	3796
432	3803
432	4037
432	4055
432	4124
432	4261
432	4400
432	4551
432	4578
432	4587
432	4600
432	4653
432	4666
432	4687
432	4706
432	4827
432	5073
432	5130
432	5222
432	5430
432	5459
432	5466
432	5651
432	5693
432	6227
432	6780
432	6832
432	6875
432	7443
432	7813
432	7862
432	7961
434	435
434	4361
434	5897
434	6832
434	7351
434	7381
436	232
437	232
438	178
412	151
412	178
412	290
412	403
412	560
412	681
412	715
412	838
412	844
412	859
412	868
412	937
412	1151
412	1919
412	2066
412	2120
412	2397
412	2625
412	3130
412	3813
412	5055
439	86
439	178
439	271
439	644
439	733
439	895
439	1192
439	2157
440	28
440	49
440	178
440	236
440	282
440	538
440	560
440	8284
441	178
443	28
447	28
447	75
447	350
447	417
447	514
447	1049
447	1384
447	1997
447	2685
447	3321
447	3352
447	4037
447	4735
447	5384
447	7992
444	28
444	55
451	28
448	28
449	28
449	2209
449	3007
449	3010
449	3548
449	4400
449	4402
449	4735
449	6221
446	28
450	28
211	28
211	517
453	192
454	8
454	28
454	49
454	75
454	192
454	506
454	517
454	524
454	8287
455	28
455	192
455	322
455	1092
456	192
456	817
456	3755
456	4687
456	4981
457	15
457	35
457	56
457	64
457	72
457	155
457	192
457	227
457	271
457	290
457	298
457	299
457	311
457	506
457	545
457	559
457	575
457	587
457	608
457	633
457	643
457	663
457	696
457	697
457	707
457	722
457	737
457	741
457	762
457	763
457	764
457	789
457	810
457	826
457	836
457	856
457	857
457	861
457	871
457	873
457	904
457	908
457	922
457	935
457	941
457	946
457	959
457	960
457	963
457	971
457	975
457	993
457	1000
457	1012
457	1018
457	1022
457	1026
457	1055
457	1061
457	1062
457	1080
457	1103
457	1111
457	1151
457	1157
457	1159
457	1167
457	1193
457	1199
457	1200
457	1201
457	1211
457	1222
457	1230
457	1234
457	1241
457	1247
457	1260
457	1282
457	1284
457	1285
457	1286
457	1297
457	1310
457	1319
457	1322
457	1352
457	1353
457	1357
457	1374
457	1377
457	1378
457	1385
457	1390
457	1394
457	1396
457	1413
457	1416
457	1418
457	1420
457	1482
457	1484
457	1487
457	1490
457	1492
457	1493
457	1496
457	1497
457	1507
457	1514
457	1520
457	1524
457	1531
457	1533
457	1534
457	1537
457	1538
457	1547
457	1549
457	1555
457	1556
457	1563
457	1566
457	1569
457	1573
457	1580
457	1585
457	1593
457	1596
457	1600
457	1604
457	1622
457	1628
457	1633
457	1638
457	1648
457	1654
457	1658
457	1679
457	1680
457	1705
457	1717
457	1726
457	1729
457	1733
457	1734
457	1752
457	1754
457	1757
457	1758
457	1768
457	1772
457	1774
457	1783
457	1788
457	1791
457	1798
457	1799
457	1802
457	1805
457	1811
457	1814
457	1816
457	1835
457	1836
457	1842
457	1848
457	1849
457	1855
457	1859
457	1880
457	1884
457	1888
457	1893
457	1908
457	1915
457	1918
457	1953
457	1966
457	1969
457	1972
457	1973
457	1979
457	1982
457	1987
457	1990
457	1991
457	2001
457	2004
457	2071
457	2091
457	2106
457	2117
457	2120
457	2128
457	2137
457	2144
457	2145
457	2151
457	2157
457	2160
457	2165
457	2209
457	2225
457	2237
457	2240
457	2241
457	2246
457	2252
457	2253
457	2273
457	2277
457	2289
457	2324
457	2328
457	2350
457	2354
457	2356
457	2364
457	2366
457	2397
457	2398
457	2411
457	2416
457	2433
457	2435
457	2440
457	2456
457	2490
457	2504
457	2511
457	2516
457	2517
457	2535
457	2565
457	2576
457	2579
457	2580
457	2605
457	2612
457	2620
457	2625
457	2651
457	2653
457	2654
457	2687
457	2689
457	2693
457	2696
457	2708
457	2727
457	2746
457	2763
457	2764
457	2765
457	2768
457	2774
457	2775
457	2785
457	2811
457	2818
457	2822
457	2831
457	2843
457	2851
457	2859
457	2871
457	2877
457	2900
457	2923
457	2932
457	2958
457	2973
457	2996
457	2999
457	3010
457	3014
457	3020
457	3026
457	3034
457	3059
457	3084
457	3089
457	3106
457	3117
457	3125
457	3136
457	3140
457	3144
457	3192
457	3200
457	3253
457	3274
457	3276
457	3291
457	3321
457	3324
457	3334
457	3352
457	3371
457	3376
457	3394
457	3404
457	3408
457	3409
457	3439
457	3443
457	3447
457	3454
457	3456
457	3459
457	3460
457	3463
457	3464
457	3479
457	3483
457	3498
457	3529
457	3537
457	3557
457	3562
457	3568
457	3586
457	3614
457	3615
457	3634
457	3643
457	3646
457	3660
457	3661
457	3680
457	3691
457	3724
457	3726
457	3755
457	3769
457	3796
457	3803
457	3807
457	3812
457	3830
457	3843
457	3847
457	3849
457	3854
457	3871
457	3887
457	3897
457	3910
457	3911
457	3919
457	3922
457	3956
457	3958
457	3962
457	3976
457	4011
457	4013
457	4037
457	4040
457	4041
457	4044
457	4065
457	4098
457	4099
457	4124
457	4173
457	4191
457	4231
457	4233
457	4247
457	4256
457	4263
457	4269
457	4297
457	4315
457	4335
457	4361
457	4400
457	4401
457	4412
457	4441
457	4448
457	4482
457	4483
457	4488
457	4507
457	4510
457	4527
457	4530
457	4534
457	4536
457	4547
457	4574
457	4587
457	4600
457	4613
457	4621
457	4653
457	4666
457	4687
457	4689
457	4709
457	4712
457	4713
457	4715
457	4717
457	4735
457	4748
457	4764
457	4781
457	4791
457	4792
457	4795
457	4797
457	4798
457	4811
457	4814
457	4820
457	4824
457	4827
457	4828
457	4831
457	4846
457	4875
457	4879
457	4899
457	4929
457	4940
457	4944
457	4953
457	4964
457	4980
457	4986
457	4994
457	4999
457	5002
457	5012
457	5020
457	5022
457	5037
457	5045
457	5055
457	5058
457	5061
457	5072
457	5092
457	5100
457	5121
457	5130
457	5140
457	5148
457	5178
457	5179
457	5188
457	5189
457	5199
457	5200
457	5204
457	5210
457	5222
457	5226
457	5233
457	5239
457	5245
457	5246
457	5254
457	5262
457	5273
457	5285
457	5288
457	5289
457	5295
457	5305
457	5321
457	5335
457	5378
457	5404
457	5412
457	5437
457	5439
457	5449
457	5452
457	5454
457	5459
457	5463
457	5479
457	5482
457	5484
457	5506
457	5513
457	5524
457	5529
457	5543
457	5545
457	5559
457	5563
457	5584
457	5596
457	5614
457	5623
457	5626
457	5630
457	5631
457	5637
457	5638
457	5639
457	5640
457	5651
457	5663
457	5680
457	5683
457	5684
457	5693
457	5697
457	5705
457	5714
457	5721
457	5732
457	5737
457	5738
457	5739
457	5743
457	5753
457	5757
457	5760
457	5775
457	5776
457	5780
457	5792
457	5798
457	5799
457	5800
457	5801
457	5802
457	5804
457	5806
457	5809
457	5811
457	5812
457	5814
457	5817
457	5818
457	5822
457	5827
457	5829
457	5830
457	5832
457	5844
457	5850
457	5860
457	5871
457	5872
457	5886
457	5891
457	5897
457	5902
457	5928
457	5931
457	5932
457	5933
457	5950
457	5969
457	5973
457	5980
457	5991
457	5994
457	5998
457	6001
457	6004
457	6006
457	6009
457	6010
457	6021
457	6032
457	6044
457	6094
457	6097
457	6106
457	6124
457	6149
457	6156
457	6161
457	6166
457	6170
457	6218
457	6221
457	6227
457	6229
457	6243
457	6261
457	6270
457	6272
457	6296
457	6299
457	6302
457	6305
457	6306
457	6323
457	6327
457	6328
457	6334
457	6337
457	6347
457	6376
457	6388
457	6400
457	6407
457	6409
457	6417
457	6422
457	6432
457	6437
457	6441
457	6442
457	6447
457	6458
457	6464
457	6472
457	6474
457	6481
457	6491
457	6496
457	6498
457	6503
457	6505
457	6528
457	6529
457	6552
457	6554
457	6560
457	6571
457	6576
457	6589
457	6594
457	6595
457	6600
457	6606
457	6613
457	6632
457	6634
457	6663
457	6665
457	6668
457	6682
457	6685
457	6686
457	6699
457	6715
457	6720
457	6725
457	6739
457	6770
457	6774
457	6780
457	6783
457	6784
457	6788
457	6803
457	6832
457	6840
457	6860
457	6869
457	6873
457	6875
457	6890
457	6897
457	6901
457	6907
457	6913
457	6930
457	7021
457	7034
457	7050
457	7073
457	7074
457	7092
457	7094
457	7237
457	7238
457	7279
457	7280
457	7341
457	7351
457	7381
457	7389
457	7400
457	7414
457	7450
457	7478
457	7491
457	7529
457	7544
457	7553
457	7561
457	7587
457	7624
457	7649
457	7662
457	7757
457	7791
457	7810
457	7833
457	7835
457	7860
457	7910
457	7924
457	7946
457	7957
457	7961
457	7965
457	7979
457	8037
457	8044
457	8050
457	8051
457	8121
457	8134
457	8141
457	8174
457	8198
457	8209
457	8212
457	8219
457	8224
457	8226
457	8249
457	8290
457	8291
457	8292
457	8293
457	8295
458	105
458	192
458	271
458	1053
460	28
460	75
460	514
461	28
461	75
461	477
461	515
462	28
462	75
462	105
462	8287
463	28
463	32
463	105
463	368
463	517
463	8287
465	514
465	1307
465	1453
465	2508
465	3180
465	3562
465	3717
465	3812
465	3843
465	3937
465	3939
465	3942
465	3967
465	5449
465	8283
465	8284
465	8294
467	32
467	214
467	259
467	368
467	517
467	849
467	893
467	1151
467	1186
467	2625
467	4247
467	6156
468	32
164	35
164	108
164	151
164	590
164	628
164	677
164	1097
164	1234
472	8284
476	477
479	86
479	243
479	477
479	545
479	549
479	686
479	978
479	1026
480	477
481	477
486	8286
473	105
488	86
488	105
488	271
488	549
489	75
489	105
489	514
489	524
489	8287
490	105
492	299
493	299
493	739
493	1718
494	75
494	299
494	8287
497	8
497	152
498	8
498	75
499	8
499	86
499	560
499	626
499	739
499	789
499	802
499	829
499	893
499	999
499	1080
499	1186
499	1193
499	1218
501	322
501	325
501	664
501	704
501	749
501	817
501	887
501	2209
501	2805
501	3473
502	86
502	322
502	417
502	8287
504	49
507	506
513	8
513	514
513	636
513	739
511	514
511	3321
511	8293
509	514
516	517
519	524
520	524
525	524
521	407
521	524
521	1018
521	2257
521	3352
522	524
523	524
445	271
445	524
445	3309
445	4547
527	8287
528	8287
531	8287
530	86
530	243
530	313
530	549
530	733
530	958
530	8287
529	8287
534	55
534	2210
534	2535
534	3800
536	39
536	75
536	368
536	1211
536	3755
539	75
539	3010
540	75
541	49
541	55
541	75
542	15
542	75
542	228
542	243
542	372
542	549
542	2774
543	55
544	55
544	6458
545	35
545	55
545	243
545	299
545	334
545	644
545	647
545	710
545	803
545	960
545	978
545	999
545	1026
545	1296
545	1297
545	1330
545	1402
545	1420
545	2135
545	2708
545	3459
545	6560
545	7620
545	7646
546	55
546	214
546	290
546	372
546	415
546	417
546	665
546	761
546	762
546	763
546	764
546	908
546	937
546	946
546	974
546	1026
546	1034
546	1151
546	1164
546	1165
546	1166
546	1211
546	1230
546	1261
546	1284
546	1297
546	1307
546	1357
546	1407
546	1482
546	1547
546	1571
546	1621
546	1658
546	1680
546	1697
546	1717
546	1734
546	1772
546	1808
546	1816
546	1836
546	1837
546	1842
546	1847
546	1849
546	1858
546	1884
546	1893
546	1901
546	1908
546	1927
546	1935
546	1953
546	1955
546	1956
546	1963
546	1966
546	1969
546	1973
546	1979
546	1982
546	1987
546	1990
546	2055
546	2071
546	2072
546	2073
546	2128
546	2144
546	2145
546	2160
546	2209
546	2210
546	2289
546	2297
546	2385
546	2397
546	2411
546	2440
546	2474
546	2542
546	2544
546	2625
546	2643
546	2660
546	2763
546	2805
546	2859
546	2877
546	3005
546	3136
546	3260
546	3334
546	3352
546	3443
546	3452
546	3479
546	3516
546	3562
546	3614
546	3650
546	3811
546	3946
546	4037
546	4099
546	4173
546	4191
546	4199
546	4424
546	4453
546	4463
546	4536
546	4578
546	4712
546	4719
546	4795
546	5254
546	5273
546	5295
546	5298
546	5484
546	5524
546	5584
546	5605
546	5697
546	5800
546	5807
546	5871
546	6407
546	6421
546	6441
546	6523
546	6553
546	6576
546	6590
546	6715
546	6784
546	6840
546	8290
546	8291
546	8292
551	55
218	55
218	1077
547	55
548	55
549	55
549	243
549	714
549	4256
550	55
552	49
552	1026
560	271
560	440
560	559
560	748
560	750
560	760
560	1080
560	1638
553	259
553	560
553	600
553	626
553	769
553	893
553	1186
553	1211
553	1239
553	1315
553	1808
553	1855
553	2117
553	2654
553	2871
553	3136
553	3408
553	4712
553	5254
553	5466
553	6299
553	7910
554	560
554	1103
554	1566
554	1842
554	2654
554	2697
555	560
555	893
555	1855
556	15
556	35
556	86
556	150
556	224
556	227
556	228
556	230
556	255
556	259
556	271
556	282
556	299
556	321
556	372
556	405
556	407
556	417
556	432
556	439
556	560
556	600
556	611
556	617
556	624
556	626
556	627
556	628
556	631
556	643
556	645
556	650
556	656
556	657
556	658
556	659
556	665
556	667
556	668
556	675
556	686
556	697
556	710
556	722
556	730
556	733
556	769
556	803
556	817
556	829
556	849
556	853
556	857
556	863
556	878
556	893
556	895
556	897
556	945
556	993
556	999
556	1035
556	1044
556	1053
556	1075
556	1111
556	1123
556	1144
556	1164
556	1186
556	1190
556	1193
556	1315
556	1330
556	1353
556	1442
556	1473
556	1497
556	1542
556	1717
556	1729
556	1808
556	1836
556	1842
556	1855
556	1858
556	1893
556	1908
556	1919
556	1927
556	1953
556	1956
556	1963
556	1966
556	1969
556	1973
556	1990
556	2004
556	2542
556	2595
556	2612
556	2623
556	2654
556	2657
556	2805
556	3018
556	3136
556	3192
556	3352
556	3371
556	3408
556	3439
556	3458
556	3537
556	3661
556	4124
556	4276
556	4338
556	4735
556	5412
556	5423
557	560
558	560
559	560
559	1802
559	2076
559	3755
561	56
561	152
561	236
561	282
562	282
563	282
565	282
564	150
564	255
564	282
564	310
564	311
564	604
564	656
564	673
564	730
564	739
564	756
564	761
564	895
564	906
564	4735
567	371
567	584
568	567
569	567
570	56
570	152
570	567
570	581
571	567
572	567
572	1111
572	1717
572	2398
572	3192
573	567
574	151
574	282
574	567
574	587
574	673
575	152
575	765
575	1662
579	152
579	626
579	1127
579	1186
576	152
577	152
578	152
580	182
580	1733
580	2258
580	2381
580	3293
580	3346
580	3664
580	4041
580	4653
580	4709
580	4899
580	4983
580	5103
580	5106
580	5144
580	5500
580	5651
580	6032
580	6043
580	6328
580	6784
580	7092
580	7144
580	7400
580	7587
580	7662
580	7946
580	7961
580	7992
580	8037
583	56
583	86
583	214
583	372
583	628
583	633
583	737
583	762
583	789
583	1026
583	1859
583	2102
583	2398
583	2535
583	2763
583	2775
583	3334
583	3443
583	3576
583	3897
583	4687
583	4977
583	5421
583	5449
583	5671
583	6914
582	56
582	589
582	762
582	1185
582	1688
582	2144
582	2456
582	2760
582	2871
582	3073
582	3321
582	3460
582	3464
582	3557
582	3812
582	3956
582	4040
582	4072
582	4212
582	4261
582	4536
582	4562
582	4584
582	4605
582	4661
582	4662
582	4666
582	4728
582	4735
582	4796
582	4808
582	4811
582	4875
582	5412
584	371
584	590
584	604
584	1600
584	1638
585	310
585	371
585	1307
586	86
586	151
586	243
586	403
586	439
586	616
586	667
586	673
586	677
586	733
586	1080
586	1201
586	3005
587	35
587	589
587	704
587	794
587	922
587	941
587	972
587	991
587	1286
587	1425
587	1439
587	2375
587	2625
587	2877
587	2918
587	2922
587	2926
587	2928
588	35
588	587
588	589
588	859
588	922
588	941
588	947
588	959
588	999
588	1035
588	1193
588	1330
588	1425
588	1439
588	1492
588	1547
588	1836
588	1842
588	1964
588	2062
588	2345
588	2385
590	36
590	282
590	429
590	579
590	829
590	1026
590	1062
590	1375
592	150
592	175
592	224
592	280
592	282
592	606
592	611
592	619
592	624
592	628
592	657
592	863
591	592
591	673
595	39
595	2193
593	39
596	39
594	39
597	86
597	151
598	151
599	151
601	321
601	600
601	803
601	1152
601	1413
601	1468
601	1476
601	2251
601	4234
600	15
600	29
600	35
600	36
600	72
600	86
600	227
600	228
600	243
600	246
600	259
600	271
600	282
600	290
600	299
600	308
600	311
600	313
600	321
600	324
600	350
600	372
600	407
600	417
600	439
600	488
600	549
600	579
600	601
600	626
600	637
600	647
600	665
600	677
600	704
600	706
600	722
600	723
600	730
600	733
600	739
600	742
600	746
600	749
600	750
600	760
600	762
600	763
600	769
600	794
600	798
600	803
600	817
600	829
600	844
600	853
600	856
600	859
600	864
600	866
600	873
600	878
600	885
600	893
600	895
600	907
600	932
600	946
600	960
600	966
600	999
600	1023
600	1026
600	1049
600	1053
600	1075
600	1080
600	1100
600	1103
600	1111
600	1165
600	1186
600	1193
600	1297
600	1310
600	1315
600	1330
600	1352
600	1353
600	1374
600	1377
600	1407
600	1471
600	1473
600	1476
600	1484
600	1497
600	1514
600	1521
600	1548
600	1549
600	1555
600	1564
600	1585
600	1633
600	1661
600	1717
600	1808
600	1835
600	1836
600	1837
600	1842
600	1847
600	1855
600	1884
600	1919
600	1927
600	1956
600	1963
600	1977
600	1979
600	2004
600	2060
600	2066
600	2106
600	2117
600	2210
600	2225
600	2251
600	2256
600	2297
600	2323
600	2328
600	2398
600	2409
600	2475
600	2479
600	2535
600	2542
600	2576
600	2587
600	2593
600	2595
600	2617
600	2625
600	2643
600	2652
600	2660
600	2736
600	2775
600	2851
600	2871
600	3002
600	3009
600	3018
600	3033
600	3034
600	3136
600	3164
600	3192
600	3352
600	3408
600	3443
600	3458
600	3568
600	3681
600	3755
600	3769
600	3804
600	3835
600	3962
600	4037
600	4071
600	4191
600	4276
600	4289
600	4310
600	4338
600	4384
600	4441
600	4510
600	4709
600	5226
600	5254
600	5341
600	5404
600	5423
600	5449
600	5452
600	5484
600	5511
600	5524
600	5543
600	5714
600	5829
600	6004
600	6229
600	6330
600	6560
600	6566
600	6613
600	6739
600	6774
600	6833
600	6855
600	6892
600	6946
600	7050
600	7115
600	7912
600	8042
600	8174
600	8212
600	8219
604	310
604	325
604	600
604	636
604	725
604	746
604	960
604	1377
602	604
605	280
606	280
606	607
606	611
608	609
608	5605
608	6414
610	611
613	1638
613	4078
612	613
616	282
614	549
614	600
614	616
614	659
614	682
614	715
614	798
614	938
614	942
614	945
615	150
615	246
615	255
615	282
615	306
615	319
615	325
615	432
615	587
615	616
615	617
615	622
615	624
615	627
615	628
615	636
615	645
615	650
615	656
615	657
615	664
615	668
615	673
615	675
615	677
615	684
615	687
615	694
615	700
615	719
615	739
615	750
615	756
615	760
615	761
618	282
618	407
618	600
618	619
618	673
618	715
618	844
618	857
618	875
618	895
618	955
495	282
495	622
495	665
495	2014
495	2470
495	4037
620	86
620	175
620	622
620	628
620	643
620	673
620	730
620	739
620	741
620	778
620	881
620	882
620	979
620	8289
621	175
624	627
624	628
625	624
625	2398
625	2774
626	35
626	86
626	259
626	282
626	299
626	432
626	439
626	579
626	600
626	627
626	673
626	707
626	733
626	802
626	803
626	817
626	893
626	960
626	993
626	1000
626	1141
626	1167
626	1186
626	1193
626	1330
626	1425
626	1464
626	1468
626	1855
626	2066
626	3136
628	1154
632	282
633	86
633	171
633	255
633	271
633	282
633	298
633	306
633	310
633	311
633	313
633	319
633	407
633	439
633	600
633	626
633	636
633	644
633	656
633	704
633	706
633	746
633	749
633	760
633	769
633	789
633	798
633	817
633	820
633	857
633	863
633	893
633	906
633	982
633	1020
633	1026
633	1425
633	1573
633	1580
633	1593
633	1859
633	1966
633	2397
633	2474
633	3253
633	3310
633	3607
633	4099
633	4211
633	4534
633	5469
633	5479
633	5773
633	6004
633	6330
633	7587
634	15
634	35
634	214
634	243
634	271
634	282
634	290
634	334
634	417
634	545
634	579
634	608
634	626
634	644
634	647
634	686
634	697
634	705
634	737
634	803
634	813
634	844
634	853
634	887
634	935
634	936
634	938
634	941
634	946
634	948
634	958
634	993
634	999
634	1006
634	1044
634	1061
634	1157
634	1164
634	1186
634	1190
634	1193
634	1196
634	1200
634	1201
634	1218
634	1253
634	1261
634	1284
634	1285
634	1286
634	1296
634	1297
634	1319
634	1321
634	1330
634	1357
634	1378
634	1382
634	1385
634	1389
634	1390
634	1403
634	1476
634	1486
634	1514
634	1537
634	1564
634	1585
634	1688
634	1689
634	1707
634	1717
634	1723
634	1744
634	1757
634	1774
634	1842
634	1965
634	1966
634	1972
634	2071
634	2073
634	2079
634	2225
634	2289
634	2328
634	2440
634	2485
634	2542
634	2565
634	2579
634	2618
634	2625
634	2653
634	2654
634	2774
634	2831
634	2851
634	2871
634	2955
634	3192
634	3276
634	3394
634	3455
634	3456
634	3516
634	3554
634	3580
634	3755
634	3796
634	3803
634	3892
634	4037
634	4041
634	4099
634	4175
634	4290
634	4297
634	4323
634	4400
634	4424
634	4748
634	4929
634	4994
634	5002
634	5103
634	5106
634	5200
634	5233
634	5288
634	5404
634	5437
634	5459
634	5509
634	5524
634	5527
634	5539
634	5543
634	5773
634	5814
634	5818
634	5827
634	5922
634	5925
634	5936
634	5994
634	6148
634	6227
634	6869
634	8288
646	282
646	762
646	810
646	963
646	1385
646	1412
646	1425
646	1484
646	1734
646	1754
646	1781
646	2697
646	2830
646	3089
646	3140
646	3150
646	7862
635	29
635	35
635	204
635	271
635	282
635	285
635	299
635	304
635	317
635	407
635	432
635	587
635	600
635	643
635	656
635	659
635	665
635	704
635	710
635	714
635	722
635	730
635	741
635	779
635	803
635	857
635	863
635	937
635	958
635	982
635	991
635	1012
635	1014
635	1020
635	1026
635	1035
635	1131
635	1160
635	1166
635	1186
635	1193
635	1200
635	1211
635	1296
635	1321
635	1357
635	1437
635	1453
635	1566
635	1621
635	1861
635	1864
635	2066
635	2073
635	2328
635	2341
635	2475
635	2506
635	2660
635	2801
635	3148
635	3307
635	3489
635	3516
635	4201
635	4261
636	271
636	282
636	407
636	432
636	663
636	715
636	739
636	750
636	806
636	1201
636	1524
647	35
647	243
647	282
647	299
647	545
647	587
647	600
647	626
647	739
647	836
647	857
647	985
647	1031
647	1053
647	1123
647	1186
647	1193
647	1218
647	1297
647	1330
647	1378
647	1390
647	1497
647	1547
647	2062
647	2281
647	2322
647	2345
647	2348
647	2350
647	2385
647	2397
637	271
637	282
637	311
637	317
637	742
637	762
637	789
637	838
637	857
637	863
637	937
637	977
637	1014
637	1026
637	1573
637	2237
637	2517
637	2565
637	2651
637	4037
637	4335
637	4712
637	4820
637	5254
637	6833
638	282
640	214
640	282
640	644
640	1186
641	282
641	686
642	282
642	656
642	657
648	150
648	282
643	72
643	282
643	311
643	313
643	600
643	673
643	715
643	719
643	725
643	733
643	746
643	749
643	750
643	756
643	798
643	823
643	866
643	930
643	958
643	972
643	1023
643	1026
643	1053
643	1123
643	1151
643	1259
643	1279
643	1413
643	1534
643	1718
643	1758
643	1919
643	1964
643	2253
643	2654
643	3338
643	3803
643	3871
643	4037
643	4117
643	4179
643	4735
643	6305
643	6400
643	6589
643	6934
644	35
644	86
644	271
644	282
644	313
644	415
644	425
644	439
644	549
644	636
644	677
644	762
644	863
644	908
644	1022
644	1125
644	1360
644	1372
644	1524
644	1585
644	1593
644	2264
644	2790
644	2838
644	2877
644	2922
644	2928
645	29
645	72
645	214
645	271
645	282
645	407
645	659
645	706
645	817
645	857
645	863
645	875
645	1186
645	1919
645	4315
645	6306
649	150
649	282
649	304
649	317
649	407
649	432
649	447
649	549
649	600
649	643
649	650
649	659
649	673
649	705
649	714
649	715
649	719
649	723
649	730
649	741
649	778
649	779
649	789
649	793
649	794
649	798
649	802
649	810
649	820
649	863
649	878
649	881
649	882
649	885
649	995
649	1007
649	1014
649	1186
649	1453
649	2643
650	36
650	214
650	259
650	271
650	290
650	308
650	311
650	332
650	429
650	488
650	637
650	657
650	663
650	667
650	677
650	682
650	700
650	714
650	733
650	748
650	762
650	765
650	779
650	794
650	798
650	806
650	817
650	829
650	853
650	857
650	859
650	868
650	885
650	895
650	922
650	932
650	936
650	955
650	977
650	978
650	982
650	995
650	1020
650	1026
650	1030
650	1053
650	1144
650	1156
650	1186
650	1192
650	1211
650	1267
650	1286
650	1296
650	1297
650	1375
650	1382
650	1413
650	1418
650	1419
650	1453
650	1507
650	1592
650	1608
650	1734
650	1836
650	1997
650	2053
650	2117
650	2128
650	2225
650	2234
650	2323
650	2332
650	2333
650	2339
650	2397
650	2400
650	2425
650	2484
650	2576
650	2587
650	2593
650	2625
650	2655
650	2669
650	2785
650	2830
650	2880
650	2951
650	2955
650	2972
650	2977
650	3034
650	3082
650	3117
650	3130
650	3256
651	656
651	714
655	656
652	549
652	656
653	656
653	958
654	656
657	4110
658	255
658	664
658	667
658	1186
658	1190
658	6458
659	35
659	86
659	204
659	271
659	417
659	439
659	545
659	761
659	857
659	906
659	978
659	1193
659	1297
659	3755
661	658
661	1186
662	658
662	2655
664	749
664	797
664	849
664	906
664	1374
664	1489
664	1513
664	1569
664	1718
664	1864
664	2470
664	2651
664	3755
663	35
663	36
663	56
663	72
663	86
663	171
663	214
663	243
663	259
663	271
663	290
663	299
663	311
663	321
663	407
663	425
663	439
663	600
663	618
663	636
663	637
663	643
663	664
663	667
663	675
663	677
663	682
663	684
663	696
663	697
663	700
663	704
663	707
663	710
663	715
663	719
663	725
663	730
663	737
663	739
663	743
663	746
663	750
663	756
663	760
663	761
663	762
663	769
663	789
663	794
663	798
663	817
663	822
663	844
663	853
663	857
663	864
663	868
663	871
663	875
663	878
663	881
663	887
663	903
663	922
663	929
663	930
663	934
663	936
663	947
663	966
663	971
663	978
663	979
663	985
663	993
663	1007
663	1020
663	1026
663	1043
663	1053
663	1123
663	1125
663	1128
663	1140
663	1166
663	1167
663	1193
663	1211
663	1222
663	1234
663	1241
663	1261
663	1266
663	1270
663	1287
663	1319
663	1360
663	1374
663	1394
663	1496
663	1498
663	1525
663	1538
663	1573
663	1603
663	1661
663	1688
663	1754
663	1769
663	1956
663	1961
663	1966
663	2066
663	2102
663	2135
663	2174
663	2223
663	2242
663	2324
663	2364
663	2381
663	2485
663	2535
663	2560
663	2592
663	2643
663	2700
663	2830
663	3014
663	3084
663	3253
663	3284
663	3452
663	3456
663	3635
663	3661
663	3897
663	3910
663	3962
663	4040
663	4099
663	4269
663	4400
663	4424
663	4480
663	4485
663	4846
663	4980
663	5092
663	5144
663	5204
663	5806
663	5887
663	6123
663	6634
663	6784
663	7809
667	332
667	665
667	1111
667	1193
667	1729
667	1927
667	2135
667	2470
667	2763
667	2958
667	3009
667	3404
667	4037
667	4463
667	4600
667	4687
667	5421
667	6006
667	7553
665	56
665	667
665	1729
665	2470
665	2958
665	3408
665	4687
666	665
666	667
668	3089
668	6897
639	86
639	271
639	313
639	439
639	668
639	674
639	696
639	719
639	749
639	760
639	761
639	794
639	810
639	817
639	823
639	857
639	863
639	941
639	943
639	985
639	989
639	1023
639	1026
639	1030
639	1201
639	1222
639	1277
639	1286
639	1382
639	1453
639	1484
669	670
673	86
673	271
673	407
673	549
673	565
672	673
675	4049
674	86
674	271
674	308
674	310
674	317
674	325
674	406
674	675
674	733
674	749
674	857
674	878
674	895
674	972
674	981
674	1222
677	760
677	817
676	677
678	681
684	756
684	1833
683	684
682	310
682	636
682	684
686	171
686	334
686	338
686	372
686	407
686	644
686	663
686	687
686	710
686	769
686	803
686	805
686	826
686	853
686	861
686	937
686	943
686	948
686	956
686	966
686	971
686	978
686	981
686	985
686	1022
686	1032
686	1035
686	1038
686	1039
686	1043
686	1062
686	1080
686	1128
686	1144
686	1152
686	1160
686	1165
686	1196
686	1203
686	1221
686	1261
686	1277
686	1282
686	1297
686	1372
686	1375
686	1389
686	1402
686	1413
686	1418
686	1420
686	1476
686	1489
686	1514
686	1518
686	1524
686	1533
686	1534
686	1538
686	1600
686	1603
686	1658
686	1717
686	1805
686	1833
686	1836
686	1842
686	1849
686	1861
686	1864
686	1893
686	1903
686	1966
686	1973
686	2397
686	3755
686	5233
686	5524
686	5527
686	6148
686	6151
686	8288
686	8290
688	310
688	743
688	1196
688	3720
688	3967
689	86
689	214
689	259
689	299
689	310
689	439
689	644
689	749
689	789
689	798
689	873
689	1018
689	1039
689	1186
689	1297
689	1307
689	1413
689	1613
689	1787
689	1805
689	1859
689	1864
689	1992
689	2128
689	2157
689	2163
689	2333
689	2397
689	2398
689	2411
689	2517
689	2580
689	2593
689	2643
689	2736
689	3089
689	3173
689	3180
689	3371
689	3393
689	3926
689	4021
689	4666
689	5412
689	5452
689	5637
689	5790
690	310
690	3456
690	4600
691	36
691	306
691	429
691	696
691	817
691	863
691	928
691	937
691	1043
691	1186
691	1199
691	1201
691	1203
691	1236
691	1243
691	1487
691	1622
691	1835
691	1847
691	1888
691	1953
691	1969
691	2117
691	6930
692	306
692	319
692	325
693	694
695	15
695	36
695	56
695	86
695	204
695	271
695	290
695	317
695	324
695	325
695	346
695	372
695	439
695	549
695	600
695	691
695	704
695	730
695	733
695	737
695	756
695	761
695	762
695	769
695	789
695	813
695	863
695	893
695	932
695	958
695	971
695	999
695	1014
695	1123
695	1151
695	1166
695	1211
695	1222
695	1322
695	1374
695	1385
695	1411
695	1497
695	1521
695	1580
695	1585
695	1603
695	1638
695	1657
695	1687
695	1717
695	1718
695	1732
695	1842
695	1855
695	1901
695	1979
695	1983
695	2066
695	2145
695	2151
695	2210
695	2240
695	2252
695	2328
695	2499
695	2506
695	2535
695	2576
695	2585
695	2625
695	2643
695	2654
695	2686
695	2747
695	2777
695	2877
695	2923
695	3007
695	3117
695	3309
695	3352
695	3404
695	3443
695	3516
695	3537
695	3580
695	3607
695	3631
695	3680
695	3807
695	3892
695	3976
695	4011
695	4098
695	4201
695	4269
695	4365
695	4384
695	4480
695	4587
695	4639
695	4712
695	4735
695	4962
695	4999
695	5233
695	5487
695	5760
695	5897
695	6251
695	6262
695	6306
695	6437
695	6634
695	6770
695	7809
695	8292
699	406
699	407
699	647
699	978
699	1222
699	1573
699	1585
699	1966
701	15
701	230
701	432
701	3334
703	714
704	271
704	304
704	308
704	313
704	317
704	346
704	545
704	579
704	647
704	663
704	673
704	714
704	723
704	762
704	765
704	789
704	805
704	857
704	859
704	873
704	908
704	941
704	948
704	974
704	985
704	993
704	999
704	1007
704	1026
704	1034
704	1097
704	1125
704	1166
704	1201
704	1222
704	1241
704	1297
704	1396
704	1413
704	1453
704	1471
704	1501
704	1514
704	1595
704	1603
704	1633
704	1757
704	1787
704	1903
704	1966
704	1987
704	2066
704	2102
704	2106
704	2117
704	2119
704	2181
704	2225
704	2231
704	2341
704	2400
704	2579
704	2593
704	2625
704	2643
704	2655
704	2660
704	2662
704	2708
704	2809
704	2811
704	2814
704	2912
704	3005
704	3028
704	3253
704	3473
704	3680
704	4661
704	5204
704	5412
705	35
705	171
705	317
705	674
705	710
705	714
705	795
705	823
705	857
705	878
705	906
705	922
705	932
705	941
705	943
705	958
705	978
705	981
705	1007
705	1029
705	1062
705	1127
705	1201
705	1222
705	1270
705	1282
705	1413
705	8289
706	35
706	36
706	56
706	259
706	299
706	317
706	407
706	549
706	579
706	600
706	626
706	659
706	663
706	710
706	714
706	741
706	748
706	761
706	765
706	778
706	789
706	803
706	817
706	829
706	836
706	838
706	903
706	913
706	963
706	978
706	993
706	1014
706	1053
706	1080
706	1111
706	1123
706	1186
706	1190
706	1192
706	1193
706	1211
706	1248
706	1279
706	1296
706	1297
706	1321
706	1322
706	1330
706	1374
706	1411
706	1435
706	1442
706	1471
706	1478
706	1486
706	1489
706	1496
706	1501
706	1514
706	1520
706	1569
706	1573
706	1585
706	1593
706	1597
706	1636
706	1649
706	1652
706	1654
706	1661
706	1662
706	1669
706	1672
706	1680
706	1718
706	1772
706	1819
706	1864
706	1884
706	1919
706	1956
706	1984
706	2060
706	2062
706	2157
706	2165
706	2385
706	2397
706	2400
706	2484
706	2625
706	2763
706	2801
706	3755
706	8291
707	35
707	86
707	227
707	271
707	290
707	299
707	311
707	321
707	372
707	407
707	432
707	579
707	626
707	663
707	682
707	696
707	697
707	710
707	714
707	742
707	762
707	769
707	784
707	794
707	795
707	803
707	813
707	826
707	853
707	857
707	861
707	904
707	907
707	928
707	938
707	941
707	945
707	946
707	948
707	956
707	971
707	977
707	978
707	989
707	991
707	994
707	999
707	1007
707	1020
707	1023
707	1026
707	1030
707	1038
707	1039
707	1053
707	1055
707	1061
707	1062
707	1075
707	1123
707	1131
707	1167
707	1190
707	1192
707	1193
707	1201
707	1203
707	1211
707	1234
707	1248
707	1253
707	1261
707	1297
707	1319
707	1330
707	1372
707	1375
707	1377
707	1389
707	1402
707	1428
707	1471
707	1476
707	1484
707	1486
707	1489
707	1490
707	1496
707	1497
707	1506
707	1514
707	1518
707	1521
707	1525
707	1532
707	1537
707	1538
707	1542
707	1556
707	1563
707	1564
707	1573
707	1580
707	1587
707	1593
707	1600
707	1603
707	1608
707	1621
707	1661
707	1662
707	1701
707	1718
707	1726
707	1774
707	1808
707	1842
707	1855
707	2053
707	2625
707	2643
707	2843
707	3136
708	29
708	171
708	204
708	271
708	304
708	311
708	317
708	321
708	334
708	407
708	447
708	545
708	696
708	707
708	714
708	764
708	784
708	789
708	866
708	930
708	937
708	947
708	956
708	958
708	978
708	981
708	991
708	1031
708	1039
708	1092
708	1114
708	1128
708	1140
708	1141
708	1154
708	1156
708	1270
708	1297
708	1888
708	2066
708	2120
708	2193
708	2322
708	2576
708	2768
708	2790
708	2815
708	2818
708	2900
708	2993
708	3473
709	714
710	15
710	35
710	56
710	230
710	243
710	271
710	321
710	407
710	417
710	644
710	663
710	686
710	697
710	704
710	707
710	714
710	762
710	769
710	784
710	789
710	795
710	857
710	861
710	937
710	941
710	955
710	960
710	972
710	979
710	989
710	991
710	993
710	1026
710	1038
710	1043
710	1044
710	1053
710	1055
710	1062
710	1092
710	1100
710	1123
710	1127
710	1141
710	1152
710	1193
710	1199
710	1201
710	1211
710	1230
710	1234
710	1261
710	1267
710	1277
710	1279
710	1286
710	1297
710	1319
710	1360
710	1377
710	1413
710	1428
710	1439
710	1496
710	1514
710	1525
710	1564
710	1585
710	1593
710	1633
710	1648
710	1705
710	1718
710	1734
710	1754
710	1768
710	1774
710	1956
710	1969
710	2117
710	2120
710	2174
710	2225
710	2276
710	2290
710	2339
710	2381
710	2474
710	2542
710	2625
710	2651
710	2657
710	2801
710	2900
710	2923
710	3284
710	3376
710	3456
710	3516
710	3537
710	3671
710	4735
710	5412
710	8289
710	8292
696	587
696	714
696	903
696	930
696	1026
696	1125
711	714
712	304
712	714
712	795
712	978
712	1193
712	1253
712	1428
712	1496
712	1525
712	1555
712	1585
712	1595
712	1603
712	1604
712	1622
712	1697
712	1774
712	1855
712	1927
713	332
713	432
713	714
713	2426
715	35
715	227
715	299
715	334
715	407
715	644
715	647
715	719
715	803
715	857
715	978
715	999
715	1006
715	1062
715	1075
715	1193
715	1221
715	1282
715	1286
715	1296
715	1321
715	1330
715	1637
716	715
717	715
718	715
719	715
719	723
719	1811
719	3808
720	715
721	715
722	36
722	72
722	86
722	204
722	214
722	246
722	290
722	308
722	346
722	403
722	407
722	429
722	439
722	447
722	608
722	637
722	643
722	719
722	723
722	733
722	737
722	739
722	746
722	748
722	760
722	761
722	762
722	763
722	765
722	769
722	784
722	789
722	813
722	817
722	825
722	827
722	839
722	844
722	856
722	857
722	893
722	895
722	897
722	904
722	906
722	908
722	932
722	934
722	935
722	955
722	963
722	974
722	977
722	978
722	989
722	991
722	993
722	1018
722	1026
722	1049
722	1053
722	1127
722	1154
722	1157
722	1164
722	1166
722	1167
722	1186
722	1201
722	1211
722	1218
722	1232
722	1234
722	1236
722	1250
722	1261
722	1267
722	1277
722	1291
722	1297
722	1307
722	1321
722	1357
722	1374
722	1378
722	1385
722	1402
722	1420
722	1441
722	1442
722	1453
722	1473
722	1485
722	1525
722	1534
722	1537
722	1556
722	1566
722	1573
722	1593
722	1596
722	1597
722	1603
722	1612
722	1633
722	1637
722	1641
722	1646
722	1669
722	1705
722	1717
722	1718
722	1733
722	1734
722	1744
722	1754
722	1777
722	1783
722	1805
722	1836
722	1847
722	1849
722	1859
722	1864
722	1918
722	1956
722	1992
722	2053
722	2066
722	2097
722	2101
722	2102
722	2117
722	2120
722	2145
722	2157
722	2234
722	2237
722	2251
722	2252
722	2256
722	2294
722	2326
722	2333
722	2340
722	2375
722	2398
722	2410
722	2411
722	2416
722	2470
722	2501
722	2565
722	2570
722	2571
722	2575
722	2576
722	2579
722	2587
722	2591
722	2607
722	2618
722	2625
722	2629
722	2643
722	2647
722	2651
722	2653
722	2654
722	2662
722	2670
722	2697
722	2707
722	2720
722	2721
722	2727
722	2754
722	2775
722	2777
722	2785
722	2787
722	2790
722	2794
722	2797
722	2799
722	2801
722	2818
722	2821
722	2825
722	2830
722	2838
722	2856
722	2877
722	2880
722	2900
722	2902
722	2917
722	2918
722	2926
722	2940
722	2946
722	2951
722	2968
722	2972
722	2991
722	2993
722	2996
722	3007
722	3018
722	3020
722	3029
722	3033
722	3034
722	3050
722	3056
722	3068
722	3089
722	3117
722	3140
722	3145
722	3173
722	3253
722	3255
722	3258
722	3276
722	3371
722	3393
722	3408
722	3435
722	3443
722	3480
722	3580
722	3609
722	3680
722	3681
722	3755
722	3796
722	3812
722	3897
722	3958
722	4037
722	4103
722	4201
722	4266
722	4735
722	4797
722	4798
722	4820
722	4980
722	5022
722	5263
722	5323
722	5326
722	5341
722	5392
722	5454
722	5484
722	5928
722	6299
722	6432
722	6714
722	6784
722	7553
722	8292
723	719
725	749
725	789
725	849
725	859
725	1006
725	1053
724	725
724	741
724	1935
724	3404
726	739
726	756
727	72
727	214
727	271
727	665
727	737
727	739
727	1186
727	1199
727	1211
727	1497
727	1569
727	1842
727	1861
727	1864
727	1956
727	1961
727	2066
727	2256
727	2323
727	2397
727	2398
727	2643
727	2775
727	2777
727	2877
727	3050
727	3104
727	3433
727	4191
727	4828
727	5412
727	6913
728	600
728	706
728	739
728	756
728	817
729	739
730	35
730	86
730	243
730	271
730	299
730	439
730	600
730	696
730	704
730	733
730	739
730	743
730	749
730	750
730	838
730	857
730	893
730	895
730	955
730	958
730	983
730	989
730	1022
730	1026
730	1031
730	1035
730	1131
730	1140
730	1186
730	1192
730	1435
730	1506
730	2339
730	5412
731	739
732	246
732	549
732	739
732	857
733	86
733	439
733	549
733	739
733	829
733	1026
733	1151
733	1464
737	246
737	659
737	739
737	840
737	938
737	1403
737	1493
737	1823
737	1865
737	1982
737	2381
737	2433
737	2440
737	2565
737	2620
737	2851
737	2940
737	3084
737	3092
737	3106
737	3238
737	3284
737	3452
737	3458
737	3459
737	3568
737	3631
737	3726
737	3792
737	3842
737	3919
737	4037
737	4044
737	4065
737	4071
737	4298
737	4335
737	4401
737	4432
737	4441
737	4632
737	4712
737	4713
737	4791
737	4875
737	4953
737	4983
737	5002
737	5012
737	5028
737	5037
737	5064
737	5096
737	5132
737	5144
737	5148
737	5179
737	5188
737	5199
737	5210
737	5233
737	5239
737	5246
737	5254
737	5273
737	5288
737	5295
737	5321
737	5341
737	5384
737	5404
737	5412
737	5466
737	5529
737	5543
737	5563
737	5582
737	5605
737	5697
737	5738
737	5760
737	5772
737	5800
737	5802
737	5807
737	5814
737	5822
737	5824
737	5827
737	5887
737	5902
737	5922
737	5950
737	6000
737	6001
737	6004
737	6032
737	6044
737	6047
737	6097
737	6123
737	6156
737	6170
737	6221
737	6227
737	6280
737	6299
737	6305
737	6320
737	6323
737	6388
737	6414
737	6417
737	6421
737	6422
737	6442
737	6447
737	6496
737	6523
737	6560
737	6566
737	6567
737	6576
737	6595
737	6596
737	6599
737	6613
737	6618
737	6624
737	6628
737	6634
737	6663
737	6665
737	6700
737	6720
737	6725
737	6736
737	6739
737	6759
737	6765
737	6770
737	6772
737	6780
737	6784
737	6789
737	6803
737	6805
737	6832
737	6855
737	6875
737	6897
737	6913
737	6917
737	6924
737	6930
737	6933
737	6934
737	6945
737	6946
737	6948
737	6953
737	6976
737	6979
737	6993
737	6994
737	7012
737	7047
737	7063
737	7094
737	7115
737	7116
737	7162
737	7185
737	7186
737	7225
737	7233
737	7279
737	7295
737	7323
737	7341
737	7351
737	7373
737	7386
737	7391
737	7397
737	7422
737	7442
737	7449
737	7450
737	7493
737	7517
737	7544
737	7553
737	7567
737	7574
737	7588
737	7593
737	7618
737	7620
737	7632
737	7647
737	7649
737	7651
737	7658
737	7666
737	7669
737	7673
737	7675
737	7694
737	7699
737	7730
737	7778
737	7799
737	7803
737	7819
737	7839
737	7874
737	7921
737	7924
737	7927
737	7961
737	7965
737	8051
737	8134
737	8141
737	8163
737	8168
737	8192
737	8198
737	8204
737	8212
737	8297
738	8
738	86
738	439
738	739
738	748
738	979
738	2276
738	5301
734	739
735	739
742	72
742	86
742	246
742	271
742	298
742	304
742	311
742	317
742	324
742	447
742	643
742	659
742	663
742	682
742	697
742	704
742	707
742	722
742	762
742	769
742	789
742	810
742	817
742	829
742	838
742	857
742	863
742	885
742	893
742	897
742	906
742	941
742	977
742	978
742	993
742	994
742	1006
742	1007
742	1023
742	1026
742	1038
742	1039
742	1053
742	1165
742	1167
742	1200
742	1201
742	1241
742	1310
742	1385
742	1394
742	1413
742	1425
742	1476
742	1983
742	2095
742	2097
742	2435
742	2669
742	2721
742	2940
742	3238
742	3334
742	3352
742	3460
742	3464
742	3568
742	4044
742	4234
742	4261
742	4384
742	4385
742	4386
742	4424
742	4605
742	4820
742	4875
742	5002
742	5073
742	5745
742	6424
742	6624
742	6712
742	6832
742	7214
742	7225
742	7277
742	7662
742	7691
742	7707
742	7795
742	7803
742	7809
744	746
745	746
745	750
748	5210
697	15
697	72
697	271
697	311
697	313
697	321
697	332
697	600
697	643
697	663
697	665
697	682
697	691
697	696
697	704
697	705
697	730
697	742
697	748
697	789
697	794
697	817
697	859
697	875
697	895
697	936
697	941
697	960
697	981
697	982
697	993
697	994
697	1007
697	1014
697	1023
697	1026
697	1032
697	1039
697	1062
697	1092
697	1125
697	1128
697	1141
697	1190
697	1236
697	1253
697	1259
697	1413
697	1473
697	1476
697	1513
697	1548
697	1569
697	1595
697	1636
697	1700
697	1757
697	1836
697	1884
697	1966
697	2116
697	2225
697	2369
697	2397
697	2398
697	2517
697	2535
697	2576
697	2785
697	3106
697	3274
697	3371
697	3393
697	3456
697	3498
697	3631
697	3635
697	3970
697	4037
697	4044
697	4099
697	4212
697	4266
697	4574
697	4661
697	4666
697	4735
697	4820
697	4953
697	4962
697	4964
697	5215
697	5412
697	5449
697	5509
697	5790
697	6784
697	6873
697	7809
697	8044
749	86
749	290
749	407
749	559
749	600
749	697
749	730
749	750
749	789
749	798
749	805
749	817
749	878
749	1039
749	1186
749	1239
749	1310
749	1407
749	1425
749	1629
749	1637
749	1744
749	2225
749	2258
749	2324
749	2328
749	2384
749	2651
749	2654
749	2770
749	2819
749	2951
749	3238
749	3352
749	3417
749	3435
749	3537
749	3607
749	3634
749	3873
749	3892
749	3970
749	4037
749	4124
749	4289
749	4335
749	4400
749	4666
749	4715
749	4953
749	4981
749	5239
749	5254
749	5412
749	5445
749	5584
749	5637
749	6347
749	6498
749	7115
749	7587
749	7618
749	7632
749	7683
749	7778
749	7992
321	35
321	86
321	271
321	308
321	311
321	439
321	488
321	696
321	704
321	750
321	769
321	817
321	895
321	918
321	934
321	938
321	945
321	955
321	958
321	966
321	971
321	972
321	1023
321	1026
321	1053
321	1123
321	1190
751	756
754	56
754	756
752	756
753	756
755	756
760	600
758	760
758	5130
759	35
759	36
759	72
759	86
759	259
759	271
759	299
759	311
759	313
759	317
759	429
759	432
759	600
759	626
759	643
759	659
759	704
759	730
759	760
759	762
759	763
759	769
759	789
759	829
759	857
759	893
759	895
759	897
759	906
759	963
759	972
759	979
759	981
759	995
759	999
759	1014
759	1053
759	1075
759	1080
759	1123
759	1140
759	1186
759	1193
759	1211
759	1230
759	1315
759	1375
759	1416
759	1425
759	1534
759	1580
759	1697
759	1717
759	1842
759	1855
759	1956
759	2398
759	2542
759	2754
759	3136
759	3473
759	3520
759	3537
759	3587
759	3680
759	4191
759	4338
759	4653
759	4666
759	4777
759	5072
759	5321
759	5392
759	5423
759	5430
759	5673
759	8293
761	29
761	204
761	304
761	565
761	989
761	1484
761	2151
761	2398
763	15
763	214
763	579
763	637
763	665
763	733
763	765
763	817
763	820
763	849
763	857
763	893
763	1049
763	1211
763	1267
763	1360
763	1407
763	1464
763	1520
763	1633
763	1717
763	1718
763	1927
763	2095
763	2097
763	2257
763	2294
763	2323
763	2375
763	2398
763	2411
763	2542
763	2560
763	2612
763	2625
763	2643
763	2651
763	2653
763	2754
763	2871
763	2966
763	2977
763	3130
763	3284
763	3352
763	3393
763	3529
763	3664
763	3691
763	3752
763	3806
763	3976
763	4297
763	4335
763	4712
763	4953
763	5037
763	5073
763	5222
763	5288
763	5392
763	5412
763	5430
763	5620
763	5651
763	6262
763	7813
763	7862
764	549
764	600
764	762
764	765
764	946
764	947
764	1154
764	1211
764	1492
764	1700
764	1734
764	1754
764	1772
764	1956
764	1992
764	2071
764	2117
764	2120
764	2174
764	2195
764	2205
764	2294
764	2322
764	2328
764	2501
764	2504
764	2580
764	2585
764	2625
764	3192
764	3276
764	3755
764	4269
764	8290
766	15
766	72
766	86
766	155
766	204
766	271
766	285
766	332
766	346
766	350
766	403
766	417
766	549
766	579
766	600
766	608
766	633
766	644
766	659
766	673
766	706
766	722
766	737
766	741
766	749
766	762
766	765
766	789
766	817
766	825
766	826
766	856
766	857
766	871
766	878
766	908
766	946
766	960
766	967
766	968
766	974
766	978
766	1024
766	1026
766	1031
766	1035
766	1049
766	1100
766	1114
766	1125
766	1157
766	1159
766	1164
766	1166
766	1167
766	1185
766	1186
766	1191
766	1201
766	1211
766	1239
766	1243
766	1247
766	1250
766	1267
766	1286
766	1291
766	1305
766	1307
766	1310
766	1352
766	1357
766	1360
766	1378
766	1384
766	1385
766	1393
766	1403
766	1416
766	1419
766	1428
766	1437
766	1473
766	1492
766	1496
766	1514
766	1538
766	1550
766	1571
766	1585
766	1608
766	1621
766	1622
766	1633
766	1646
766	1653
766	1680
766	1688
766	1705
766	1706
766	1717
766	1723
766	1733
766	1734
766	1754
766	1769
766	1772
766	1774
766	1777
766	1781
766	1799
766	1808
766	1814
766	1836
766	1837
766	1842
766	1847
766	1858
766	1888
766	1893
766	1915
766	1918
766	1919
766	1935
766	1956
766	1964
766	1966
766	1969
766	1971
766	1972
766	1982
766	1984
766	1990
766	1992
766	2001
766	2004
766	2014
766	2016
766	2066
766	2071
766	2076
766	2102
766	2114
766	2116
766	2117
766	2120
766	2134
766	2135
766	2144
766	2145
766	2174
766	2193
766	2209
766	2225
766	2231
766	2237
766	2240
766	2241
766	2251
766	2252
766	2256
766	2257
766	2258
766	2264
766	2276
766	2290
766	2297
766	2307
766	2322
766	2324
766	2325
766	2328
766	2338
766	2354
766	2356
766	2364
766	2371
766	2375
766	2381
766	2384
766	2398
766	2410
766	2433
766	2440
766	2456
766	2474
766	2485
766	2506
766	2507
766	2510
766	2511
766	2516
766	2517
766	2535
766	2542
766	2544
766	2547
766	2550
766	2560
766	2565
766	2576
766	2579
766	2592
766	2593
766	2594
766	2597
766	2599
766	2605
766	2617
766	2619
766	2623
766	2625
766	2646
766	2653
766	2654
766	2658
766	2660
766	2662
766	2667
766	2674
766	2685
766	2689
766	2693
766	2696
766	2697
766	2700
766	2707
766	2713
766	2721
766	2747
766	2754
766	2760
766	2763
766	2764
766	2765
766	2774
766	2775
766	2785
766	2787
766	2790
766	2794
766	2805
766	2809
766	2811
766	2814
766	2815
766	2819
766	2822
766	2828
766	2830
766	2831
766	2834
766	2851
766	2856
766	2859
766	2871
766	2900
766	2909
766	2912
766	2917
766	2922
766	2923
766	2925
766	2932
766	2940
766	2951
766	2955
766	2958
766	2963
766	2968
766	2972
766	2973
766	2981
766	2993
766	2999
766	3000
766	3002
766	3005
766	3009
766	3010
766	3014
766	3015
766	3021
766	3027
766	3029
766	3033
766	3034
766	3050
766	3073
766	3089
766	3092
766	3103
766	3104
766	3114
766	3117
766	3125
766	3140
766	3144
766	3148
766	3150
766	3192
766	3200
766	3238
766	3243
766	3251
766	3253
766	3265
766	3271
766	3274
766	3276
766	3284
766	3291
766	3293
766	3307
766	3309
766	3310
766	3319
766	3320
766	3321
766	3324
766	3334
766	3348
766	3351
766	3352
766	3381
766	3393
766	3394
766	3408
766	3417
766	3433
766	3443
766	3447
766	3452
766	3453
766	3454
766	3455
766	3456
766	3458
766	3459
766	3460
766	3464
766	3473
766	3483
766	3486
766	3489
766	3498
766	3506
766	3516
766	3537
766	3541
766	3547
766	3549
766	3554
766	3555
766	3557
766	3562
766	3580
766	3586
766	3587
766	3607
766	3614
766	3615
766	3616
766	3631
766	3634
766	3635
766	3643
766	3645
766	3646
766	3664
766	3681
766	3691
766	3720
766	3724
766	3726
766	3748
766	3752
766	3769
766	3772
766	3776
766	3787
766	3792
766	3796
766	3803
766	3804
766	3806
766	3812
766	3813
766	3830
766	3835
766	3842
766	3843
766	3854
766	3856
766	3871
766	3873
766	3887
766	3897
766	3898
766	3910
766	3956
766	3958
766	3962
766	3969
766	3976
766	4011
766	4013
766	4040
766	4041
766	4043
766	4044
766	4055
766	4065
766	4072
766	4098
766	4099
766	4103
766	4110
766	4124
766	4134
766	4138
766	4162
766	4175
766	4179
766	4189
766	4191
766	4212
766	4219
766	4247
766	4256
766	4261
766	4263
766	4266
766	4269
766	4289
766	4290
766	4297
766	4298
766	4299
766	4310
766	4315
766	4323
766	4335
766	4338
766	4341
766	4400
766	4422
766	4435
766	4448
766	4453
766	4463
766	4471
766	4480
766	4482
766	4485
766	4488
766	4500
766	4510
766	4527
766	4528
766	4529
766	4530
766	4531
766	4534
766	4547
766	4551
766	4557
766	4578
766	4583
766	4587
766	4588
766	4600
766	4604
766	4613
766	4631
766	4632
766	4646
766	4653
766	4661
766	4662
766	4666
766	4687
766	4689
766	4706
766	4709
766	4712
766	4713
766	4715
766	4717
766	4719
766	4735
766	4748
766	4764
766	4777
766	4780
766	4781
766	4792
766	4795
766	4797
766	4798
766	4808
766	4814
766	4820
766	4824
766	4827
766	4828
766	4846
766	4879
766	4884
766	4899
766	4929
766	4938
766	4944
766	4953
766	4962
766	4964
766	4977
766	4980
766	4981
766	4983
766	4986
766	4994
766	4999
766	5002
766	5022
766	5026
766	5033
766	5037
766	5055
766	5058
766	5061
766	5072
766	5073
766	5075
766	5079
766	5092
766	5096
766	5100
766	5103
766	5106
766	5121
766	5123
766	5130
766	5132
766	5140
766	5144
766	5148
766	5155
766	5178
766	5182
766	5188
766	5189
766	5199
766	5200
766	5204
766	5215
766	5222
766	5226
766	5239
766	5245
766	5254
766	5262
766	5273
766	5323
766	5392
766	5404
766	5412
766	5423
766	5430
766	5432
766	5437
766	5439
766	5445
766	5459
766	5465
766	5466
766	5479
766	5506
766	5509
766	5511
766	5524
766	5527
766	5539
766	5543
766	5545
766	5563
766	5584
766	5596
766	5623
766	5624
766	5626
766	5637
766	5650
766	5651
766	5671
766	5684
766	5693
766	5714
766	5721
766	5732
766	5737
766	5739
766	5743
766	5753
766	5773
766	5775
766	5776
766	5780
766	5790
766	5799
766	5800
766	5802
766	5806
766	5814
766	5817
766	5818
766	5822
766	5827
766	5828
766	5829
766	5835
766	5837
766	5839
766	5844
766	5848
766	5871
766	5872
766	5897
766	5925
766	5932
766	5933
766	5947
766	5950
766	5998
766	6001
766	6004
766	6006
766	6029
766	6032
766	6043
766	6044
766	6098
766	6123
766	6124
766	6151
766	6156
766	6166
766	6170
766	6174
766	6221
766	6227
766	6229
766	6241
766	6243
766	6251
766	6262
766	6272
766	6296
766	6299
766	6327
766	6337
766	6347
766	6414
766	6417
766	6432
766	6437
766	6441
766	6442
766	6458
766	6481
766	6496
766	6501
766	6505
766	6528
766	6554
766	6555
766	6566
766	6570
766	6576
766	6589
766	6594
766	6595
766	6600
766	6624
766	6632
766	6665
766	6699
766	6715
766	6739
766	6770
766	6774
766	6783
766	6784
766	6790
766	6832
766	6860
766	6869
766	6873
766	6901
766	6907
766	6930
766	6934
766	6946
766	6976
766	6980
766	7005
766	7012
766	7021
766	7052
766	7063
766	7092
766	7101
766	7115
766	7116
766	7119
766	7143
766	7144
766	7168
766	7214
766	7237
766	7238
766	7277
766	7280
766	7341
766	7381
766	7400
766	7414
766	7443
766	7450
766	7478
766	7493
766	7510
766	7561
766	7618
766	7624
766	7632
766	7646
766	7649
766	7651
766	7662
766	7683
766	7694
766	7695
766	7699
766	7707
766	7726
766	7757
766	7763
766	7778
766	7788
766	7795
766	7809
766	7813
766	7855
766	7860
766	7862
766	7871
766	7879
766	7882
766	7890
766	7908
766	7910
766	7912
766	7927
766	7946
766	7961
766	7965
766	7979
766	8037
766	8042
766	8073
766	8293
766	8294
762	15
762	271
762	324
762	600
762	626
762	644
762	659
762	663
762	691
762	697
762	704
762	789
762	838
762	881
762	895
762	896
762	930
762	966
762	979
762	993
762	1012
762	1026
762	1029
762	1053
762	1123
762	1186
762	1191
762	1211
762	1222
762	1453
762	1476
762	1569
762	1697
762	1861
762	1864
762	2066
762	2508
762	2651
762	2790
762	3976
762	4875
762	5148
762	5162
762	5902
762	7378
762	7587
762	7620
762	7632
762	7699
762	7809
767	600
768	600
768	1717
769	56
769	171
769	214
769	228
769	259
769	271
769	290
769	298
769	311
769	313
769	314
769	321
769	332
769	338
769	350
769	432
769	447
769	559
769	579
769	600
769	626
769	707
769	710
769	722
769	742
769	749
769	802
769	805
769	813
769	817
769	829
769	868
769	887
769	893
769	904
769	922
769	941
769	948
769	958
769	959
769	960
769	974
769	978
769	993
769	1006
769	1018
769	1026
769	1031
769	1034
769	1043
769	1044
769	1049
769	1053
769	1080
769	1111
769	1123
769	1127
769	1131
769	1137
769	1144
769	1166
769	1167
769	1186
769	1190
769	1193
769	1196
769	1201
769	1211
769	1218
769	1222
769	1248
769	1253
769	1297
769	1315
769	1319
769	1378
769	1396
769	1413
769	1418
769	1428
769	1432
769	1453
769	1465
769	1473
769	1476
769	1566
769	1580
769	1592
769	1597
769	1604
769	1629
769	1633
769	1637
769	1652
769	1717
769	1718
769	1726
769	1787
769	1808
769	1835
769	1836
769	1842
769	1884
769	1919
769	2062
769	2128
769	2193
769	2210
769	2225
769	2231
769	2256
769	2323
769	2328
769	2506
769	2535
769	2542
769	2576
769	2625
769	2651
769	2660
769	2770
769	2775
769	2801
769	2828
769	2963
769	3002
769	3148
769	3251
769	3253
769	3371
769	3408
769	3479
769	3480
769	3554
769	3755
769	4110
769	5210
769	5254
769	5412
769	5804
769	5828
769	6229
769	6840
769	8141
769	8178
769	8294
770	600
770	893
770	897
771	600
771	626
771	893
771	1641
771	1701
771	1726
771	2643
772	600
772	798
772	817
773	549
774	549
736	439
736	549
736	857
736	866
775	549
775	1585
776	549
786	227
786	407
788	15
788	72
788	86
788	204
788	243
788	290
788	311
788	317
788	321
788	407
788	415
788	417
788	439
788	447
788	545
788	643
788	644
788	696
788	697
788	705
788	707
788	733
788	742
788	761
788	762
788	769
788	849
788	859
788	863
788	893
788	895
788	903
788	904
788	930
788	938
788	956
788	959
788	963
788	974
788	978
788	1012
788	1023
788	1039
788	1053
788	1123
788	1131
788	1140
788	1156
788	1157
788	1166
788	1186
788	1240
788	1385
788	1411
788	1453
788	1492
788	1585
788	1587
788	1700
788	1836
788	1859
788	1956
788	1964
788	2062
788	2066
788	2240
788	2397
788	2490
788	2535
788	2576
788	2654
788	2790
788	2877
788	2914
788	3307
788	3338
788	3479
788	3516
788	3614
788	3631
788	3755
788	3873
788	3897
788	3946
788	3971
788	3976
788	4201
788	4453
788	4687
788	4786
788	4795
788	4798
788	4980
788	5200
788	5233
788	5415
788	5620
788	5638
788	5684
788	5709
788	5798
788	5814
788	6255
788	6302
788	6306
788	6334
788	6360
788	6400
788	6407
788	6409
788	6417
788	6422
788	8295
780	407
780	771
781	407
781	673
781	1261
781	1514
781	1564
781	2151
781	2398
781	3755
782	8
782	407
782	659
782	673
782	677
782	749
782	798
782	802
782	817
783	407
784	35
784	56
784	204
784	214
784	230
784	243
784	290
784	299
784	311
784	338
784	346
784	407
784	417
784	425
784	647
784	663
784	665
784	697
784	704
784	705
784	707
784	710
784	762
784	765
784	789
784	810
784	856
784	857
784	904
784	908
784	937
784	946
784	947
784	948
784	963
784	974
784	982
784	985
784	989
784	993
784	999
784	1006
784	1007
784	1014
784	1031
784	1053
784	1080
784	1114
784	1151
784	1160
784	1164
784	1165
784	1166
784	1186
784	1193
784	1199
784	1200
784	1211
784	1222
784	1241
784	1248
784	1259
784	1261
784	1297
784	1360
784	1384
784	1385
784	1411
784	1420
784	1453
784	1464
784	1465
784	1485
784	1513
784	1514
784	1525
784	1534
784	1549
784	1573
784	1585
784	1610
784	1622
784	1633
784	1652
784	1654
784	1662
784	1679
784	1688
784	1706
784	1707
784	1729
784	1749
784	1752
784	1758
784	1769
784	1792
784	1793
784	1814
784	1836
784	1842
784	1849
784	1855
784	1858
784	1864
784	1918
784	1919
784	1964
784	1966
784	1973
784	1987
784	2053
784	2060
784	2062
784	2066
784	2076
784	2091
784	2095
784	2097
784	2106
784	2120
784	2135
784	2144
784	2145
784	2174
784	2211
784	2225
784	2237
784	2256
784	2257
784	2290
784	2297
784	2323
784	2325
784	2328
784	2338
784	2345
784	2348
784	2356
784	2381
784	2397
784	2398
784	2400
784	2411
784	2416
784	2456
784	2470
784	2499
784	2508
784	2535
784	2565
784	2576
784	2579
784	2580
784	2594
784	2597
784	2617
784	2625
784	2643
784	2651
784	2653
784	2654
784	2660
784	2665
784	2685
784	2693
784	2727
784	2746
784	2747
784	2754
784	2763
784	2815
784	2830
784	2859
784	2877
784	2900
784	2951
784	2958
784	2963
784	2973
784	3007
784	3014
784	3020
784	3030
784	3089
784	3117
784	3265
784	3291
784	3307
784	3338
784	3351
784	3352
784	3371
784	3439
784	3443
784	3489
784	3568
784	3587
784	3615
784	3631
784	3650
784	3661
784	3680
784	3720
784	3755
784	3892
784	3976
784	4013
784	4103
784	4179
784	4201
784	4256
784	4263
784	4349
784	4373
784	4384
784	4424
784	4820
784	4875
784	5100
784	8209
784	8290
784	8291
784	8292
784	8293
789	35
789	56
789	72
789	171
789	243
789	259
789	271
789	290
789	299
789	304
789	311
789	313
789	317
789	346
789	407
789	447
789	608
789	637
789	663
789	673
789	697
789	704
789	705
789	710
789	717
789	722
789	730
789	749
789	762
789	769
789	784
789	794
789	795
789	798
789	817
789	844
789	857
789	875
789	887
789	893
789	904
789	930
789	937
789	946
789	947
789	959
789	963
789	971
789	972
789	978
789	985
789	989
789	994
789	999
789	1006
789	1007
789	1014
789	1026
789	1053
789	1061
789	1080
789	1123
789	1151
789	1154
789	1156
789	1159
789	1165
789	1167
789	1186
789	1193
789	1199
789	1200
789	1201
789	1218
789	1220
789	1222
789	1241
789	1243
789	1247
789	1248
789	1266
789	1277
789	1297
789	1310
789	1319
789	1321
789	1322
789	1352
789	1360
789	1374
789	1384
789	1385
789	1390
789	1394
789	1396
789	1413
789	1428
789	1453
789	1468
789	1473
789	1476
789	1497
789	1506
789	1521
789	1525
789	1542
789	1547
789	1549
789	1564
789	1565
789	1585
789	1592
789	1633
789	1638
789	1646
789	1653
789	1657
789	1658
789	1678
789	1680
789	1749
789	1774
789	1780
789	1787
789	1799
789	1805
789	1816
789	1855
789	1888
789	1920
789	1956
789	1966
789	1969
789	1977
789	1979
789	2062
789	2091
789	2102
789	2106
789	2193
789	2210
789	2211
789	2237
789	2240
789	2273
789	2276
789	2281
789	2307
789	2322
789	2326
789	2341
789	2345
789	2350
789	2354
789	2364
789	2381
789	2385
789	2397
789	2398
789	2400
789	2456
789	2507
789	2516
789	2592
789	2593
789	2625
789	2643
789	2669
789	2689
789	2696
789	2754
789	2763
789	2775
789	2777
789	2787
789	2794
789	2809
789	2814
789	2822
789	2831
789	2909
789	3002
789	3027
789	3073
789	3089
789	3092
789	3103
789	3106
789	3191
789	3276
789	3291
789	3334
789	3352
789	3393
789	3417
789	3433
789	3447
789	3452
789	3455
789	3456
789	3458
789	3460
789	3498
789	3537
789	3554
789	3586
789	3607
789	3631
789	3664
789	3748
789	3755
789	3830
789	3843
789	3854
789	3897
789	4037
789	4040
789	4099
789	4103
789	4124
789	4191
789	4212
789	4219
789	4266
789	4297
789	4315
789	4335
789	4338
789	4355
789	4400
789	4441
789	4448
789	4482
789	4527
789	4530
789	4551
789	4587
789	4600
789	4632
789	4687
789	4706
789	4712
789	4715
789	4717
789	4792
789	4797
789	4808
789	4811
789	4814
789	4820
789	4824
789	4827
789	4828
789	4875
789	4929
789	4953
789	4977
789	4999
789	5022
789	5026
789	5055
789	5058
789	5072
789	5073
789	5083
789	5092
789	5100
789	5120
789	5123
789	5130
789	5155
789	5178
789	5182
789	5204
789	5210
789	5222
789	5239
789	5254
789	5288
789	5323
789	5327
789	5335
789	5392
789	5412
789	5430
789	5449
789	5463
789	5470
789	5506
789	5509
789	5511
789	5524
789	5539
789	5543
789	5683
789	5721
789	5743
789	5753
789	5804
789	5817
789	5897
789	5936
789	5994
789	6229
789	6246
789	6262
789	6337
789	6432
789	6481
789	6505
789	6553
789	6606
789	6715
789	6855
789	8290
789	8291
789	8295
785	407
792	733
792	793
791	15
791	35
791	214
791	271
791	647
791	769
791	793
791	794
791	802
791	817
791	959
791	981
791	1022
791	1053
791	1123
791	1193
791	1201
791	1260
791	1270
791	1279
791	1297
791	1428
791	1468
791	1506
791	1597
791	1633
791	1884
791	2535
791	3459
791	4037
791	5079
791	5254
791	5804
791	5811
791	5902
791	5991
791	6417
791	6566
791	6914
791	7899
791	7910
794	86
794	230
794	271
794	407
794	723
794	789
794	795
794	895
794	966
794	982
794	1014
794	1557
794	1564
794	1569
794	1573
794	1633
794	1638
794	3136
795	171
795	243
795	271
795	290
795	304
795	311
795	313
795	317
795	321
795	372
795	447
795	579
795	643
795	704
795	723
795	789
795	794
795	853
795	882
795	887
795	895
795	960
795	963
795	966
795	993
795	999
795	1014
795	1023
795	1034
795	1053
795	1123
795	1167
795	1211
795	1360
795	1413
795	1420
795	1501
795	1524
795	1549
795	1587
795	1595
795	1603
795	1653
795	1692
795	1717
795	1718
795	2053
795	2117
795	2157
795	2210
795	2381
795	2400
795	2775
795	2877
795	2981
795	4037
795	4289
795	4297
795	4384
795	4735
798	978
798	1648
798	1729
798	2289
798	2612
798	3439
798	3568
798	3660
798	3661
798	4349
798	4351
798	4365
798	4373
798	4384
798	4417
798	4424
796	644
796	742
796	797
796	798
796	1031
796	1550
797	324
797	644
797	798
797	817
797	868
802	432
802	769
802	829
802	2643
799	802
800	802
800	829
801	659
801	665
801	749
801	802
801	838
801	2055
803	35
803	659
803	806
803	1420
803	1437
803	1849
804	403
804	749
804	1732
804	1744
804	1746
804	3435
805	35
805	171
805	271
805	290
805	299
805	313
805	579
805	644
805	704
805	710
805	749
805	789
805	813
805	825
805	857
805	871
805	941
805	946
805	948
805	960
805	993
805	994
805	1055
805	1097
805	1103
805	1125
805	1144
805	1164
805	1167
805	1193
805	1201
805	1203
805	1222
805	1230
805	1307
805	1322
805	1374
805	1377
805	1385
805	1390
805	1396
805	1402
805	1413
805	1425
805	1453
805	1468
805	1476
805	1496
805	1497
805	1501
805	1506
805	1514
805	1542
805	1573
805	1580
805	1593
805	1603
805	1604
805	1628
805	1633
805	1658
805	1783
805	1842
805	1847
805	1855
805	1884
805	1956
805	1969
805	2066
805	2106
805	2237
805	2297
805	2398
805	2689
805	2774
805	2811
805	3009
805	3192
805	3291
805	3309
805	3352
805	3435
805	3443
805	3800
805	4289
805	4384
805	5022
805	5605
805	6770
805	7862
807	806
808	8
808	271
808	1043
808	3557
810	35
810	171
810	290
810	299
810	304
810	313
810	324
810	407
810	647
810	704
810	705
810	791
810	805
810	817
810	959
810	977
810	989
810	1007
810	1029
810	1140
810	1186
810	1191
810	1199
810	1218
810	1297
810	1322
810	1514
810	1597
810	1679
810	1716
810	1718
810	1758
810	1793
810	3755
811	817
811	1531
811	1864
812	36
812	817
812	822
813	72
813	86
813	204
813	298
813	332
813	350
813	407
813	432
813	439
813	559
813	579
813	608
813	691
813	704
813	722
813	733
813	762
813	763
813	805
813	817
813	822
813	825
813	859
813	864
813	871
813	878
813	887
813	908
813	937
813	941
813	946
813	947
813	958
813	959
813	968
813	974
813	993
813	994
813	1018
813	1031
813	1035
813	1049
813	1055
813	1097
813	1137
813	1157
813	1166
813	1167
813	1186
813	1193
813	1211
813	1230
813	1239
813	1248
813	1250
813	1253
813	1267
813	1279
813	1284
813	1285
813	1291
813	1296
813	1297
813	1315
813	1319
813	1357
813	1360
813	1374
813	1378
813	1384
813	1385
813	1413
813	1419
813	1428
813	1437
813	1444
813	1471
813	1476
813	1482
813	1492
813	1496
813	1521
813	1525
813	1534
813	1542
813	1547
813	1549
813	1565
813	1566
813	1571
813	1585
813	1597
813	1603
813	1608
813	1646
813	1653
813	1658
813	1661
813	1705
813	1717
813	1723
813	1726
813	1730
813	1734
813	1744
813	1746
813	1754
813	1808
813	1835
813	1836
813	1837
813	1842
813	1847
813	1888
813	1893
813	1908
813	1915
813	1919
813	1927
813	1964
813	1987
813	1990
813	1991
813	1992
813	2016
813	2066
813	2071
813	2073
813	2076
813	2079
813	2128
813	2134
813	2144
813	2174
813	2193
813	2209
813	2210
813	2241
813	2251
813	2252
813	2264
813	2290
813	2297
813	2322
813	2323
813	2324
813	2328
813	2329
813	2354
813	2371
813	2375
813	2384
813	2385
813	2400
813	2410
813	2411
813	2470
813	2475
813	2485
813	2506
813	2510
813	2542
813	2544
813	2560
813	2565
813	2579
813	2593
813	2595
813	2597
813	2619
813	2643
813	2653
813	2654
813	2655
813	2660
813	2665
813	2669
813	2674
813	2687
813	2693
813	2696
813	2707
813	2727
813	2747
813	2763
813	2790
813	2815
813	2819
813	2859
813	2871
813	2925
813	2932
813	2955
813	2958
813	2963
813	2968
813	2973
813	2981
813	2999
813	3005
813	3024
813	3026
813	3029
813	3033
813	3034
813	3059
813	3103
813	3148
813	3173
813	3192
813	3258
813	3276
813	3284
813	3352
813	3394
813	3404
813	3433
813	3473
813	3489
813	3520
813	3537
813	3557
813	3580
813	3587
813	3615
813	3646
813	3650
813	3681
813	3713
813	3724
813	3748
813	3847
813	3854
813	3875
813	3967
813	3976
813	4041
813	4043
813	4055
813	4124
813	4138
813	4162
813	4179
813	4181
813	4256
813	4263
813	4269
813	4289
813	4290
813	4402
813	4578
813	4613
813	4653
813	4712
813	4735
813	4781
813	4828
813	4999
813	5026
813	5092
813	5100
813	5103
813	5123
813	5543
813	5753
813	5848
813	5925
813	6098
813	6124
813	6400
813	8293
813	8294
814	817
814	893
814	979
815	817
815	829
816	15
816	72
816	227
816	304
816	488
816	644
816	742
816	763
816	784
816	797
816	817
816	829
816	871
816	993
816	1193
816	1218
816	1453
816	1497
816	1648
816	1697
816	2339
816	2775
816	3922
816	4289
816	4463
816	5132
816	5254
816	6166
816	6306
822	813
822	1137
822	1315
822	1566
822	1908
822	2016
822	2371
822	3026
822	3537
822	3748
822	3854
819	822
820	559
820	822
820	1123
820	1186
820	1506
820	1514
820	1819
820	1842
820	1918
820	2120
820	2237
820	2240
820	2322
820	2397
820	2400
820	4110
821	822
334	29
334	36
334	56
334	86
334	271
334	313
334	317
334	545
334	643
334	697
334	704
334	741
334	789
334	822
334	829
334	838
334	839
334	849
334	863
334	864
334	885
334	893
334	918
334	932
334	941
334	945
334	955
334	985
334	989
334	1014
334	1023
334	1201
334	1203
334	1218
334	1286
334	1307
334	1413
334	1774
334	2202
334	2329
334	4179
818	822
818	932
823	29
823	243
823	304
823	313
823	439
823	626
823	677
823	686
823	697
823	789
823	955
823	979
823	1026
823	1131
823	3465
824	677
824	1186
826	56
826	204
826	290
826	332
826	372
826	403
826	407
826	415
826	425
826	575
826	633
826	665
826	761
826	765
826	871
826	887
826	908
826	937
826	946
826	948
826	960
826	968
826	993
826	1049
826	1055
826	1061
826	1124
826	1151
826	1154
826	1165
826	1167
826	1168
826	1199
826	1211
826	1230
826	1253
826	1267
826	1279
826	1297
826	1319
826	1322
826	1357
826	1374
826	1377
826	1416
826	1428
826	1437
826	1441
826	1444
826	1471
826	1482
826	1484
826	1487
826	1490
826	1492
826	1496
826	1497
826	1506
826	1507
826	1513
826	1514
826	1518
826	1520
826	1521
826	1531
826	1532
826	1533
826	1534
826	1537
826	1538
826	1556
826	1557
826	1563
826	1565
826	1566
826	1571
826	1573
826	1585
826	1595
826	1596
826	1597
826	1600
826	1604
826	1613
826	1618
826	1619
826	1622
826	1633
826	1636
826	1638
826	1641
826	1653
826	1661
826	1672
826	1679
826	1680
826	1687
826	1705
826	1717
826	1718
826	1723
826	1732
826	1734
826	1749
826	1754
826	1757
826	1768
826	1772
826	1774
826	1781
826	1792
826	1805
826	1814
826	1816
826	1836
826	1837
826	1842
826	1849
826	1880
826	1893
826	1908
826	1918
826	1919
826	1927
826	1953
826	1963
826	1966
826	1970
826	1973
826	1979
826	1984
826	1987
826	1991
826	1992
826	2016
826	2053
826	2055
826	2066
826	2076
826	2101
826	2106
826	2116
826	2120
826	2128
826	2157
826	2174
826	2182
826	2225
826	2231
826	2237
826	2240
826	2242
826	2251
826	2256
826	2294
826	2322
826	2323
826	2325
826	2338
826	2340
826	2341
826	2348
826	2356
826	2371
826	2375
826	2385
826	2400
826	2410
826	2474
826	2490
826	2501
826	2504
826	2542
826	2550
826	2570
826	2571
826	2575
826	2576
826	2580
826	2593
826	2594
826	2617
826	2623
826	2625
826	2629
826	2638
826	2643
826	2651
826	2654
826	2662
826	2670
826	2697
826	2708
826	2713
826	2720
826	2724
826	2785
826	2787
826	2797
826	2805
826	2809
826	2815
826	2819
826	2830
826	2838
826	2856
826	2880
826	2900
826	2912
826	2922
826	2946
826	2955
826	2966
826	2968
826	2972
826	2977
826	2979
826	2999
826	3018
826	3021
826	3029
826	3033
826	3034
826	3056
826	3089
826	3099
826	3105
826	3117
826	3130
826	3136
826	3140
826	3150
826	3235
826	3251
826	3253
826	3258
826	3307
826	3320
826	3338
826	3351
826	3371
826	3408
826	3446
826	3473
826	3489
826	3506
826	3516
826	3755
826	8290
825	15
825	72
825	417
825	465
825	737
825	826
825	827
825	1026
825	1166
825	1307
825	1310
825	1549
825	1680
825	1706
825	1754
825	1769
825	1823
825	2066
825	2102
825	2145
825	2209
825	2237
825	2252
825	2276
825	2285
825	2290
825	2328
825	2398
825	2411
825	2416
825	2456
825	2485
825	2508
825	2516
825	2576
825	2585
825	2619
825	2625
825	2653
825	2660
825	2667
825	2674
825	2686
825	2700
825	2790
825	2794
825	2799
825	2871
825	2917
825	2940
825	2958
825	3024
825	3026
825	3028
825	3084
825	3103
825	3117
825	3125
825	3140
825	3148
825	3192
825	3258
825	3276
825	3321
825	3334
825	3352
825	3447
825	3456
825	3473
825	3537
825	3548
825	3562
825	3568
825	3587
825	3614
825	3631
825	3635
825	3650
825	3660
825	3748
825	3796
825	3800
825	3816
825	3822
825	3835
825	3892
825	3908
825	3910
825	3926
825	3946
825	3969
825	3970
825	3976
825	4024
825	4030
825	4037
825	4043
825	4051
825	4058
825	4099
825	4103
825	4110
825	4124
825	4173
825	4191
825	4261
825	4310
825	4412
825	4417
825	4463
825	4530
825	4551
825	4578
825	4678
825	4687
825	4735
825	4783
825	4820
825	4827
825	4986
825	5020
825	5123
825	5233
825	5262
825	5263
825	5301
825	5351
825	5412
825	5423
825	5426
825	5454
825	5459
825	5484
825	5487
825	5524
825	5527
825	5545
825	5568
825	5592
825	5620
825	5623
825	5640
825	5737
825	5740
825	5743
825	5745
825	5817
825	5828
825	5963
825	6218
825	6229
825	6246
825	6251
825	6327
825	6337
825	6360
825	6590
825	6592
825	6600
825	6628
825	7250
825	7809
825	7839
825	8246
825	8293
830	829
830	993
830	2157
832	407
832	829
832	878
831	829
831	1111
831	1413
831	1811
831	1855
831	1858
831	1927
831	2085
831	2091
831	2095
831	2247
831	5162
835	829
836	429
836	665
836	763
836	765
836	993
836	1428
836	1442
836	1525
836	1621
836	1705
836	1723
836	1734
836	1754
836	1802
836	1805
836	1848
836	1901
836	1997
836	2225
836	2240
836	2256
836	2625
836	2763
836	3026
836	3480
836	3847
837	230
837	839
837	2071
837	6229
838	204
838	230
838	308
838	334
838	417
838	506
838	643
838	730
838	810
838	839
838	844
838	857
838	864
838	866
838	878
838	881
838	882
838	885
838	904
838	932
838	1124
838	1199
838	1322
838	1717
838	1718
838	1732
838	1746
838	1747
838	1752
838	2053
838	2416
838	2799
838	3009
838	3516
838	3548
838	6004
841	56
841	765
841	837
841	1154
841	1291
841	1315
841	1521
841	1653
841	1680
841	1723
841	2014
841	2102
841	2256
841	2323
841	2340
841	2369
841	2375
841	2381
841	2416
841	2516
841	2599
841	2618
841	2625
841	2707
841	2721
841	2754
841	2763
841	2768
841	2770
841	2801
841	2805
841	2814
841	2815
841	2828
841	2844
841	2877
841	2880
841	2918
841	2926
841	2968
841	2993
841	2999
841	3029
841	3034
841	3056
841	3092
841	3251
841	3664
841	3803
841	3914
841	4044
841	4335
841	4645
841	4828
841	4964
841	5132
841	5144
841	5162
841	5204
841	5215
841	5222
840	837
840	3962
840	5002
840	6618
840	6784
840	6790
840	7063
844	299
844	308
844	313
844	432
844	545
844	579
844	637
844	663
844	682
844	730
844	794
844	795
844	805
844	857
844	935
844	936
844	945
844	959
844	966
844	989
844	1007
844	1014
844	1026
844	1043
844	1044
844	1053
844	1125
844	1160
844	1186
844	1218
844	1286
844	1468
844	1629
844	1717
844	1723
844	1726
844	1833
844	1859
844	2409
844	2646
844	3352
844	3645
844	4110
844	4453
844	4666
842	56
842	171
842	290
842	844
842	853
842	935
842	936
842	937
842	945
842	948
842	1124
842	1144
842	1166
842	1284
842	1286
842	1688
842	1706
842	1726
842	1859
842	1966
842	2251
842	2411
842	2485
842	2686
842	2996
842	3018
842	3320
842	3352
842	4055
842	4110
843	844
845	838
847	838
848	228
848	308
848	317
848	643
848	838
848	881
848	882
848	893
851	857
851	1484
854	15
854	72
854	762
854	857
854	863
854	875
854	904
854	968
854	972
854	978
854	981
854	1127
854	1211
854	1297
854	1319
854	1384
854	1385
854	1389
854	1416
854	1420
854	1437
854	1532
854	1538
854	1549
854	1557
854	1564
854	1596
854	1637
854	1672
854	1679
854	1770
854	1836
854	1848
854	1861
854	1864
854	1983
854	2072
854	2091
854	2095
854	2101
854	2112
854	2117
854	2121
854	2135
854	2145
854	2182
854	2206
854	2234
854	2251
854	2297
854	2329
854	2378
854	2411
854	2426
854	2470
854	2484
854	2490
854	2499
854	2565
854	2570
854	2571
854	2589
854	2629
854	2638
854	2651
854	2660
854	2801
854	2825
854	2828
854	2880
854	2963
854	2966
854	3050
854	3238
854	3253
854	3393
854	3439
854	3456
854	3873
854	3976
854	4175
854	4179
854	4385
854	4712
854	4717
854	4792
854	4827
854	4929
854	5200
854	5254
854	5684
854	5994
854	6251
854	6496
854	6715
854	7092
854	7890
854	8174
854	8192
855	857
855	1014
856	825
856	857
856	897
856	1305
856	1307
856	1374
856	1453
856	1521
856	1596
856	1679
856	1814
856	2210
856	2231
856	2252
856	2328
856	2338
856	2411
856	2508
856	2535
856	2542
856	2565
856	2594
856	2619
856	2643
856	2651
856	2660
856	2662
856	2669
856	2674
856	2686
856	2693
856	2700
856	2713
856	2747
856	2754
856	2815
856	2831
856	2900
856	2951
856	2973
856	3018
856	3030
856	3084
856	3089
856	3191
856	3276
856	3307
856	3334
856	3338
856	3348
856	3371
856	3435
856	3446
856	3459
856	3465
856	3506
856	3516
856	3541
856	3670
856	3680
856	3803
856	3849
856	3962
856	4014
856	4037
856	4058
856	4103
856	4110
856	4191
856	4233
856	4361
856	4584
856	4820
856	5002
856	5083
856	5233
856	5511
856	5529
856	6299
856	6347
856	6665
856	6700
856	6720
856	6739
856	6833
856	6855
856	6914
856	6946
856	7351
856	7620
856	7803
852	15
852	86
852	243
852	308
852	417
852	545
852	579
852	762
852	857
852	913
852	989
852	991
852	993
852	1053
852	1211
852	1248
852	1297
852	1471
852	1638
852	1649
852	1654
852	1692
852	2053
852	2066
852	2210
852	2323
852	2535
852	2653
852	3479
852	3755
852	3873
852	3946
852	3976
852	4037
852	4453
852	4687
852	5079
852	6255
852	7632
853	230
853	299
853	317
853	488
853	663
853	674
853	697
853	789
853	857
853	868
853	904
853	985
853	1412
853	1464
853	1726
853	2910
859	86
859	308
859	959
859	1211
859	1297
859	1492
859	1547
859	1700
859	1836
859	1842
859	2062
859	2397
859	2409
860	228
860	308
860	317
860	643
860	730
860	906
860	934
860	955
861	204
861	308
861	579
861	707
861	762
861	941
861	1026
861	1038
861	1253
861	1496
861	1608
861	1859
861	1992
861	2625
861	2685
861	3680
862	637
862	849
862	897
863	637
863	849
863	897
863	906
863	2160
865	15
865	35
865	72
865	86
865	204
865	214
865	228
865	243
865	259
865	271
865	317
865	407
865	417
865	626
865	663
865	665
865	682
865	705
865	730
865	762
865	769
865	784
865	810
865	849
865	857
865	866
865	882
865	893
865	895
865	897
865	929
865	930
865	936
865	942
865	945
865	1026
865	1030
865	1053
865	1080
865	1092
865	1144
865	1156
865	1186
865	1211
865	1222
865	1315
865	1473
865	1497
865	1525
865	1549
865	1563
865	1573
865	1717
865	1808
865	1855
865	2016
865	2060
865	2066
865	2182
865	2210
865	2297
865	2323
865	2398
865	2490
865	2535
865	2542
865	2595
865	2617
865	2625
865	2643
865	2654
865	2660
865	2669
865	2685
865	2687
865	2838
865	2877
865	2880
865	3018
865	3089
865	3291
865	3393
865	3554
865	4021
865	4247
865	4276
865	4846
865	5254
865	5412
865	5423
865	5482
865	5743
865	6328
865	6388
865	6566
865	8292
865	8293
867	868
869	674
869	882
869	941
869	1006
869	1190
869	1191
869	1192
869	1196
869	1547
869	1654
869	2707
870	86
870	171
870	243
870	271
870	298
870	299
870	559
870	579
870	674
870	730
870	733
870	761
870	857
870	861
870	887
870	896
870	993
870	1234
870	1248
870	1279
870	1319
870	1322
870	1428
870	1487
870	1514
870	1520
870	1555
870	1569
870	1573
870	1603
870	1641
870	1654
870	1687
870	1746
870	1768
870	1893
870	1953
870	1966
871	35
871	171
871	214
871	290
871	299
871	311
871	697
871	710
871	717
871	784
871	805
871	826
871	857
871	875
871	941
871	943
871	960
871	971
871	982
871	999
871	1055
871	1062
871	1167
871	1168
871	1193
871	1211
871	1222
871	1241
871	1286
871	1287
871	1377
871	1439
871	1446
871	1453
871	1465
871	1468
871	1471
871	1484
871	1490
871	1506
871	1513
871	1518
871	1524
871	1532
871	1538
871	1612
871	1633
871	1816
871	1859
871	1919
871	1953
871	1966
871	2830
871	2834
871	2990
871	2993
871	2996
871	3023
871	3050
873	643
873	730
873	849
873	875
873	2062
874	875
876	878
877	313
877	878
879	35
879	259
879	432
879	608
879	737
879	810
879	825
879	881
879	1151
879	1166
879	1297
879	1305
879	1382
879	1453
879	1549
879	1744
879	1919
879	1990
879	2072
879	2144
879	2209
879	2237
879	2240
879	2257
879	2297
879	2328
879	2364
879	2381
879	2398
879	2508
879	2517
879	2565
879	2585
879	2612
879	2646
879	2653
879	2655
879	2657
879	2674
879	2746
879	2760
879	2811
879	2859
879	2871
879	2973
879	3014
879	3026
879	3028
879	3059
879	3125
879	3148
879	3180
879	3200
879	3260
879	3276
879	3321
879	3334
879	3352
879	3394
879	3439
879	3443
879	3447
879	3453
879	3454
879	3456
879	3516
879	3537
879	3557
879	3562
879	3568
879	3607
879	3635
879	3643
879	3650
879	3661
879	3680
879	3745
879	3812
879	3843
879	3871
879	3875
879	3892
879	3897
879	3942
879	3956
879	3976
879	4011
879	4040
879	4044
879	4051
879	4124
879	4162
879	4191
879	4212
879	4261
879	4266
879	4290
879	4323
879	4335
879	4359
879	4385
879	4402
879	4448
879	4463
879	4485
879	4528
879	4531
879	4550
879	4578
879	4613
879	4639
879	4661
879	4662
879	4735
879	4814
879	4938
879	4962
879	5295
879	5739
879	5800
879	5829
879	6323
880	881
882	271
882	317
882	897
882	963
882	985
882	1053
882	1569
883	407
883	730
883	1043
885	794
885	937
885	977
885	995
885	1144
885	1556
885	1563
886	407
886	643
886	7699
887	863
888	863
889	863
890	863
891	863
892	893
469	608
469	893
469	1186
469	1717
469	1855
469	1956
469	3408
469	5254
469	5714
469	7131
895	86
895	271
895	741
895	794
895	1569
895	2763
897	227
896	86
896	439
896	696
896	741
896	897
896	1053
896	1123
896	1125
896	1901
896	2499
896	3498
896	3843
896	3856
896	4037
896	4310
896	5254
896	5335
896	5465
896	5563
896	5798
896	6299
896	6780
896	6934
896	6979
896	7094
896	7961
898	86
898	762
898	849
898	897
898	1026
898	2511
898	2764
898	2765
898	4796
898	5412
900	228
900	407
900	1193
900	1323
900	2007
902	849
902	1385
904	35
904	171
904	230
904	259
904	372
904	407
904	506
904	559
904	575
904	587
904	761
904	763
904	797
904	810
904	857
904	928
904	959
904	971
904	982
904	993
904	999
904	1014
904	1031
904	1097
904	1103
904	1127
904	1151
904	1154
904	1160
904	1165
904	1199
904	1211
904	1222
904	1243
904	1261
904	1296
904	1319
904	1322
904	1326
904	1330
904	1374
904	1375
904	1390
904	1442
904	1453
904	1465
904	1471
904	1478
904	1485
904	1486
904	1487
904	1490
904	1496
904	1513
904	1525
904	1542
904	1547
904	1549
904	1610
904	1629
904	1633
904	1649
904	1678
904	1700
904	1716
904	1717
904	1718
904	1732
904	1746
904	1747
904	1749
904	1752
904	1757
904	1758
904	1768
904	1771
904	1774
904	1783
904	1787
904	1788
904	1791
904	1798
904	1819
904	1833
904	1842
904	1847
904	1849
904	1855
904	1857
904	1861
904	1864
904	1918
904	1920
904	1963
904	1973
904	1979
904	1997
904	2145
904	2157
904	2210
904	2253
904	2273
904	2276
904	2281
904	2290
904	2307
904	2322
904	2348
904	2385
904	2397
904	2400
904	2571
904	2604
904	2643
904	2751
904	2754
904	3084
904	3755
904	8291
903	904
905	86
905	906
907	259
907	704
907	733
907	959
907	1734
907	2211
907	2281
907	2470
907	8291
908	439
908	958
908	1297
908	1836
908	1849
908	2763
908	2801
908	3755
908	4735
909	86
909	439
909	938
909	3334
909	5079
909	5233
909	6789
909	6953
909	7407
909	7422
909	7439
909	7478
910	86
910	439
911	86
911	243
911	271
911	304
911	321
911	439
911	447
911	626
911	697
911	704
911	769
911	789
911	794
911	795
911	918
911	932
911	934
911	942
911	958
911	1030
911	1039
911	1044
911	1053
911	1080
911	1123
911	1131
911	1160
912	86
912	214
912	439
912	682
912	929
912	955
912	994
912	1053
912	1123
913	86
913	439
913	2328
914	271
914	304
914	407
914	439
914	989
914	1131
914	2576
923	86
915	86
915	762
915	918
915	1580
915	1717
915	1966
915	2809
916	86
916	559
916	1186
916	1569
917	86
918	86
918	321
918	334
918	665
918	763
918	904
918	985
918	1000
918	1075
918	1261
918	1525
918	1633
918	1717
918	1793
918	1802
918	1927
918	3136
919	86
920	86
920	407
920	545
920	941
920	1026
920	1297
920	1490
920	1669
920	2069
920	2151
921	86
921	545
921	761
921	978
921	1439
921	1484
924	86
787	15
787	86
787	565
787	1018
787	1160
787	1211
787	2060
787	2651
787	3635
787	4103
787	4212
787	8290
927	929
928	579
928	762
928	929
928	1211
928	1236
928	1267
928	1297
928	1439
928	1514
928	1564
928	1687
928	1861
928	1864
928	2066
928	2151
928	2499
928	2501
928	2508
928	2646
928	2707
928	2996
932	665
926	243
926	769
926	932
926	1030
926	1131
926	1141
931	665
931	932
935	290
935	506
935	853
935	936
935	1284
935	1285
935	1286
935	1534
935	1717
935	1723
935	1726
935	1770
935	1859
935	1903
935	1965
935	2079
935	2470
935	2485
935	2880
935	3796
935	5106
935	6875
938	966
938	972
937	271
937	682
937	795
937	938
937	955
937	958
937	977
937	979
937	981
937	983
937	1020
937	1031
937	1053
937	1061
937	1123
937	1127
937	1151
937	1152
937	1156
937	1191
937	1222
937	1240
937	1260
937	1277
937	1284
937	1378
937	1413
937	1453
937	1549
937	1585
937	1621
937	1723
937	1754
937	1781
937	1888
937	1919
937	1956
937	2071
937	2114
937	2251
937	2485
937	2625
937	2955
937	2968
937	3117
937	8288
940	682
941	35
941	56
941	171
941	214
941	227
941	290
941	299
941	311
941	334
941	417
941	579
941	647
941	682
941	691
941	697
941	861
941	907
941	922
941	928
941	971
941	978
941	1034
941	1062
941	1127
941	1151
941	1193
941	1199
941	1201
941	1222
941	1230
941	1234
941	1253
941	1260
941	1279
941	1286
941	1297
941	1319
941	1330
941	1375
941	1411
941	1413
941	1425
941	1428
941	1439
941	1482
941	1484
941	1489
941	1492
941	1496
941	1514
941	1521
941	1538
941	1555
941	1564
941	1580
941	1587
941	1593
941	1596
941	1621
941	1622
941	1700
941	1701
941	1754
941	1768
941	1774
941	1805
941	1816
941	1859
941	1893
941	1969
941	2102
941	2106
941	2120
941	2333
941	2499
941	2618
941	3117
941	3136
941	3164
941	8291
943	35
943	243
943	271
943	299
943	313
943	826
943	918
943	922
943	945
943	955
943	960
943	1023
943	1029
943	1035
943	1164
943	1167
943	1193
943	1234
943	1425
943	1518
943	1538
943	1622
943	1633
943	2071
943	2134
943	2356
943	2654
943	3473
943	4011
943	5412
944	271
944	945
944	1752
944	2332
944	3251
946	35
946	56
946	72
946	204
946	271
946	311
946	334
946	350
946	403
946	579
946	663
946	697
946	704
946	707
946	722
946	744
946	762
946	765
946	857
946	859
946	887
946	937
946	947
946	985
946	993
946	1018
946	1020
946	1031
946	1035
946	1049
946	1062
946	1125
946	1140
946	1166
946	1186
946	1191
946	1192
946	1193
946	1211
946	1218
946	1250
946	1253
946	1259
946	1297
946	1357
946	1360
946	1396
946	1407
946	1412
946	1413
946	1418
946	1521
946	1549
946	1565
946	1585
946	1596
946	1633
946	1653
946	1808
946	1847
946	1888
946	2066
946	2076
946	2083
946	2114
946	2128
946	2137
946	2225
946	2241
946	2290
946	2294
946	2328
946	2333
946	2341
946	2400
946	2426
946	2485
946	2504
946	2508
946	2510
946	2571
946	2575
946	2593
946	2619
946	2653
946	2654
946	2669
946	2670
946	2685
946	2689
946	2697
946	2720
946	2799
946	2801
946	2818
946	2821
946	2828
946	2993
946	2996
946	3026
946	3050
946	3117
946	3253
946	3256
946	3320
946	3404
946	3629
946	4040
946	4179
946	5412
947	271
947	697
947	737
947	764
947	1679
947	2066
947	2237
947	2594
947	2623
947	2625
947	2651
947	2689
947	2713
947	3005
947	3456
947	3549
947	3615
947	4181
947	4247
947	4297
947	4385
947	4400
947	4735
947	4777
947	4796
947	4962
947	5412
948	271
948	324
948	633
948	1156
948	1199
948	1323
948	1419
948	1453
948	1482
948	1534
948	1714
948	1726
948	2137
948	2181
948	2485
948	2516
948	2619
948	2689
948	2815
948	2834
948	3148
948	3243
948	3253
948	4879
948	5083
948	5253
948	6832
948	6907
948	7624
949	56
949	271
949	425
949	1407
949	1573
949	1580
949	2165
949	2322
950	918
950	2001
950	2605
950	4797
950	4994
950	5454
950	5459
950	5757
950	7979
951	918
954	56
954	290
954	407
954	626
954	742
954	857
954	904
954	955
954	985
954	989
954	1131
954	1186
954	1218
954	1261
954	1277
954	1411
954	1453
954	1485
954	1486
954	1564
954	1669
954	1717
954	1718
954	1836
954	1849
954	1861
954	1864
954	2163
954	2205
954	2206
954	2593
954	2619
954	2643
954	8291
956	56
956	271
956	299
956	311
956	321
956	417
956	663
956	686
956	696
956	697
956	722
956	742
956	764
956	765
956	784
956	823
956	857
956	958
956	978
956	993
956	1023
956	1026
956	1031
956	1039
956	1053
956	1123
956	1131
956	1190
956	1613
956	1966
956	2106
956	2210
956	2246
956	2341
956	2504
956	2508
956	2535
956	2669
956	2777
956	3433
956	4201
956	4338
957	304
957	958
957	1023
959	259
959	313
959	545
959	978
959	985
959	1026
959	1186
959	1297
959	1835
959	1836
959	1842
959	3755
960	214
960	313
960	626
960	663
960	696
960	697
960	805
960	1000
960	1034
960	1125
960	1160
960	1322
960	1564
960	1633
960	1781
960	1956
960	2504
960	2542
960	2576
960	2580
960	3136
960	3769
961	966
961	1031
961	1049
961	1701
961	1847
961	1956
961	1964
961	2069
961	2073
961	2128
961	2181
961	2625
961	2660
961	2966
961	8290
961	8291
965	966
962	966
962	1186
962	3456
963	966
963	3473
963	4875
964	966
964	1382
964	1453
964	3634
933	317
933	704
933	789
933	795
933	966
933	999
933	1014
933	1080
933	1103
933	1186
933	1490
933	1514
933	1697
933	1836
933	1842
933	1855
933	1864
933	1966
967	243
967	697
967	742
967	789
967	972
967	3456
967	4037
967	5210
967	5466
967	5819
967	6918
967	6946
967	7620
967	8037
967	8042
967	8044
968	972
968	1384
968	1592
968	7890
968	8174
969	972
969	1389
970	338
970	626
970	784
970	857
970	972
970	1022
970	1144
970	1156
970	1297
970	1518
970	1893
971	35
971	171
971	271
971	290
971	299
971	311
971	317
971	321
971	334
971	663
971	710
971	762
971	789
971	794
971	805
971	810
971	857
971	871
971	904
971	930
971	937
971	941
971	956
971	959
971	972
971	979
971	982
971	1006
971	1014
971	1061
971	1123
971	1131
971	1152
971	1159
971	1167
971	1191
971	1193
971	1199
971	1211
971	1241
971	1260
971	1261
971	1277
971	1284
971	1321
971	1389
971	1428
971	1441
971	1496
971	1501
971	1514
971	1525
971	1538
971	1555
971	1557
971	1573
971	1603
971	1752
971	1758
971	1774
971	1780
971	1802
971	1811
971	1849
971	1920
971	1950
971	1966
971	1973
971	4365
971	5452
971	5936
971	5994
973	977
973	1232
974	15
974	204
974	271
974	417
974	762
974	977
974	978
974	1166
974	1297
974	1385
974	2144
974	2209
974	2237
974	2240
974	2289
974	2328
974	2654
974	2667
974	2747
974	2871
974	3005
974	3443
974	3580
974	3587
974	3769
974	3946
974	3976
974	4037
974	4191
974	4373
974	4384
974	4735
974	4962
974	4981
974	5822
974	8294
975	977
975	993
975	1714
975	1919
975	1997
975	2071
975	2195
975	2211
975	2625
975	2708
975	3205
976	977
980	979
978	35
978	56
978	171
978	214
978	271
978	290
978	304
978	324
978	407
978	415
978	545
978	644
978	761
978	805
978	908
978	956
978	959
978	979
978	989
978	993
978	1012
978	1022
978	1026
978	1029
978	1031
978	1062
978	1080
978	1114
978	1125
978	1156
978	1165
978	1191
978	1192
978	1193
978	1222
978	1234
978	1279
978	1296
978	1297
978	1374
978	1425
978	1432
978	1439
978	1482
978	1484
978	1496
978	1514
978	1564
978	1585
978	1641
978	1661
978	1680
978	1718
978	1847
978	1861
978	1864
978	1956
978	2117
978	2120
978	2151
978	2174
978	2435
978	2625
978	2900
978	3136
981	271
981	304
981	626
981	696
981	697
981	704
981	789
981	857
981	1053
981	1123
981	1164
981	1193
981	1377
981	1497
981	1593
981	1603
982	299
982	338
982	407
982	663
982	705
982	794
982	857
982	887
982	930
982	937
982	1012
982	1035
982	1043
982	1053
982	1123
982	1125
982	1144
982	1152
982	1154
982	1156
982	1186
982	1190
982	1191
982	1192
982	1220
982	1222
982	1241
982	1453
982	1730
982	2151
982	2338
982	2470
982	2625
982	2651
982	2693
982	2708
982	2747
982	2912
982	2951
982	3173
982	3276
982	3615
982	3670
982	4058
982	4191
982	5073
982	5432
983	8288
984	15
984	644
984	704
984	789
984	995
984	1261
984	5210
985	35
985	704
985	789
985	857
985	1193
985	5210
986	35
986	72
986	171
986	290
986	332
986	334
986	626
986	704
986	722
986	789
986	791
986	805
986	922
986	946
986	948
986	960
986	978
986	985
986	993
986	1035
986	1062
986	1140
986	1151
986	1166
986	1186
986	1191
986	1192
986	1201
986	1203
986	1211
986	1240
986	1241
986	1266
986	1270
986	1277
986	1286
986	1287
986	1297
986	1307
986	1453
986	1464
986	1482
986	1484
986	1532
986	1549
986	1573
986	1679
986	1730
986	1734
986	1758
986	1842
986	1861
986	1864
986	1966
986	2066
986	2117
986	2163
986	2237
986	2251
986	2256
986	2322
986	2328
986	2341
986	2348
986	2397
986	2594
986	2625
986	2763
986	2856
986	2871
986	3307
986	3348
986	3456
986	3970
986	4365
986	8290
986	8291
988	204
988	290
988	332
988	417
988	465
988	633
988	722
988	737
988	762
988	856
988	859
988	922
988	959
988	974
988	982
988	989
988	1018
988	1049
988	1100
988	1157
988	1166
988	1185
988	1186
988	1250
988	1267
988	1291
988	1297
988	1305
988	1307
988	1357
988	1393
988	1416
988	1437
988	1453
988	1492
988	1549
988	1571
988	1608
988	1633
988	1679
988	1688
988	1700
988	1706
988	1734
988	1744
988	1754
988	1769
988	1777
988	1781
988	1792
988	1814
988	1835
988	1837
988	1842
988	1919
988	1964
988	1982
988	2016
988	2066
988	2097
988	2114
988	2116
988	2117
988	2120
988	2134
988	2135
988	2145
988	2209
988	2210
988	2225
988	2231
988	2237
988	2240
988	2251
988	2252
988	2256
988	2257
988	2290
988	2297
988	2322
988	2323
988	2324
988	2325
988	2328
988	2338
988	2356
988	2371
988	2400
988	2411
988	2416
988	2435
988	2474
988	2479
988	2485
988	2490
988	2510
988	2517
988	2535
988	2542
988	2544
988	2550
988	2565
988	2576
988	2585
988	2587
988	2593
988	2594
988	2595
988	2597
988	2612
988	2617
988	2619
988	2623
988	2625
988	2646
988	2651
988	2653
988	2654
988	2655
988	2657
988	2660
988	2662
988	2667
988	2674
988	2686
988	2693
988	2697
988	2700
988	2708
988	2713
988	2727
988	2746
988	2747
988	2754
988	2760
988	2799
988	2819
988	2830
988	2856
988	2900
988	2912
988	2918
988	2923
988	2951
988	2958
988	2972
988	2973
988	2974
988	2991
988	2999
988	3005
988	3007
988	3009
988	3010
988	3018
988	3020
988	3021
988	3024
988	3026
988	3028
988	3029
988	3030
988	3033
988	3034
988	3056
988	3059
988	3084
988	3089
988	3099
988	3114
988	3126
988	3140
988	3148
988	3150
988	3164
988	3173
988	3180
988	3235
988	3243
988	3251
988	3253
988	3255
988	3258
988	3260
988	3265
988	3276
988	3284
988	3293
988	3307
988	3324
988	3338
988	3348
988	3351
988	3352
988	3371
988	3376
988	3404
988	3408
988	3435
988	3439
988	3454
988	3473
988	3480
988	3489
988	3506
988	3529
988	3537
988	3538
988	3541
988	3547
988	3548
988	3557
988	3567
988	3580
988	3587
988	3645
988	3670
988	3680
988	3681
988	3745
988	3769
988	3800
988	3804
988	3807
988	3809
988	3812
988	3825
988	3847
988	3849
988	3871
988	3892
988	3903
988	3926
988	3937
988	3970
988	4013
988	4037
988	4256
988	4290
988	4384
988	4401
988	4432
988	4578
988	4735
988	4962
988	4999
988	5022
988	5210
988	5417
988	5605
988	5614
988	5819
988	5887
988	6044
988	6618
988	6634
988	6737
988	6759
988	6946
988	6980
988	7050
988	7233
988	7391
988	7620
988	7810
988	7835
988	7908
988	7910
988	8037
988	8042
988	8051
988	8073
988	8083
988	8121
988	8122
988	8124
988	8128
988	8130
988	8134
988	8141
988	8163
988	8168
988	8174
988	8178
988	8192
988	8198
988	8209
988	8212
988	8219
988	8224
988	8237
988	8293
987	304
987	989
990	991
992	794
993	35
993	56
993	171
993	214
993	298
993	299
993	304
993	311
993	317
993	334
993	403
993	415
993	506
993	579
993	587
993	626
993	663
993	697
993	722
993	761
993	762
993	765
993	789
993	805
993	813
993	826
993	836
993	857
993	871
993	873
993	887
993	908
993	935
993	937
993	946
993	947
993	948
993	956
993	959
993	975
993	978
993	995
993	999
993	1000
993	1014
993	1022
993	1026
993	1031
993	1035
993	1061
993	1097
993	1103
993	1111
993	1125
993	1151
993	1164
993	1165
993	1166
993	1167
993	1168
993	1190
993	1200
993	1201
993	1203
993	1211
993	1222
993	1230
993	1234
993	1236
993	1239
993	1243
993	1261
993	1279
993	1284
993	1285
993	1286
993	1297
993	1319
993	1330
993	1374
993	1377
993	1378
993	1382
993	1393
993	1394
993	1407
993	1413
993	1416
993	1420
993	1425
993	1428
993	1437
993	1444
993	1464
993	1471
993	1476
993	1482
993	1489
993	1492
993	1496
993	1501
993	1506
993	1514
993	1520
993	1533
993	1534
993	1537
993	1538
993	1542
993	1547
993	1549
993	1555
993	1556
993	1557
993	1565
993	1566
993	1573
993	1580
993	1583
993	1585
993	1587
993	1603
993	1608
993	1621
993	1622
993	1629
993	1633
993	1637
993	1641
993	1646
993	1661
993	1679
993	1689
993	1697
993	1700
993	1707
993	1717
993	1726
993	1730
993	1749
993	1758
993	1768
993	1772
993	1774
993	1787
993	1788
993	1802
993	1808
993	1811
993	1814
993	1835
993	1836
993	1842
993	1847
993	1848
993	1880
993	1888
993	1901
993	1903
993	1908
993	1919
993	1963
993	1965
993	1966
993	1969
993	1987
993	1991
993	1997
993	2062
993	2066
993	2069
993	2071
993	2073
993	2097
993	2102
993	2106
993	2117
993	2119
993	2120
993	2128
993	2134
993	2137
993	2157
993	2168
993	2195
993	2211
993	2225
993	2246
993	2323
993	2324
993	2328
993	2329
993	2341
993	2345
993	2386
993	2400
993	2475
993	2479
993	2504
993	2570
993	2580
993	2619
993	2625
993	2654
993	2655
993	2685
993	2686
993	2693
993	2708
993	2763
993	2805
993	2814
993	2815
993	2828
993	2834
993	2859
993	2972
993	3014
993	3117
993	3130
993	3136
993	3352
993	3537
993	3800
993	3888
993	3926
993	3970
993	4256
993	4365
993	4424
993	5064
993	5100
993	5210
993	5543
993	6498
993	7063
993	7961
993	8290
994	15
994	35
994	304
994	311
994	321
994	663
994	696
994	697
994	707
994	710
994	742
994	762
994	789
994	805
994	995
994	1007
994	1023
994	1026
994	1039
994	1160
994	1193
994	1259
994	1297
994	1393
994	1549
994	1633
994	1706
994	1859
994	2114
994	2209
994	2328
994	2625
994	2654
994	2775
994	2856
994	3030
994	3192
994	3529
994	3537
994	3885
994	3892
994	4013
994	4384
994	4953
994	5412
996	15
996	56
996	204
996	259
996	290
996	332
996	334
996	346
996	350
996	403
996	425
996	587
996	608
996	633
996	644
996	647
996	722
996	762
996	764
996	765
996	810
996	813
996	820
996	859
996	907
996	946
996	947
996	959
996	968
996	971
996	1018
996	1035
996	1049
996	1061
996	1100
996	1166
996	1185
996	1186
996	1203
996	1211
996	1234
996	1243
996	1247
996	1250
996	1267
996	1291
996	1296
996	1297
996	1353
996	1357
996	1375
996	1378
996	1384
996	1389
996	1393
996	1394
996	1402
996	1412
996	1413
996	1416
996	1419
996	1435
996	1444
996	1453
996	1471
996	1472
996	1473
996	1521
996	1542
996	1547
996	1565
996	1571
996	1592
996	1608
996	1613
996	1621
996	1633
996	1637
996	1638
996	1646
996	1648
996	1653
996	1678
996	1705
996	1723
996	1729
996	1734
996	1749
996	1783
996	1792
996	1814
996	1823
996	1835
996	1847
996	1848
996	1888
996	1919
996	1956
996	1964
996	1977
996	1982
996	1992
996	1997
996	2014
996	2062
996	2066
996	2071
996	2091
996	2095
996	2102
996	2116
996	2120
996	2128
996	2135
996	2145
996	2174
996	2182
996	2209
996	2210
996	2225
996	2231
996	2240
996	2241
996	2246
996	2251
996	2253
996	2273
996	2281
996	2323
996	2324
996	2329
996	2332
996	2333
996	2339
996	2345
996	2348
996	2354
996	2356
996	2371
996	2375
996	2385
996	2397
996	2398
996	2400
996	2411
996	2435
996	2470
996	2479
996	2510
996	2516
996	2517
996	2542
996	2550
996	2570
996	2576
996	2579
996	2580
996	2587
996	2591
996	2593
996	2620
996	2625
996	2651
996	2653
996	2654
996	2657
996	2665
996	2669
996	2685
996	2693
996	2707
996	2708
996	2713
996	2754
996	2763
996	2764
996	2768
996	2774
996	2775
996	2785
996	2787
996	2794
996	2801
996	2805
996	2809
996	2815
996	2819
996	2828
996	2834
996	2856
996	2923
996	2951
996	2963
996	2968
996	3027
996	3029
996	3089
996	3103
996	3106
996	3117
996	3140
996	3148
996	3192
996	3238
996	3253
996	3274
996	3309
996	3393
996	3408
996	3456
996	3479
996	3489
996	3537
996	3554
996	3557
996	3562
996	3796
996	3806
996	3813
996	3897
996	3958
996	4055
996	4098
996	4179
996	4234
996	4266
996	4289
996	4315
996	4323
996	4335
996	4384
996	4400
996	4424
996	4448
996	4510
996	4530
996	4574
996	4600
996	4661
996	4666
996	4712
996	4735
996	4797
996	4820
996	4875
996	4929
996	4964
996	5022
996	5079
996	5162
996	5233
996	5254
996	5263
996	5288
996	5335
996	5392
996	5412
996	5423
996	5449
996	5452
996	5454
996	5463
996	5484
996	5506
996	5509
996	5568
996	5637
996	5650
996	5651
996	5683
996	5784
996	5790
996	5828
996	5863
996	5994
996	6246
996	6262
996	6306
996	6400
996	6432
996	6437
996	6441
996	6498
996	6566
996	6599
996	6714
996	6780
996	7047
996	7092
996	7094
996	7108
996	7373
996	7620
996	8290
996	8291
996	8292
996	8293
998	243
998	372
998	579
998	663
998	686
998	696
998	697
998	789
998	913
998	956
998	971
998	1014
998	1053
998	1123
998	1152
998	1186
998	1248
998	1322
998	1442
998	1476
998	1489
998	1597
998	1603
998	1652
998	1654
998	1661
998	1662
998	1717
998	1956
998	2381
1005	789
1005	813
1005	1234
1005	1497
1005	1573
999	432
999	789
999	959
999	1014
1000	290
1000	317
1000	403
1000	765
1000	789
1000	896
1000	960
1000	968
1000	1014
1000	1018
1000	1103
1000	1154
1000	1253
1000	1428
1000	1501
1000	1525
1000	1600
1000	1734
1000	1754
1000	1781
1000	1835
1000	1918
1000	2120
1000	2240
1000	2264
1000	2328
1000	2332
1000	2410
1000	2470
1000	2499
1000	2517
1000	2550
1000	2570
1000	2571
1000	2575
1000	2579
1000	2593
1000	2830
1000	2834
1000	2877
1000	3015
1000	3089
1000	3140
1000	3150
1000	3191
1000	3334
1000	3586
1000	4527
1000	5176
1000	5527
1000	5624
1000	5798
1000	5936
1000	5963
1000	5973
1000	6027
1000	6029
1000	6148
1000	6946
1000	7436
1006	35
1006	171
1006	214
1006	227
1006	230
1006	259
1006	298
1006	314
1006	338
1006	432
1006	579
1006	686
1006	696
1006	762
1006	789
1006	803
1006	805
1006	813
1006	836
1006	857
1006	861
1006	871
1006	904
1006	935
1006	937
1006	941
1006	948
1006	956
1006	960
1006	963
1006	975
1006	982
1006	994
1006	1007
1006	1014
1006	1023
1006	1026
1006	1029
1006	1030
1006	1032
1006	1034
1006	1039
1006	1043
1006	1075
1006	1080
1006	1141
1006	1144
1006	1156
1006	1167
1006	1200
1006	1203
1006	1220
1006	1221
1006	1222
1006	1234
1006	1248
1006	1286
1006	1297
1006	1326
1006	1330
1006	1375
1006	1389
1006	1394
1006	1396
1006	1402
1006	1412
1006	1413
1006	1418
1006	1432
1006	1441
1006	1444
1006	1453
1006	1465
1006	1468
1006	1487
1006	1496
1006	1506
1006	1514
1006	1518
1006	1524
1006	1534
1006	1538
1006	1547
1006	1555
1006	1556
1006	1573
1006	1583
1006	1585
1006	1587
1006	1593
1006	1595
1006	1597
1006	1600
1006	1603
1006	1610
1006	1613
1006	1718
1006	1747
1006	1774
1006	1783
1006	1787
1006	1788
1006	1793
1006	1798
1006	1836
1006	1848
1006	1857
1006	1893
1006	1920
1006	1950
1006	1953
1006	1983
1006	1984
1006	1985
1006	2066
1006	2073
1006	2085
1006	2097
1006	2128
1006	2178
1006	2181
1006	2202
1006	2231
1006	2324
1006	2341
1006	2435
1006	2579
1006	2580
1006	2651
1006	2763
1006	2912
1006	3034
1006	3136
1006	3568
1006	4037
1006	4422
1006	4510
1006	4983
1001	789
1002	789
1003	290
1003	663
1003	789
1003	857
1003	946
1003	1230
1003	1319
1003	1374
1003	1880
1003	1956
1003	1966
1003	2504
1003	2851
1003	4071
1003	5543
1003	7073
1003	7115
1003	7699
1004	789
1004	4335
1004	4846
1004	5178
1004	5305
1004	5543
1004	5545
1004	6302
1004	6306
1004	6334
1004	6414
1004	6441
1008	304
1008	1026
1008	4037
1008	4875
1008	5254
1008	5714
1008	6682
1008	6714
1011	447
1011	1031
1011	2193
1011	2210
1011	3321
1011	4365
1012	447
1012	1218
1012	2247
1012	2571
1012	2991
1012	3301
1012	4373
1013	243
1013	259
1013	271
1013	626
1013	644
1013	762
1013	769
1013	857
1013	930
1013	937
1013	985
1013	1014
1013	1044
1013	1053
1013	1080
1013	1140
1013	1144
1013	1154
1013	1186
1013	1260
1013	1382
1013	1396
1013	3164
1016	565
1017	565
1018	565
1018	2237
1018	4335
1018	4728
1018	5623
1019	565
1009	271
1009	299
1009	311
1009	314
1009	332
1009	334
1009	707
1009	948
1009	994
1009	1023
1009	1026
1009	1043
1009	1125
1009	1164
1009	1165
1009	1203
1009	1402
1009	1412
1009	1425
1009	1439
1009	1442
1009	1464
1009	1486
1009	1514
1009	1811
1009	1858
1009	1893
1009	1920
1009	1927
1009	1963
1009	1966
1009	2202
1009	2328
1009	2597
1009	2674
1009	3148
1009	3529
1009	4263
1009	6029
1009	6251
1009	6417
1009	6665
1009	7225
1009	7400
1021	1026
1022	35
1022	243
1022	545
1022	663
1022	978
1022	1026
1022	1053
1022	1055
1022	1123
1022	1131
1022	1156
1022	1167
1022	1377
1022	1484
1023	311
1023	332
1023	722
1023	742
1023	1026
1023	1167
1023	1201
1023	1492
1023	1700
1024	290
1024	425
1024	626
1024	697
1024	825
1024	1026
1024	1279
1024	1291
1024	1305
1024	1307
1024	1549
1024	1592
1024	1637
1024	1641
1024	2264
1024	2384
1024	2506
1024	2625
1024	2657
1024	2696
1024	2785
1024	2805
1024	2828
1024	2830
1024	2977
1024	3009
1024	3029
1024	3033
1024	3034
1024	3125
1024	3145
1024	3150
1024	3164
1024	3408
1024	3433
1024	3748
1024	4162
1024	4510
1024	4706
1024	4735
1024	5055
1025	1026
1027	311
1027	321
1027	697
1027	1023
1027	1039
1027	5631
1028	271
1028	626
1028	697
1028	1030
1028	1053
1028	1123
1028	1186
1029	35
1029	171
1029	227
1029	243
1029	271
1029	299
1029	311
1029	314
1029	321
1029	432
1029	579
1029	626
1029	686
1029	691
1029	697
1029	705
1029	707
1029	742
1029	761
1029	762
1029	769
1029	771
1029	784
1029	803
1029	805
1029	810
1029	813
1029	853
1029	871
1029	913
1029	941
1029	956
1029	960
1029	963
1029	971
1029	978
1029	982
1029	999
1029	1000
1029	1006
1029	1030
1029	1032
1029	1038
1029	1039
1029	1044
1029	1053
1029	1055
1029	1061
1029	1062
1029	1075
1029	1080
1029	1092
1029	1103
1029	1114
1029	1123
1029	1128
1029	1131
1029	1144
1029	1154
1029	1160
1029	1186
1029	1190
1029	1193
1029	1196
1029	1201
1029	1211
1029	1218
1029	1220
1029	1222
1029	1261
1029	1279
1029	1297
1029	1319
1029	1321
1029	1330
1029	1372
1029	1375
1029	1377
1029	1382
1029	1394
1029	1396
1029	1402
1029	1413
1029	1418
1029	1420
1029	1428
1029	1439
1029	1441
1029	1446
1029	1453
1029	1464
1029	1468
1029	1471
1029	1476
1029	1484
1029	1485
1029	1486
1029	1487
1029	1490
1029	1496
1029	1497
1029	1506
1029	1507
1029	1513
1029	1520
1029	1524
1029	1531
1029	1533
1029	1537
1029	1538
1029	1555
1029	1556
1029	1557
1029	1573
1029	1580
1029	1587
1029	1654
1029	1661
1029	1662
1029	1679
1029	1758
1029	1768
1029	1774
1029	1780
1029	1783
1029	1787
1029	1788
1029	1791
1029	1798
1029	1802
1029	1811
1029	2625
1029	2843
1029	3755
1029	8289
1031	311
1031	1012
1031	1154
1031	1186
1031	1297
1031	1492
1031	1549
1031	1621
1031	1835
1031	1842
1031	1888
1031	2339
1031	2490
1031	2550
1031	2585
1031	2619
1031	3104
1031	3351
1031	3650
1032	311
1032	647
1032	663
1032	857
1032	978
1032	993
1032	1039
1032	1243
1032	1267
1032	1357
1032	1413
1032	1482
1032	1506
1032	1520
1032	1556
1032	1603
1032	1622
1032	1658
1032	1680
1032	1997
1032	2128
1032	2328
1032	2909
1032	2912
1032	3024
1032	3089
1032	3136
1032	3253
1032	3352
1032	3587
1032	3720
1032	3787
1032	4037
1032	4191
1032	4712
1032	5222
1032	5683
1032	6774
1032	6833
1033	271
1033	311
1033	626
1033	956
1033	1053
1033	1123
1034	15
1034	271
1034	311
1034	321
1034	372
1034	417
1034	579
1034	857
1034	907
1034	974
1034	1043
1034	1062
1034	1141
1034	1164
1034	1186
1034	1201
1034	1218
1034	1253
1034	1297
1034	1319
1034	1322
1034	1482
1034	1484
1034	1585
1034	1595
1034	1603
1034	1718
1034	2508
1034	2612
1034	2775
1034	3005
1034	3680
1034	4828
1035	742
1035	947
1035	1190
1035	1547
1035	2062
1035	2341
1035	2350
1035	2499
1035	2547
1035	2697
1035	2963
1035	5817
1039	407
1039	989
1039	1482
1039	1585
1039	2157
1039	2685
1037	15
1037	204
1037	230
1037	415
1037	417
1037	686
1037	722
1037	761
1037	859
1037	908
1037	946
1037	947
1037	960
1037	1026
1037	1039
1037	1144
1037	1167
1037	1297
1037	1353
1037	1374
1037	1378
1037	1437
1037	1514
1037	1520
1037	1549
1037	1571
1037	1585
1037	1592
1037	1613
1037	1622
1037	1633
1037	1648
1037	1734
1037	1744
1037	1758
1037	1783
1037	1918
1037	1966
1037	1982
1037	2066
1037	2137
1037	2160
1037	2165
1037	2210
1037	2225
1037	2323
1037	2338
1037	2339
1037	2398
1037	2411
1037	2506
1037	2535
1037	2625
1037	2654
1037	2665
1037	2877
1037	2966
1037	3014
1037	3030
1037	3130
1037	3253
1037	3334
1037	3459
1037	3516
1037	3724
1037	3843
1037	4037
1037	4266
1037	4335
1037	4510
1037	4875
1037	5022
1037	5079
1037	5484
1037	5671
1037	5902
1037	5963
1037	6299
1037	6634
1037	6720
1037	6833
1037	6855
1037	7225
1037	7620
1037	7632
1037	8290
1038	271
1038	545
1038	707
1038	710
1038	1039
1038	1618
1040	1038
1041	15
1041	896
1041	913
1041	1026
1041	1038
1041	1199
1041	1319
1041	1514
1041	1585
1041	1758
1041	2276
1041	2277
1041	2510
1041	2516
1041	2535
1041	2747
1041	2790
1041	3417
1041	3586
1041	3956
1041	4103
1041	4127
1041	4453
1041	4468
1041	4587
1041	4796
1041	4828
1041	4875
1041	5022
1041	5262
1041	5285
1041	5308
1041	5309
1041	5326
1041	5404
1041	5638
1041	5693
1041	5697
1041	5743
1041	5790
1041	5928
1041	6124
1041	6262
1041	6270
1041	6311
1041	6715
1041	6934
1041	6979
1041	7052
1042	332
1042	769
1042	856
1042	1043
1042	1100
1042	1137
1042	1267
1042	1297
1042	1384
1042	1396
1042	1407
1042	1592
1042	1744
1042	1835
1042	1842
1042	1992
1042	2073
1042	2109
1042	2231
1042	2256
1042	2470
1042	2504
1042	2643
1042	2665
1042	2669
1042	2763
1042	2785
1042	2801
1042	2877
1042	2880
1042	2951
1042	2963
1042	4412
1042	4653
1042	5155
1042	5254
1042	5799
1042	6560
1042	6595
1042	6686
1042	7073
1043	350
1043	372
1043	762
1043	763
1043	769
1043	1186
1043	1396
1043	1465
1043	1658
1043	1717
1043	1734
1043	1835
1043	2660
1043	2787
1043	3338
1043	3351
1043	4424
1043	4953
1043	7073
1043	7115
1043	8290
1044	769
1044	941
1044	1049
1044	1218
1044	1465
1044	2114
1044	2686
1044	3926
1044	5055
1045	769
1046	407
1046	432
1046	647
1046	663
1046	710
1046	769
1046	810
1046	971
1046	978
1046	1156
1046	1167
1046	1193
1046	1222
1046	1234
1046	1319
1046	1321
1046	1326
1046	1394
1046	1425
1046	1428
1046	1476
1046	1486
1046	1537
1046	1580
1047	769
1048	769
1048	3479
1049	769
1049	1044
1049	1465
1050	35
1050	372
1050	575
1050	697
1050	956
1050	960
1050	975
1050	1022
1050	1053
1050	1123
1050	1154
1050	1193
1050	1199
1050	1203
1050	1284
1050	1357
1050	1378
1050	1407
1050	1441
1050	1549
1050	1714
1050	1726
1050	1758
1050	1793
1050	1802
1050	1855
1050	1920
1050	1927
1050	1963
1050	1966
1050	2053
1050	2101
1050	2210
1050	2211
1050	2253
1050	2264
1050	2398
1050	2565
1050	2617
1050	2651
1050	2708
1050	2777
1050	3251
1050	8290
1052	321
1052	1053
1052	1123
1052	1781
1051	15
1051	290
1051	644
1051	762
1051	938
1051	968
1051	1053
1051	1123
1051	1164
1051	1186
1051	1384
1051	1385
1051	1416
1051	1420
1051	1592
1051	1629
1051	1633
1051	1662
1051	1680
1051	2109
1051	2135
1051	2285
1051	2398
1051	2470
1051	2485
1051	2579
1051	2660
1051	2851
1051	2963
1051	3180
1051	3439
1051	3480
1051	4175
1051	4179
1051	4453
1051	4827
1051	4953
1051	5022
1051	5335
1051	6496
1051	6498
1051	6955
1051	7778
1051	7890
1051	8174
1051	8192
1055	15
1055	56
1055	204
1055	214
1055	227
1055	259
1055	290
1055	298
1055	321
1055	417
1055	432
1055	579
1055	691
1055	697
1055	737
1055	761
1055	762
1055	771
1055	826
1055	871
1055	896
1055	908
1055	913
1055	928
1055	948
1055	959
1055	960
1055	978
1055	993
1055	1034
1055	1075
1055	1092
1055	1157
1055	1193
1055	1201
1055	1211
1055	1236
1055	1247
1055	1248
1055	1261
1055	1279
1055	1297
1055	1322
1055	1360
1055	1375
1055	1382
1055	1411
1055	1428
1055	1437
1055	1439
1055	1468
1055	1471
1055	1476
1055	1478
1055	1482
1055	1484
1055	1489
1055	1493
1055	1496
1055	1514
1055	1531
1055	1538
1055	1549
1055	1555
1055	1564
1055	1569
1055	1573
1055	1585
1055	1587
1055	1593
1055	1597
1055	1622
1055	1633
1055	1638
1055	1648
1055	1649
1055	1652
1055	1654
1055	1661
1055	1662
1055	1679
1055	1687
1055	1700
1055	1744
1055	1752
1055	1758
1055	1768
1055	1774
1055	1811
1055	1823
1055	1849
1055	1857
1055	1864
1055	1918
1055	1935
1055	1956
1055	1982
1055	1990
1055	2106
1055	2144
1055	2151
1055	2157
1055	2285
1055	2323
1055	2328
1055	2339
1055	2341
1055	2398
1055	2411
1055	2416
1055	2504
1055	2535
1055	2565
1055	2576
1055	2580
1055	2620
1055	2625
1055	2654
1055	2747
1055	2774
1055	2775
1055	2790
1055	2877
1055	2900
1055	2902
1055	2923
1055	2963
1055	3005
1055	3014
1055	3084
1055	3089
1055	3103
1055	3117
1055	3136
1055	3140
1055	3192
1055	3276
1055	3291
1055	3483
1055	3516
1055	3520
1055	3541
1055	3554
1055	3580
1055	3755
1055	3976
1055	4037
1055	4058
1055	4099
1055	4175
1055	4191
1055	4290
1055	4530
1055	4536
1055	4735
1055	4797
1055	4811
1055	4820
1055	4875
1055	5002
1055	5022
1055	5123
1055	5148
1055	5254
1055	5288
1055	5412
1055	5683
1055	5714
1055	5780
1055	5790
1055	5863
1055	5902
1055	5963
1055	5994
1055	6004
1055	6306
1055	6328
1055	6347
1055	6523
1055	6566
1055	6599
1055	6665
1055	6720
1055	6739
1055	6979
1055	7047
1055	7478
1055	7497
1055	7544
1055	7553
1055	7683
1055	7699
1055	7707
1055	7726
1055	7910
1055	8294
1058	784
1059	784
1059	2470
1060	784
1061	937
1061	1390
1062	35
1062	227
1062	271
1062	321
1062	403
1062	432
1062	644
1062	647
1062	663
1062	705
1062	707
1062	710
1062	722
1062	763
1062	764
1062	765
1062	803
1062	836
1062	853
1062	922
1062	935
1062	941
1062	943
1062	946
1062	947
1062	959
1062	975
1062	982
1062	993
1062	994
1062	999
1062	1035
1062	1125
1062	1152
1062	1164
1062	1185
1062	1190
1062	1193
1062	1201
1062	1203
1062	1221
1062	1230
1062	1243
1062	1250
1062	1259
1062	1266
1062	1267
1062	1282
1062	1286
1062	1291
1062	1296
1062	1330
1062	1357
1062	1374
1062	1416
1062	1418
1062	1419
1062	1425
1062	1444
1062	1492
1062	1521
1062	1534
1062	1566
1062	1583
1062	1621
1062	1633
1062	1658
1062	1688
1062	1700
1062	1705
1062	1706
1062	1714
1062	1723
1062	1734
1062	1754
1062	1772
1062	1808
1062	1814
1062	1816
1062	1835
1062	1836
1062	1848
1062	1858
1062	1888
1062	1893
1062	1901
1062	1964
1062	1985
1062	1992
1062	2071
1062	2085
1062	2117
1062	2120
1062	2128
1062	2134
1062	2144
1062	2174
1062	2178
1062	2225
1062	2240
1062	2241
1062	2251
1062	2256
1062	2322
1062	2328
1062	2329
1062	2333
1062	2341
1062	2400
1062	2411
1062	2435
1062	2474
1062	2475
1062	2485
1062	2510
1062	2579
1062	2587
1062	2593
1062	2594
1062	2653
1062	2657
1062	2685
1062	2697
1062	2707
1062	2727
1062	2746
1062	2828
1062	2830
1062	2834
1062	2932
1062	2968
1062	3005
1062	3021
1062	3024
1062	3026
1062	3029
1062	3030
1062	3033
1062	3059
1062	3117
1062	3192
1062	3307
1062	3351
1062	3352
1062	3394
1062	3404
1062	3529
1062	3645
1062	3812
1062	3956
1062	4011
1062	4256
1062	4263
1062	4269
1062	4531
1062	8291
1063	35
1063	243
1063	299
1063	971
1063	1167
1063	1465
1063	1603
1063	1799
1063	1901
1063	2145
1063	2381
1063	2658
1063	3089
1063	3103
1063	3456
1063	3568
1063	3873
1063	4717
1063	5037
1063	5273
1063	5671
1063	5680
1063	5844
1063	6006
1063	6123
1063	6832
1063	7021
1063	7052
1063	7908
1064	15
1064	243
1064	857
1064	1200
1064	1201
1064	1476
1064	1654
1064	1680
1064	2225
1064	2333
1064	3034
1064	3803
1064	3822
1064	4212
1064	6243
1064	6589
1067	243
1067	8290
1065	243
1065	1186
1065	1218
1065	1849
1065	1857
1065	2328
1065	4011
1066	243
1066	271
1066	1044
1066	1131
1066	2339
1070	1044
1071	1044
1072	1044
872	271
872	465
872	686
872	974
872	993
872	1044
872	1164
872	1166
872	1279
872	1413
872	1489
872	1648
872	1653
872	1654
872	1662
872	1672
872	1689
872	1730
872	1780
872	1811
872	1857
872	2073
872	2225
872	2264
872	2770
872	2856
872	3136
872	3587
872	5499
1074	686
1074	994
1074	1222
1074	1321
1074	1352
1074	1823
1074	1972
1074	2160
1074	2273
1074	2285
1074	2433
1074	2440
1074	2914
1074	3291
1074	3634
1074	3792
1074	3830
1074	3842
1074	3919
1074	4065
1074	4099
1074	4412
1074	4507
1074	4709
1074	4712
1074	4713
1074	4717
1074	4791
1074	4994
1074	5002
1074	5037
1074	5140
1074	5188
1074	5254
1074	5524
1074	5563
1074	5584
1074	5596
1074	5626
1074	5714
1074	5739
1074	5799
1074	5818
1074	5824
1074	5827
1074	5829
1074	5871
1074	5950
1074	6004
1074	6156
1074	6170
1074	6221
1074	6299
1074	6327
1074	6347
1074	6409
1074	6424
1074	6441
1074	6474
1074	6481
1074	6491
1074	6496
1074	6498
1074	6501
1074	6505
1074	6528
1074	6529
1074	6554
1074	6560
1074	6570
1074	6592
1074	6595
1074	6599
1074	6600
1074	6613
1074	6632
1074	6663
1074	6665
1074	6670
1074	6699
1074	6700
1074	6725
1074	6739
1074	6755
1074	6769
1074	6770
1074	6788
1074	6850
1074	6860
1074	6869
1074	6873
1074	6890
1074	6892
1074	6897
1074	6930
1075	15
1075	35
1075	227
1075	259
1075	324
1075	407
1075	432
1075	579
1075	665
1075	686
1075	763
1075	825
1075	853
1075	907
1075	971
1075	1018
1075	1080
1075	1111
1075	1127
1075	1140
1075	1157
1075	1165
1075	1203
1075	1330
1075	1353
1075	1372
1075	1375
1075	1418
1075	1420
1075	1425
1075	1473
1075	1476
1075	1525
1075	1537
1075	1548
1075	1622
1075	1717
1075	1802
1075	1842
1075	1858
1075	1893
1075	1927
1075	1953
1075	2137
1075	2237
1075	2354
1075	2398
1075	2470
1075	2593
1075	2595
1075	2653
1075	3018
1075	3034
1075	3192
1075	3243
1075	3321
1075	3352
1075	3650
1075	4055
1075	4110
1075	4179
1075	4276
1075	4448
1075	4666
1075	5254
1075	5341
1075	5423
1075	5452
1075	5484
1075	5511
1075	5624
1075	6229
1075	6388
1075	7131
1084	271
1084	338
1084	626
1084	1080
1084	2210
1078	259
1078	271
1078	626
1078	1075
1078	1193
1079	271
1079	5925
1080	271
1080	959
1080	1836
1080	1842
1080	1855
1081	271
1082	271
1082	1506
1082	1903
1082	2708
1083	271
1083	1783
1085	214
1085	259
1085	626
1085	1842
1086	579
1086	626
1086	665
1086	1151
1086	1152
1086	1464
1086	1991
1086	2097
1089	259
1089	626
1089	873
1089	1000
1089	1152
1089	1717
1089	1842
1089	1855
1087	626
1087	5254
1088	626
1093	1080
1093	1842
1094	1080
1094	1842
1095	959
1095	1080
1095	1103
1095	1542
1095	1833
1095	1836
1095	1842
1095	1855
1095	2504
1095	2697
1096	1080
1097	15
1097	56
1097	204
1097	417
1097	737
1097	762
1097	805
1097	856
1097	941
1097	993
1097	1049
1097	1080
1097	1193
1097	1201
1097	1211
1097	1239
1097	1247
1097	1297
1097	1393
1097	1428
1097	1437
1097	1521
1097	1549
1097	1564
1097	1573
1097	1595
1097	1633
1097	1637
1097	1700
1097	1808
1097	1814
1097	1919
1097	2066
1097	2102
1097	2174
1097	2256
1097	2323
1097	2328
1097	2366
1097	2381
1097	2470
1097	2479
1097	2516
1097	2570
1097	2576
1097	2594
1097	2625
1097	2651
1097	2653
1097	2685
1097	2768
1097	2794
1097	2801
1097	2830
1097	2958
1097	2972
1097	3014
1097	3020
1097	3027
1097	3030
1097	3033
1097	3089
1097	3117
1097	3155
1097	3192
1097	3274
1097	3309
1097	3352
1097	3393
1097	3443
1097	3456
1097	3554
1097	3562
1097	3580
1097	3926
1097	4124
1097	4247
1097	4256
1097	4310
1097	4335
1097	4530
1097	4735
1097	4953
1097	5412
1097	5449
1097	5452
1097	5743
1097	7450
1098	56
1098	285
1098	350
1098	722
1098	764
1098	859
1098	946
1098	947
1098	959
1098	967
1098	993
1098	1018
1098	1026
1098	1049
1098	1080
1098	1103
1098	1166
1098	1186
1098	1291
1098	1315
1098	1357
1098	1378
1098	1407
1098	1419
1098	1492
1098	1514
1098	1521
1098	1542
1098	1549
1098	1565
1098	1583
1098	1608
1098	1613
1098	1633
1098	1646
1098	1653
1098	1700
1098	1714
1098	1730
1098	1734
1098	1754
1098	1772
1098	1781
1098	1783
1098	1808
1098	1814
1098	1833
1098	1835
1098	1836
1098	1837
1098	1847
1098	1848
1098	1855
1098	1859
1098	1888
1098	1893
1098	1919
1098	1956
1098	1963
1098	1964
1098	1969
1098	1973
1098	1982
1098	1991
1098	1992
1098	1997
1098	2016
1098	2062
1098	2066
1098	2071
1098	2072
1098	2079
1098	2095
1098	2102
1098	2106
1098	2109
1098	2114
1098	2117
1098	2120
1098	2128
1098	2174
1098	2178
1098	2181
1098	2193
1098	2225
1098	2240
1098	2241
1098	2251
1098	2256
1098	2264
1098	2294
1098	2297
1098	2322
1098	2332
1098	2338
1098	2341
1098	2375
1098	2385
1098	2400
1098	2410
1098	2435
1098	2474
1098	2504
1098	2542
1098	2560
1098	2565
1098	2570
1098	2576
1098	2579
1098	2585
1098	2589
1098	2593
1098	2594
1098	2620
1098	2625
1098	2650
1098	2651
1098	2654
1098	2658
1098	2669
1098	2672
1098	2685
1098	2697
1098	2707
1098	2721
1098	2781
1098	2785
1098	2794
1098	2805
1098	2814
1098	2828
1098	2851
1098	2940
1098	2963
1098	2968
1098	2973
1098	3005
1098	3018
1098	3029
1098	3030
1098	3033
1098	3034
1098	3084
1098	3117
1098	3130
1098	3150
1098	3238
1098	3253
1098	3265
1098	3297
1098	3310
1098	3346
1098	3351
1098	3408
1098	3435
1098	3459
1098	3473
1098	3489
1098	3529
1098	3537
1098	3580
1098	3726
1098	4037
1098	4401
1098	4483
1098	4632
1098	4666
1098	4764
1098	4940
1098	4981
1098	5002
1098	5020
1098	5079
1098	5246
1098	5289
1098	5321
1098	5415
1098	5432
1098	5466
1098	5582
1098	5614
1098	5697
1098	5738
1098	5760
1098	5772
1098	5773
1098	5776
1098	5800
1098	5806
1098	5807
1098	5811
1098	5812
1098	5814
1098	5819
1098	5822
1098	5829
1098	5897
1098	5932
1098	5998
1098	6004
1098	6032
1098	6043
1098	6097
1098	6123
1098	6151
1098	6170
1098	6241
1098	6270
1098	6296
1098	6299
1098	6305
1098	6306
1098	6323
1098	6327
1098	6330
1098	6334
1098	6424
1098	6555
1098	6560
1098	6568
1098	6624
1098	6665
1098	6712
1098	6714
1098	6736
1098	6739
1098	6765
1098	6783
1098	6784
1098	6789
1098	6790
1098	6806
1098	6855
1098	6860
1098	6913
1098	6914
1098	6917
1098	6934
1098	6938
1098	6946
1098	6953
1098	6955
1098	6967
1098	6976
1098	6979
1098	6980
1098	6982
1098	7012
1098	7021
1098	7047
1098	7050
1098	7052
1098	7059
1098	7060
1098	7063
1098	7092
1098	7094
1098	7108
1098	7110
1098	7120
1098	7131
1098	7186
1098	7201
1098	7233
1098	7262
1098	7277
1098	7323
1098	7351
1098	7378
1098	7381
1098	7386
1098	7391
1098	7397
1098	7414
1098	7478
1098	7553
1098	7574
1098	7587
1098	7618
1098	7620
1098	7634
1098	7646
1098	7647
1098	7651
1098	7662
1098	7666
1098	7675
1098	7701
1098	7707
1098	7726
1098	7763
1098	7810
1098	7819
1098	7833
1098	7839
1098	7874
1098	7879
1098	7924
1098	8002
1098	8050
1098	8141
1098	8168
1098	8246
1098	8290
1098	8291
1103	993
1103	1080
1103	1211
1103	1842
1103	2504
1103	2517
1103	2570
1103	2708
1103	2946
1099	559
1099	1080
1099	1103
1099	1297
1099	1542
1099	1836
1099	1842
1099	1855
1104	1080
1100	1080
1100	2657
1105	1080
1105	1836
1105	2654
1106	15
1106	1080
1101	1080
1107	1080
1108	1080
1109	1080
1110	1080
1111	15
1111	72
1111	259
1111	299
1111	432
1111	722
1111	803
1111	922
1111	959
1111	993
1111	999
1111	1075
1111	1080
1111	1193
1111	1196
1111	1241
1111	1243
1111	1247
1111	1330
1111	1353
1111	1542
1111	1548
1111	1583
1111	1717
1111	1836
1111	1842
1111	1855
1111	1927
1111	1977
1111	1997
1111	2060
1111	2062
1111	2066
1111	2073
1111	2085
1111	2106
1111	2323
1111	2354
1111	2398
1111	2400
1111	2822
1111	2925
1111	3084
1111	3192
1111	3352
1111	3897
1111	4065
1111	4191
1111	4247
1111	4310
1111	4400
1111	5178
1111	5254
1111	5263
1111	5392
1111	5412
1111	5423
1111	5524
1111	5543
1111	5683
1112	1080
1113	1075
1113	1080
1113	1855
1113	2398
1113	3352
1113	3835
1102	1080
1102	1103
1102	1411
1102	1836
1102	1837
1102	1842
1102	1855
1102	1903
1102	2144
1102	2479
1102	2570
1102	2625
1102	2654
1102	3173
1102	3276
1114	171
1114	230
1114	299
1114	334
1114	663
1114	665
1114	705
1114	710
1114	853
1114	922
1114	941
1114	971
1114	978
1114	985
1114	989
1114	1062
1114	1140
1114	1144
1114	1160
1114	1192
1114	1193
1114	1201
1114	1211
1114	1220
1114	1221
1114	1222
1114	1261
1114	1270
1114	1286
1114	1321
1114	1322
1114	1330
1114	1394
1114	1413
1114	1718
1114	1752
1114	1770
1114	1787
1114	2416
1432	1697
1115	1432
1120	1123
1124	350
1124	696
1124	859
1124	993
1124	1031
1124	1492
1124	1564
1124	1772
1124	1888
1124	1992
1124	2062
1124	2117
1124	2128
1124	2151
1124	2168
1124	2195
1124	2205
1124	2579
1124	2625
1124	2685
1125	72
1125	171
1125	214
1125	407
1125	608
1125	663
1125	696
1125	737
1125	805
1125	810
1125	930
1125	960
1125	993
1125	1140
1125	1154
1125	1211
1125	1287
1125	1492
1125	1564
1125	1585
1125	1772
1125	1783
1125	1919
1125	1992
1125	2066
1125	2151
1125	2195
1125	2398
1125	2504
1125	2625
1125	3473
1125	3516
1125	3769
1125	3796
1125	4578
1125	4735
1125	6665
1126	214
1126	696
1128	35
1128	1140
1128	1279
1128	1476
1128	1525
1128	1564
1128	1569
1128	1641
1128	1799
1128	1859
1128	2968
1128	4424
1128	5449
1127	35
1127	465
1127	559
1127	579
1127	665
1127	691
1127	941
1127	1049
1127	1128
1127	1165
1127	1166
1127	1199
1127	1297
1127	1319
1127	1357
1127	1384
1127	1416
1127	1482
1127	1489
1127	1496
1127	1507
1127	1525
1127	1593
1127	1604
1127	1610
1127	1621
1127	1633
1127	1652
1127	1653
1127	1658
1127	1662
1127	1672
1127	1701
1127	1706
1127	1734
1127	1754
1127	1758
1127	1842
1127	2062
1127	2076
1127	2135
1127	2145
1127	2348
1127	2350
1127	2516
1127	2707
1127	2787
1127	2851
1127	2871
1127	2963
1127	3030
1127	3084
1127	3352
1127	3404
1127	3489
1127	4179
1127	4297
1127	4587
1127	4776
1127	5037
1127	5055
1127	5335
1129	171
1129	214
1129	290
1129	415
1129	545
1129	691
1129	761
1129	762
1129	813
1129	887
1129	913
1129	941
1129	959
1129	960
1129	978
1129	993
1129	1022
1129	1029
1129	1031
1129	1074
1129	1131
1129	1156
1129	1167
1129	1211
1129	1234
1129	1241
1129	1248
1129	1261
1129	1286
1129	1297
1129	1321
1129	1377
1129	1407
1129	1420
1129	1428
1129	1478
1129	1489
1129	1497
1129	1514
1129	1537
1129	1538
1129	1556
1129	1557
1129	1563
1129	1569
1129	1573
1129	1580
1129	1585
1129	1618
1129	1622
1129	1689
1129	1774
1129	1861
1129	2151
1129	2157
1129	2160
1129	2397
1129	2576
1129	2790
1129	2877
1129	3140
1129	3755
1130	1131
1132	56
1132	204
1132	259
1132	338
1132	425
1132	665
1132	971
1132	993
1132	1193
1132	1396
1132	1413
1132	1637
1132	1729
1132	1864
1132	1903
1132	2014
1132	2016
1132	2101
1132	2237
1132	2257
1132	2290
1132	2354
1132	2398
1132	2411
1132	2440
1132	2456
1132	2470
1132	2651
1132	2787
1132	2801
1132	2946
1132	3027
1132	3173
1132	3238
1132	3352
1132	3443
1132	3871
1132	3897
1132	4037
1132	4044
1132	4117
1132	4424
1132	4687
1132	5335
1132	5404
1132	5421
1132	5449
1132	5902
1132	6306
1132	6560
1132	6914
1132	6979
1132	7108
1132	7378
1132	7553
1132	7620
1132	7699
1133	15
1133	72
1133	171
1133	230
1133	298
1133	299
1133	346
1133	545
1133	608
1133	633
1133	663
1133	737
1133	761
1133	762
1133	805
1133	825
1133	896
1133	913
1133	922
1133	989
1133	1012
1133	1022
1133	1026
1133	1029
1133	1055
1133	1140
1133	1156
1133	1157
1133	1159
1133	1165
1133	1185
1133	1186
1133	1190
1133	1211
1133	1222
1133	1239
1133	1240
1133	1248
1133	1266
1133	1282
1133	1296
1133	1297
1133	1305
1133	1310
1133	1360
1133	1385
1133	1464
1133	1476
1133	1484
1133	1490
1133	1549
1133	1555
1133	1587
1133	1619
1133	1622
1133	1661
1133	1679
1133	1680
1133	1688
1133	1718
1133	1729
1133	1733
1133	1752
1133	1772
1133	1780
1133	1791
1133	1799
1133	1836
1133	1859
1133	1984
1133	1990
1133	2014
1133	2066
1133	2129
1133	2134
1133	2144
1133	2145
1133	2151
1133	2210
1133	2229
1133	2240
1133	2276
1133	2289
1133	2326
1133	2328
1133	2333
1133	2364
1133	2398
1133	2456
1133	2474
1133	2490
1133	2506
1133	2507
1133	2517
1133	2576
1133	2599
1133	2612
1133	2625
1133	2646
1133	2651
1133	2653
1133	2696
1133	2697
1133	2700
1133	2760
1133	2765
1133	2775
1133	2787
1133	2790
1133	2811
1133	2830
1133	2859
1133	2871
1133	2900
1133	2909
1133	2925
1133	2932
1133	2958
1133	2968
1133	2981
1133	3002
1133	3007
1133	3014
1133	3034
1133	3073
1133	3089
1133	3125
1133	3136
1133	3140
1133	3144
1133	3191
1133	3192
1133	3238
1133	3253
1133	3276
1133	3284
1133	3309
1133	3321
1133	3334
1133	3346
1133	3352
1133	3376
1133	3394
1133	3433
1133	3439
1133	3443
1133	3447
1133	3452
1133	3453
1133	3454
1133	3455
1133	3456
1133	3458
1133	3460
1133	3464
1133	3498
1133	3537
1133	3554
1133	3557
1133	3568
1133	3586
1133	3607
1133	3615
1133	3631
1133	3635
1133	3643
1133	3645
1133	3660
1133	3661
1133	3664
1133	3691
1133	3724
1133	3748
1133	3787
1133	3796
1133	3806
1133	3812
1133	3813
1133	3835
1133	3843
1133	3854
1133	3873
1133	3898
1133	3912
1133	3922
1133	3956
1133	3958
1133	3976
1133	4011
1133	4037
1133	4040
1133	4041
1133	4044
1133	4047
1133	4051
1133	4055
1133	4065
1133	4072
1133	4103
1133	4110
1133	4124
1133	4127
1133	4138
1133	4175
1133	4188
1133	4189
1133	4191
1133	4199
1133	4212
1133	4233
1133	4235
1133	4247
1133	4254
1133	4256
1133	4261
1133	4263
1133	4266
1133	4269
1133	4289
1133	4290
1133	4297
1133	4298
1133	4299
1133	4310
1133	4311
1133	4323
1133	4331
1133	4335
1133	4349
1133	4351
1133	4355
1133	4359
1133	4365
1133	4373
1133	4384
1133	4385
1133	4400
1133	4402
1133	4403
1133	4412
1133	4417
1133	4422
1133	4424
1133	4448
1133	4463
1133	4466
1133	4468
1133	4482
1133	4485
1133	4500
1133	4510
1133	4527
1133	4528
1133	4529
1133	4531
1133	4534
1133	4551
1133	4557
1133	4558
1133	4562
1133	4574
1133	4578
1133	4584
1133	4587
1133	4588
1133	4600
1133	4620
1133	4621
1133	4631
1133	4646
1133	4648
1133	4662
1133	4666
1133	4677
1133	4706
1133	4713
1133	4719
1133	4728
1133	4735
1133	4776
1133	4781
1133	4792
1133	4796
1133	4797
1133	4808
1133	4811
1133	4814
1133	4820
1133	4822
1133	4824
1133	4827
1133	4828
1133	4831
1133	4846
1133	4875
1133	4929
1133	4938
1133	4942
1133	4946
1133	4953
1133	4962
1133	4983
1133	4999
1133	5020
1133	5022
1133	5026
1133	5043
1133	5044
1133	5045
1133	5055
1133	5058
1133	5061
1133	5073
1133	5083
1133	5092
1133	5100
1133	5103
1133	5106
1133	5121
1133	5123
1133	5176
1133	5179
1133	5182
1133	5189
1133	5204
1133	5222
1133	5233
1133	5254
1133	5262
1133	5263
1133	5288
1133	5301
1133	5335
1133	5392
1133	5404
1133	5412
1133	5437
1133	5482
1133	5484
1133	5527
1133	5543
1133	5545
1133	5559
1133	5563
1133	5568
1133	5605
1133	5624
1133	5630
1133	5635
1133	5637
1133	5638
1133	5640
1133	5680
1133	5753
1133	5773
1133	5775
1133	5780
1133	5812
1133	5817
1133	5848
1133	5863
1133	5886
1133	5925
1133	5928
1133	5936
1133	5947
1133	5963
1133	5972
1133	5973
1133	5977
1133	5980
1133	5994
1133	6004
1133	6009
1133	6021
1133	6029
1133	6094
1133	6098
1133	6124
1133	6148
1133	6161
1133	6166
1133	6226
1133	6229
1133	6246
1133	6262
1133	6334
1133	6833
1133	7040
1133	7092
1133	7833
1133	7890
1133	7910
1133	8002
1133	8051
1133	8134
1133	8290
1133	8294
1133	8295
1134	989
1134	1297
1134	3005
1135	171
1135	204
1135	299
1135	332
1135	334
1135	407
1135	545
1135	579
1135	644
1135	647
1135	710
1135	722
1135	765
1135	805
1135	813
1135	836
1135	887
1135	908
1135	922
1135	937
1135	943
1135	960
1135	971
1135	975
1135	978
1135	989
1135	993
1135	999
1135	1014
1135	1049
1135	1097
1135	1140
1135	1152
1135	1164
1135	1199
1135	1201
1135	1203
1135	1211
1135	1234
1135	1253
1135	1267
1135	1279
1135	1284
1135	1286
1135	1322
1135	1330
1135	1357
1135	1378
1135	1413
1135	1416
1135	1418
1135	1428
1135	1439
1135	1464
1135	1468
1135	1476
1135	1490
1135	1492
1135	1496
1135	1501
1135	1534
1135	1555
1135	1580
1135	1585
1135	1646
1135	1664
1135	1700
1135	1717
1135	1752
1135	1758
1135	1774
1135	1781
1135	1792
1135	1808
1135	1814
1135	1836
1135	1847
1135	1858
1135	1918
1135	1963
1135	1965
1135	1966
1135	1977
1135	1997
1135	2073
1135	2076
1135	2102
1135	2128
1135	2135
1135	2225
1135	2240
1135	2246
1135	2256
1135	2276
1135	2322
1135	2323
1135	2410
1135	2435
1135	2475
1135	2504
1135	2547
1135	2587
1135	2593
1135	2617
1135	2625
1135	2685
1135	2724
1135	2794
1135	2814
1135	2922
1135	2955
1135	3034
1135	3056
1135	3130
1135	3253
1137	56
1137	64
1137	72
1137	259
1137	285
1137	298
1137	350
1137	432
1137	579
1137	644
1137	763
1137	813
1137	887
1137	959
1137	963
1137	978
1137	994
1137	1049
1137	1103
1137	1127
1137	1140
1137	1200
1137	1203
1137	1221
1137	1230
1137	1261
1137	1284
1137	1286
1137	1297
1137	1357
1137	1372
1137	1374
1137	1375
1137	1378
1137	1394
1137	1407
1137	1413
1137	1416
1137	1418
1137	1428
1137	1435
1137	1437
1137	1441
1137	1464
1137	1465
1137	1514
1137	1521
1137	1524
1137	1534
1137	1549
1137	1564
1137	1566
1137	1585
1137	1592
1137	1608
1137	1637
1137	1646
1137	1700
1137	1706
1137	1723
1137	1734
1137	1754
1137	1772
1137	1781
1137	1842
1137	1858
1137	1903
1137	1908
1137	1919
1137	1956
1137	1991
1137	2071
1137	2073
1137	2101
1137	2112
1137	2128
1137	2165
1137	2205
1137	2241
1137	2328
1137	2340
1137	2354
1137	2371
1137	2410
1137	2485
1137	2490
1137	2510
1137	2593
1137	2594
1137	2653
1137	2696
1137	2697
1137	2724
1137	2754
1137	2763
1137	2768
1137	2777
1137	2781
1137	2785
1137	2805
1137	2814
1137	2825
1137	2828
1137	2830
1137	2838
1137	2900
1137	2958
1137	3026
1137	3033
1137	3059
1137	3117
1137	3192
1137	3265
1137	3537
1137	3615
1137	3643
1137	3748
1137	3755
1137	3796
1137	3854
1137	3898
1137	4041
1137	4099
1137	4162
1137	4256
1137	4323
1137	4335
1137	4365
1137	4653
1137	4712
1137	4827
1137	5026
1137	5141
1137	5285
1137	5527
1138	407
1138	805
1138	994
1139	994
1139	1043
1141	545
1141	1193
1142	15
1142	299
1142	417
1142	425
1142	579
1142	705
1142	762
1142	871
1142	960
1142	978
1142	993
1142	1043
1142	1097
1142	1166
1142	1167
1142	1186
1142	1201
1142	1248
1142	1297
1142	1322
1142	1357
1142	1476
1142	1525
1142	1592
1142	1597
1142	1603
1142	1689
1142	1956
1142	2117
1142	2328
1142	2345
1142	2381
1142	2398
1142	2510
1142	2576
1142	2580
1142	2781
1142	3516
1142	3680
1142	4110
1142	4400
1142	4631
1142	5886
1142	7073
1142	7115
1142	7168
1142	7277
1142	7839
1143	56
1143	372
1143	579
1143	968
1143	1043
1143	1186
1143	1307
1143	1416
1143	1621
1143	1888
1143	2062
1143	2479
1143	2599
1143	2963
1144	941
1144	1006
1144	1125
1144	1190
1144	1196
1144	1218
1144	4037
1068	1125
1068	1322
1068	1534
1145	1125
1145	1186
1146	663
1147	663
1147	2830
1147	3480
1148	407
1150	1152
1150	1319
1150	1484
1150	1583
1150	1622
1150	2594
1150	3136
1150	4011
1151	15
1151	56
1151	72
1151	204
1151	214
1151	230
1151	290
1151	332
1151	346
1151	350
1151	372
1151	403
1151	415
1151	417
1151	465
1151	587
1151	608
1151	722
1151	737
1151	761
1151	762
1151	763
1151	764
1151	765
1151	836
1151	859
1151	871
1151	904
1151	908
1151	937
1151	947
1151	967
1151	968
1151	974
1151	975
1151	993
1151	1000
1151	1026
1151	1032
1151	1035
1151	1049
1151	1061
1151	1097
1151	1103
1151	1111
1151	1137
1151	1152
1151	1164
1151	1166
1151	1185
1151	1186
1151	1191
1151	1200
1151	1201
1151	1211
1151	1230
1151	1234
1151	1236
1151	1239
1151	1243
1151	1248
1151	1250
1151	1279
1151	1284
1151	1285
1151	1297
1151	1319
1151	1322
1151	1323
1151	1352
1151	1353
1151	1357
1151	1374
1151	1378
1151	1393
1151	1407
1151	1416
1151	1428
1151	1437
1151	1444
1151	1464
1151	1473
1151	1482
1151	1485
1151	1487
1151	1492
1151	1496
1151	1521
1151	1537
1151	1542
1151	1547
1151	1549
1151	1550
1151	1555
1151	1565
1151	1566
1151	1571
1151	1583
1151	1585
1151	1592
1151	1597
1151	1603
1151	1608
1151	1613
1151	1621
1151	1622
1151	1633
1151	1646
1151	1680
1151	1697
1151	1700
1151	1705
1151	1707
1151	1714
1151	1717
1151	1723
1151	1730
1151	1732
1151	1733
1151	1746
1151	1747
1151	1749
1151	1752
1151	1754
1151	1757
1151	1758
1151	1768
1151	1769
1151	1770
1151	1772
1151	1774
1151	1781
1151	1783
1151	1788
1151	1791
1151	1808
1151	1814
1151	1816
1151	1835
1151	1836
1151	1842
1151	1847
1151	1848
1151	1888
1151	1893
1151	1918
1151	1919
1151	1956
1151	1961
1151	1964
1151	1965
1151	1969
1151	1977
1151	1979
1151	1983
1151	1985
1151	1991
1151	1992
1151	1997
1151	2001
1151	2004
1151	2014
1151	2016
1151	2062
1151	2066
1151	2071
1151	2073
1151	2085
1151	2091
1151	2095
1151	2097
1151	2106
1151	2114
1151	2116
1151	2117
1151	2119
1151	2120
1151	2128
1151	2135
1151	2137
1151	2145
1151	2151
1151	2157
1151	2160
1151	2165
1151	2174
1151	2181
1151	2193
1151	2202
1151	2206
1151	2209
1151	2210
1151	2211
1151	2225
1151	2229
1151	2240
1151	2241
1151	2246
1151	2251
1151	2253
1151	2257
1151	2258
1151	2264
1151	2273
1151	2297
1151	2322
1151	2323
1151	2324
1151	2328
1151	2329
1151	2332
1151	2333
1151	2341
1151	2345
1151	2350
1151	2354
1151	2369
1151	2381
1151	2385
1151	2397
1151	2398
1151	2410
1151	2433
1151	2435
1151	2456
1151	2470
1151	2475
1151	2479
1151	2485
1151	2504
1151	2506
1151	2507
1151	2510
1151	2516
1151	2535
1151	2542
1151	2547
1151	2570
1151	2576
1151	2579
1151	2587
1151	2592
1151	2593
1151	2594
1151	2604
1151	2623
1151	2625
1151	2643
1151	2654
1151	2660
1151	2665
1151	2667
1151	2669
1151	2685
1151	2686
1151	2697
1151	2700
1151	2707
1151	2713
1151	2747
1151	2754
1151	2763
1151	2768
1151	2775
1151	2805
1151	2809
1151	2815
1151	2828
1151	2830
1151	2834
1151	2851
1151	2856
1151	2871
1151	2940
1151	2963
1151	2999
1151	3002
1151	3005
1151	3009
1151	3024
1151	3026
1151	3027
1151	3028
1151	3033
1151	3034
1151	3089
1151	3092
1151	3114
1151	3117
1151	3136
1151	3144
1151	3192
1151	3238
1151	3251
1151	3253
1151	3274
1151	3309
1151	3310
1151	3338
1151	3352
1151	3381
1151	3443
1151	3452
1151	3456
1151	3473
1151	3480
1151	3489
1151	3498
1151	3537
1151	3643
1151	3680
1151	3726
1151	3752
1151	3792
1151	3796
1151	3807
1151	3842
1151	3885
1151	3892
1151	3897
1151	3903
1151	3926
1151	3937
1151	3962
1151	3976
1151	4011
1151	4037
1151	4044
1151	4065
1151	4071
1151	4099
1151	4103
1151	4124
1151	4179
1151	4191
1151	4212
1151	4234
1151	4247
1151	4310
1151	4335
1151	4338
1151	4384
1151	4422
1151	4435
1151	4510
1151	4530
1151	4531
1151	4534
1151	4551
1151	4653
1151	4706
1151	4712
1151	4781
1151	4792
1151	4828
1151	4875
1151	4899
1151	4954
1151	4964
1151	4981
1151	4986
1151	5028
1151	5061
1151	5100
1151	5121
1151	5178
1151	5182
1151	5188
1151	5226
1151	5254
1151	5273
1151	5289
1151	5423
1151	5430
1151	5437
1151	5445
1151	5454
1151	5459
1151	5509
1151	5524
1151	5529
1151	5545
1151	5584
1151	5650
1151	5693
1151	5714
1151	5721
1151	5743
1151	5775
1151	5776
1151	5818
1151	5822
1151	5828
1151	5839
1151	5848
1151	5872
1151	5897
1151	5933
1151	5947
1151	6006
1151	6032
1151	6043
1151	6094
1151	6124
1151	6151
1151	6156
1151	6166
1151	6174
1151	6226
1151	6229
1151	6327
1151	6328
1151	6337
1151	6414
1151	6437
1151	6458
1151	6481
1151	6496
1151	6523
1151	6528
1151	6552
1151	6555
1151	6560
1151	6589
1151	6594
1151	6600
1151	6632
1151	6714
1151	6715
1151	6784
1151	6832
1151	6869
1151	6873
1151	6897
1151	6914
1151	6955
1151	7005
1151	7012
1151	7021
1151	7050
1151	7063
1151	7092
1151	7115
1151	7119
1151	7143
1151	7144
1151	7277
1151	7280
1151	7341
1151	7414
1151	7587
1151	7649
1151	7763
1151	7788
1151	7795
1151	7809
1151	7813
1151	7835
1151	7855
1151	7862
1151	7871
1151	7879
1151	7882
1151	7890
1151	7910
1151	7912
1151	7927
1151	7946
1151	7961
1151	8290
1151	8291
1151	8292
1154	2770
1154	2781
1156	762
1156	1022
1156	2409
1156	3130
1155	1156
1157	930
1157	1156
1158	1156
922	35
922	204
922	259
922	290
922	299
922	334
922	407
922	415
922	579
922	587
922	647
922	691
922	710
922	761
922	762
922	763
922	803
922	826
922	861
922	871
922	887
922	904
922	908
922	913
922	928
922	930
922	937
922	941
922	943
922	946
922	974
922	978
922	982
922	993
922	1000
922	1014
922	1022
922	1029
922	1031
922	1034
922	1035
922	1055
922	1062
922	1103
922	1111
922	1137
922	1151
922	1154
922	1156
922	1160
922	1164
922	1165
922	1167
922	1186
922	1193
922	1200
922	1201
922	1203
922	1211
922	1220
922	1222
922	1230
922	1234
922	1236
922	1241
922	1243
922	1248
922	1253
922	1261
922	1266
922	1279
922	1284
922	1286
922	1296
922	1297
922	1319
922	1321
922	1322
922	1330
922	1377
922	1413
922	1425
922	1428
922	1439
922	1441
922	1482
922	1484
922	1486
922	1490
922	1496
922	1497
922	1501
922	1506
922	1514
922	1520
922	1525
922	1538
922	1549
922	1550
922	1555
922	1557
922	1564
922	1565
922	1573
922	1580
922	1585
922	1587
922	1593
922	1595
922	1597
922	1610
922	1618
922	1621
922	1622
922	1633
922	1654
922	1661
922	1687
922	1718
922	1768
922	1772
922	1774
922	1787
922	1805
922	1816
922	1842
922	1849
922	1855
922	1857
922	1859
922	1880
922	1893
922	1927
922	1963
922	1965
922	1969
922	1973
922	1979
922	1997
922	2004
922	2066
922	2106
922	2157
922	2411
922	2923
922	3005
922	3136
922	3807
922	8290
1159	930
1159	1165
1161	930
1160	35
1160	171
1160	227
1160	299
1160	334
1160	432
1160	810
1160	853
1160	930
1160	941
1160	971
1160	978
1160	1022
1160	1167
1160	1193
1160	1201
1160	1330
1160	1372
1160	1382
1160	1394
1160	1396
1160	1413
1160	1425
1160	1476
1164	15
1164	290
1164	299
1164	407
1164	665
1164	761
1164	857
1164	908
1164	993
1164	1211
1164	1261
1164	1266
1164	1513
1164	1514
1164	1549
1164	1569
1164	1573
1164	1653
1164	1658
1164	1707
1164	1816
1164	1918
1164	1956
1164	1966
1164	2076
1164	2114
1164	2157
1164	2385
1164	2535
1164	3238
1164	3755
1164	3873
1164	4099
1164	5412
1164	5479
1164	6006
1164	6424
1164	7386
1164	7809
1165	857
1165	871
1165	993
1165	1014
1165	1261
1165	1679
1165	1956
1165	2066
1165	2328
1165	2340
1165	2398
1165	2707
1165	4037
1166	15
1166	56
1166	72
1166	204
1166	214
1166	222
1166	285
1166	290
1166	332
1166	346
1166	350
1166	372
1166	403
1166	417
1166	608
1166	633
1166	665
1166	737
1166	741
1166	761
1166	762
1166	763
1166	764
1166	765
1166	825
1166	840
1166	856
1166	857
1166	873
1166	887
1166	896
1166	946
1166	959
1166	978
1166	993
1166	1031
1166	1049
1166	1061
1166	1097
1166	1140
1166	1151
1166	1157
1166	1159
1166	1164
1166	1165
1166	1185
1166	1186
1166	1199
1166	1200
1166	1211
1166	1230
1166	1243
1166	1250
1166	1284
1166	1285
1166	1291
1166	1297
1166	1305
1166	1307
1166	1315
1166	1322
1166	1323
1166	1352
1166	1357
1166	1374
1166	1378
1166	1384
1166	1385
1166	1393
1166	1411
1166	1416
1166	1419
1166	1437
1166	1453
1166	1473
1166	1482
1166	1492
1166	1521
1166	1547
1166	1548
1166	1549
1166	1566
1166	1571
1166	1585
1166	1592
1166	1622
1166	1633
1166	1637
1166	1653
1166	1678
1166	1679
1166	1680
1166	1688
1166	1697
1166	1705
1166	1717
1166	1734
1166	1744
1166	1747
1166	1749
1166	1754
1166	1757
1166	1772
1166	1781
1166	1783
1166	1787
1166	1791
1166	1799
1166	1814
1166	1816
1166	1823
1166	1836
1166	1842
1166	1847
1166	1849
1166	1855
1166	1857
1166	1880
1166	1884
1166	1888
1166	1901
1166	1919
1166	1920
1166	1956
1166	1961
1166	1963
1166	1964
1166	1966
1166	1972
1166	1973
1166	1977
1166	1982
1166	1983
1166	1984
1166	1985
1166	1987
1166	1990
1166	1992
1166	1997
1166	2004
1166	2007
1166	2014
1166	2053
1166	2055
1166	2062
1166	2066
1166	2076
1166	2102
1166	2109
1166	2114
1166	2117
1166	2119
1166	2120
1166	2128
1166	2129
1166	2134
1166	2135
1166	2145
1166	2157
1166	2163
1166	2165
1166	2174
1166	2178
1166	2193
1166	2205
1166	2209
1166	2210
1166	2211
1166	2223
1166	2225
1166	2231
1166	2237
1166	2240
1166	2251
1166	2256
1166	2257
1166	2258
1166	2264
1166	2273
1166	2276
1166	2281
1166	2285
1166	2289
1166	2290
1166	2297
1166	2322
1166	2323
1166	2324
1166	2328
1166	2333
1166	2338
1166	2341
1166	2345
1166	2348
1166	2354
1166	2362
1166	2364
1166	2371
1166	2375
1166	2376
1166	2381
1166	2384
1166	2398
1166	2400
1166	2409
1166	2411
1166	2416
1166	2433
1166	2470
1166	2474
1166	2485
1166	2490
1166	2501
1166	2508
1166	2510
1166	2516
1166	2517
1166	2535
1166	2542
1166	2550
1166	2565
1166	2570
1166	2575
1166	2576
1166	2593
1166	2594
1166	2597
1166	2604
1166	2619
1166	2623
1166	2625
1166	2643
1166	2646
1166	2650
1166	2651
1166	2653
1166	2654
1166	2658
1166	2660
1166	2662
1166	2665
1166	2669
1166	2674
1166	2685
1166	2686
1166	2693
1166	2700
1166	2708
1166	2721
1166	2724
1166	2736
1166	2747
1166	2754
1166	2763
1166	2774
1166	2775
1166	2785
1166	2787
1166	2790
1166	2794
1166	2801
1166	2811
1166	2819
1166	2828
1166	2830
1166	2834
1166	2838
1166	2856
1166	2871
1166	2877
1166	2880
1166	2900
1166	2902
1166	2912
1166	2918
1166	2940
1166	2951
1166	2958
1166	2968
1166	2972
1166	2973
1166	2977
1166	2991
1166	3002
1166	3007
1166	3014
1166	3018
1166	3021
1166	3026
1166	3030
1166	3033
1166	3034
1166	3056
1166	3084
1166	3089
1166	3092
1166	3099
1166	3106
1166	3117
1166	3126
1166	3136
1166	3140
1166	3145
1166	3150
1166	3155
1166	3164
1166	3173
1166	3191
1166	3192
1166	3238
1166	3251
1166	3253
1166	3255
1166	3258
1166	3260
1166	3265
1166	3266
1166	3291
1166	3307
1166	3309
1166	3320
1166	3334
1166	3338
1166	3348
1166	3352
1166	3371
1166	3393
1166	3394
1166	3408
1166	3433
1166	3435
1166	3439
1166	3446
1166	3452
1166	3454
1166	3456
1166	3460
1166	3473
1166	3479
1166	3480
1166	3483
1166	3486
1166	3489
1166	3498
1166	3506
1166	3516
1166	3537
1166	3538
1166	3541
1166	3554
1166	3557
1166	3562
1166	3580
1166	3586
1166	3587
1166	3607
1166	3615
1166	3631
1166	3635
1166	3643
1166	3650
1166	3724
1166	3755
1166	3796
1166	3803
1166	3807
1166	3812
1166	3813
1166	3830
1166	3843
1166	3873
1166	3885
1166	3887
1166	3892
1166	3893
1166	3897
1166	3910
1166	3926
1166	3937
1166	3958
1166	3967
1166	3976
1166	4011
1166	4037
1166	4040
1166	4041
1166	4058
1166	4065
1166	4098
1166	4099
1166	4103
1166	4110
1166	4124
1166	4127
1166	4134
1166	4189
1166	4191
1166	4201
1166	4247
1166	4256
1166	4266
1166	4276
1166	4290
1166	4297
1166	4298
1166	4299
1166	4315
1166	4335
1166	4355
1166	4361
1166	4384
1166	4412
1166	4417
1166	4463
1166	4480
1166	4483
1166	4510
1166	4527
1166	4530
1166	4536
1166	4547
1166	4666
1166	4712
1166	4717
1166	4719
1166	4735
1166	4748
1166	4781
1166	4797
1166	4808
1166	4811
1166	4820
1166	4828
1166	4846
1166	4875
1166	4953
1166	4981
1166	5002
1166	5012
1166	5020
1166	5022
1166	5079
1166	5083
1166	5100
1166	5132
1166	5148
1166	5162
1166	5179
1166	5188
1166	5210
1166	5233
1166	5254
1166	5263
1166	5273
1166	5285
1166	5288
1166	5301
1166	5305
1166	5309
1166	5321
1166	5327
1166	5384
1166	5392
1166	5404
1166	5412
1166	5415
1166	5423
1166	5430
1166	5449
1166	5452
1166	5454
1166	5482
1166	5484
1166	5509
1166	5524
1166	5529
1166	5582
1166	5626
1166	5638
1166	5697
1166	5714
1166	5721
1166	5743
1166	5772
1166	5773
1166	5780
1166	5784
1166	5790
1166	5798
1166	5800
1166	5806
1166	5811
1166	5814
1166	5824
1166	5828
1166	5860
1166	5863
1166	5872
1166	5922
1166	5928
1166	5932
1166	5936
1166	5963
1166	5980
1166	5994
1166	5998
1166	6000
1166	6004
1166	6006
1166	6023
1166	6094
1166	6098
1166	6148
1166	6151
1166	6156
1166	6164
1166	6198
1166	6218
1166	6221
1166	6246
1166	6251
1166	6255
1166	6262
1166	6270
1166	6299
1166	6305
1166	6306
1166	6327
1166	6330
1166	6334
1166	6337
1166	6388
1166	6400
1166	6407
1166	6414
1166	6432
1166	6437
1166	6441
1166	6496
1166	6498
1166	6503
1166	6505
1166	6523
1166	6560
1166	6570
1166	6589
1166	6599
1166	6634
1166	6665
1166	6700
1166	6714
1166	6715
1166	6720
1166	6784
1166	6789
1166	6832
1166	6855
1166	6914
1166	6918
1166	6934
1166	6946
1166	6948
1166	6953
1166	6979
1166	6982
1166	6994
1166	7047
1166	7052
1166	7059
1166	7092
1166	7094
1166	7108
1166	7168
1166	7279
1166	7280
1166	7373
1166	7442
1166	7553
1166	7620
1166	7662
1166	7699
1166	7707
1166	7726
1166	7803
1166	7809
1166	7839
1166	7908
1166	7946
1166	7992
1166	8083
1166	8122
1166	8134
1166	8290
1166	8291
1166	8292
1166	8293
1166	8294
1166	8295
1166	8297
1167	35
1167	56
1167	171
1167	290
1167	299
1167	407
1167	506
1167	710
1167	717
1167	762
1167	805
1167	810
1167	826
1167	857
1167	871
1167	873
1167	904
1167	908
1167	922
1167	963
1167	971
1167	978
1167	982
1167	985
1167	993
1167	1022
1167	1035
1167	1151
1167	1160
1167	1164
1167	1186
1167	1190
1167	1192
1167	1193
1167	1200
1167	1201
1167	1211
1167	1220
1167	1230
1167	1234
1167	1241
1167	1253
1167	1261
1167	1270
1167	1277
1167	1286
1167	1321
1167	1322
1167	1330
1167	1357
1167	1411
1167	1413
1167	1428
1167	1453
1167	1471
1167	1476
1167	1478
1167	1482
1167	1484
1167	1487
1167	1489
1167	1492
1167	1496
1167	1497
1167	1498
1167	1501
1167	1514
1167	1538
1167	1563
1167	1580
1167	1585
1167	1593
1167	1600
1167	1603
1167	1608
1167	1612
1167	1618
1167	1633
1167	1641
1167	1661
1167	1678
1167	1718
1167	1730
1167	1754
1167	1774
1167	1780
1167	1793
1167	1805
1167	1835
1167	1842
1167	1859
1167	1861
1167	1864
1167	1888
1167	1893
1167	1920
1167	1956
1167	1963
1167	2004
1167	2069
1167	2106
1167	2114
1167	2128
1167	2157
1167	2182
1167	2210
1167	2225
1167	2256
1167	2322
1167	2323
1167	2397
1167	2411
1167	2470
1167	2499
1167	2565
1167	2575
1167	2585
1167	2619
1167	2625
1167	2647
1167	2650
1167	2651
1167	2662
1167	2665
1167	2685
1167	2686
1167	2754
1167	2770
1167	2834
1167	2838
1167	2877
1167	2880
1167	2900
1167	2966
1167	3028
1167	3033
1167	3130
1167	3164
1167	3200
1167	3253
1167	3334
1167	3352
1167	3408
1167	3446
1167	3541
1167	3650
1167	3720
1167	3755
1167	3835
1167	3976
1167	4110
1167	4365
1167	4735
1167	4875
1167	5545
1167	5963
1167	8292
1167	8293
1177	1186
1168	1014
1168	1186
1168	1816
1168	2178
1168	3660
1178	1186
1179	15
1179	214
1179	1186
1179	1464
1179	2508
1179	3443
1179	4463
1179	4719
1179	5254
1179	8192
1169	350
1169	407
1169	856
1169	1061
1169	1186
1169	1633
1169	1847
1169	2091
1169	2117
1169	2366
1169	2508
1169	2576
1169	2594
1169	2619
1169	2625
1169	2643
1169	2754
1169	2951
1169	3020
1169	3307
1169	3338
1169	3408
1169	3807
1169	3871
1169	4999
1169	5423
1169	5449
1169	5936
1169	5973
1170	1186
1170	1190
1180	1186
1171	1186
1090	943
1090	1186
1172	1186
1173	1186
1174	1186
1175	1186
1182	299
1182	922
1182	941
1182	1006
1182	1186
1182	1222
1182	1240
1183	425
1183	1186
1183	1389
1183	1592
1183	1653
1183	1808
1183	2754
1183	2922
1183	2955
1185	56
1185	407
1185	665
1185	762
1185	771
1185	797
1185	937
1185	963
1185	1151
1185	1167
1185	1186
1185	1199
1185	1321
1185	1322
1185	1525
1185	1585
1185	1633
1185	1648
1185	1662
1185	1717
1185	1718
1185	1752
1185	1758
1185	1780
1185	1805
1185	1842
1185	1849
1185	1855
1185	1859
1185	1861
1185	1864
1185	1973
1185	2004
1185	2237
1185	2801
1185	3136
1185	3309
1185	3443
1185	3958
1185	4875
1185	6790
1185	7040
1185	8293
1176	1186
1190	15
1190	417
1190	974
1190	1496
1187	1035
1187	1190
1187	1191
1188	1190
1188	1453
1189	1190
1193	15
1193	35
1193	72
1193	290
1193	762
1193	859
1193	871
1193	887
1193	928
1193	959
1193	1031
1193	1062
1193	1192
1193	1259
1193	1260
1193	1261
1193	1297
1193	1323
1193	1518
1193	1595
1193	1661
1193	1669
1193	1798
1193	2160
1193	2328
1193	2470
1193	3755
1193	4037
1193	4463
1193	5002
1193	6560
1196	737
1196	1864
1196	3050
1196	3193
1196	3346
1196	3557
1196	3645
1196	3769
1196	4110
1194	1196
1195	259
1195	805
1195	1006
1195	1196
1195	1218
1197	1006
1197	1201
1197	1222
1198	285
1198	1006
1198	2565
1198	2593
1199	922
1199	941
1200	56
1200	290
1200	403
1200	633
1200	765
1200	856
1200	941
1200	993
1200	1166
1200	1167
1200	1267
1200	1393
1200	1413
1200	1416
1200	1419
1200	1453
1200	1592
1200	1633
1200	1637
1200	1679
1200	1723
1200	1754
1200	1781
1200	1792
1200	1814
1200	1919
1200	1956
1200	2053
1200	2066
1200	2102
1200	2116
1200	2120
1200	2135
1200	2174
1200	2225
1200	2231
1200	2251
1200	2264
1200	2297
1200	2322
1200	2340
1200	2371
1200	2375
1200	2416
1200	2474
1200	2550
1200	2593
1200	2599
1200	2617
1200	2618
1200	2625
1200	2647
1200	2651
1200	2654
1200	2660
1200	2697
1200	2713
1200	2724
1200	2754
1200	2768
1200	2785
1200	2787
1200	2794
1200	2805
1200	2809
1200	2814
1200	2828
1200	2830
1200	2834
1200	2838
1200	2856
1200	2877
1200	2880
1200	2912
1200	2918
1200	2922
1200	2951
1200	3021
1200	3030
1200	3033
1200	3034
1200	3089
1200	3099
1200	3126
1200	3138
1200	3140
1200	3145
1200	3150
1200	3164
1200	3238
1200	3243
1200	3251
1200	3253
1200	3265
1200	3455
1200	3456
1200	3976
1200	4534
1200	4796
1200	5022
1200	5073
1200	5404
1200	5412
1200	6306
1200	7707
1200	7879
1200	8293
1201	35
1201	298
1201	545
1201	644
1201	941
1201	978
1201	982
1201	1193
1201	1200
1201	1222
1201	1253
1201	1259
1201	1260
1201	1261
1201	1319
1201	1322
1201	1394
1201	1396
1201	1413
1201	1425
1201	1428
1201	1476
1201	1482
1201	1487
1201	1489
1201	1496
1201	1497
1201	1514
1201	1580
1201	1593
1201	1603
1201	1718
1201	1726
1201	1780
1201	2066
1202	56
1202	559
1202	587
1202	722
1202	871
1202	887
1202	904
1202	907
1202	941
1202	1000
1202	1032
1202	1111
1202	1151
1202	1186
1202	1200
1202	1201
1202	1250
1202	1253
1202	1284
1202	1291
1202	1297
1202	1353
1202	1407
1202	1428
1202	1482
1202	1489
1202	1492
1202	1514
1202	1525
1202	1531
1202	1547
1202	1555
1202	1580
1202	1585
1202	1597
1202	1604
1202	1608
1202	1622
1202	1661
1202	1697
1202	1700
1202	1701
1202	1717
1202	1752
1202	1758
1202	1793
1202	1847
1202	1861
1202	1864
1202	1893
1202	1919
1202	1927
1202	1997
1202	2053
1202	2066
1202	2181
1202	2251
1202	2504
1202	2625
1202	2968
1202	3018
1202	3033
1202	3034
1202	3136
1202	8290
1202	8291
1203	334
1203	887
1203	941
1203	963
1203	1165
1203	1199
1203	1291
1203	1307
1203	1326
1203	1357
1203	1549
1203	1633
1203	1679
1203	1692
1203	1697
1203	1855
1203	1979
1203	2055
1203	2168
1203	2356
1203	2400
1203	2499
1204	171
1204	290
1204	432
1204	710
1204	803
1204	853
1204	922
1204	941
1204	943
1204	1199
1204	1201
1204	1220
1204	1222
1204	1234
1204	1259
1204	1261
1204	1267
1204	1286
1204	1305
1204	1330
1204	1372
1204	1375
1204	1394
1204	1402
1204	1618
1204	1633
1204	1648
1204	1662
1204	1679
1204	2231
1204	2325
1204	2364
1204	2651
1204	2662
1204	2696
1204	2700
1204	2713
1204	2951
1204	3002
1204	3030
1204	3276
1204	3338
1204	3433
1204	3447
1204	3452
1204	3458
1204	3537
1204	3755
1204	3843
1204	3854
1204	4037
1204	4191
1204	4335
1204	4529
1204	4792
1204	4938
1204	5026
1204	5045
1204	5199
1204	6299
1204	6980
1205	941
1206	941
1207	941
1207	1062
1207	1193
1207	1211
1207	1277
1207	1489
1207	1633
1207	1652
1207	1662
1207	1680
1207	2323
1207	2398
1207	2490
1207	3050
1207	3056
1207	3291
1207	4099
1207	4748
1207	4994
1207	5262
1207	5479
1207	5620
1207	5626
1207	5640
1207	5832
1207	8295
1208	941
1209	941
1210	35
1210	56
1210	72
1210	204
1210	230
1210	298
1210	334
1210	350
1210	372
1210	403
1210	633
1210	644
1210	722
1210	737
1210	762
1210	763
1210	764
1210	765
1210	803
1210	840
1210	935
1210	937
1210	941
1210	947
1210	993
1210	999
1210	1000
1210	1034
1210	1035
1210	1049
1210	1061
1210	1103
1210	1111
1210	1127
1210	1137
1210	1164
1210	1166
1210	1185
1210	1186
1210	1193
1210	1203
1210	1222
1210	1230
1210	1243
1210	1284
1210	1286
1210	1297
1210	1319
1210	1330
1210	1352
1210	1353
1210	1357
1210	1374
1210	1377
1210	1378
1210	1384
1210	1389
1210	1393
1210	1394
1210	1396
1210	1402
1210	1407
1210	1412
1210	1413
1210	1416
1210	1418
1210	1420
1210	1425
1210	1492
1210	1514
1210	1534
1210	1547
1210	1549
1210	1565
1210	1585
1210	1592
1210	1608
1210	1658
1210	1678
1210	1707
1210	1717
1210	1730
1210	1744
1210	1749
1210	1754
1210	1758
1210	1772
1210	1777
1210	1783
1210	1787
1210	1792
1210	1814
1210	1848
1210	1855
1210	1880
1210	1893
1210	1903
1210	1908
1210	1919
1210	1964
1210	1965
1210	1966
1210	1991
1210	1992
1210	2062
1210	2066
1210	2073
1210	2076
1210	2079
1210	2085
1210	2091
1210	2095
1210	2097
1210	2109
1210	2117
1210	2120
1210	2128
1210	2135
1210	2157
1210	2165
1210	2168
1210	2181
1210	2193
1210	2210
1210	2211
1210	2240
1210	2253
1210	2273
1210	2281
1210	2297
1210	2322
1210	2324
1210	2345
1210	2364
1210	2398
1210	2400
1210	2411
1210	2470
1210	2475
1210	2504
1210	2508
1210	2510
1210	2516
1210	2535
1210	2565
1210	2570
1210	2579
1210	2587
1210	2593
1210	2604
1210	2625
1210	2654
1210	2657
1210	2660
1210	2669
1210	2685
1210	2697
1210	2713
1210	2785
1210	2805
1210	2834
1210	2851
1210	3020
1210	3027
1210	3089
1210	3148
1210	3251
1210	3253
1210	3284
1210	3351
1210	3456
1210	3479
1210	3537
1210	3557
1210	3580
1210	3586
1210	3587
1210	3634
1210	3670
1210	3807
1210	3926
1210	3958
1210	3976
1210	4037
1210	4289
1210	4290
1210	4400
1210	4424
1210	4795
1210	4798
1210	4846
1210	5073
1210	5100
1210	5254
1210	5288
1210	5423
1210	5430
1210	5524
1210	5563
1210	5799
1210	5804
1210	5818
1210	5822
1210	5994
1210	6004
1210	6305
1210	6330
1210	6334
1210	6337
1210	6498
1210	6560
1210	6715
1210	6790
1210	6860
1210	6901
1210	6930
1210	6934
1210	8292
1211	171
1211	285
1211	290
1211	506
1211	579
1211	665
1211	710
1211	761
1211	762
1211	908
1211	941
1211	993
1211	1018
1211	1031
1211	1151
1211	1193
1211	1253
1211	1261
1211	1267
1211	1279
1211	1286
1211	1372
1211	1375
1211	1413
1211	1435
1211	1471
1211	1496
1211	1514
1211	1521
1211	1585
1211	1648
1211	1661
1211	1678
1211	1680
1211	1701
1211	1705
1211	1772
1211	1780
1211	1787
1211	1798
1211	1808
1211	1814
1211	1819
1211	1836
1211	1842
1211	1849
1211	1956
1211	1966
1211	2007
1211	2062
1211	2066
1211	2101
1211	2106
1211	2128
1211	2151
1211	2157
1211	2174
1211	2193
1211	2195
1211	2225
1211	2328
1211	2397
1211	2474
1211	2508
1211	2535
1211	2643
1211	2653
1211	2763
1211	2877
1211	2922
1211	2923
1211	3117
1211	3265
1211	3720
1211	4051
1211	4138
1211	4256
1211	8290
1211	8294
1212	941
1212	1211
1212	2323
1212	2625
1213	941
1214	922
1214	941
1215	15
1215	72
1215	762
1215	896
1215	941
1215	947
1215	1026
1215	1035
1215	1186
1215	1211
1215	1297
1215	1357
1215	1492
1215	1521
1215	1534
1215	1549
1215	1621
1215	1633
1215	1734
1215	1754
1215	1847
1215	1859
1215	1880
1215	1919
1215	1953
1215	2066
1215	2117
1215	2264
1215	2285
1215	2323
1215	2356
1215	2400
1215	2426
1215	2504
1215	2535
1215	2593
1215	2594
1215	2604
1215	2625
1215	2643
1215	2736
1215	3089
1215	3130
1215	3265
1215	3291
1215	3297
1215	3334
1215	3376
1215	3410
1215	3873
1215	5079
1215	5179
1215	5886
1215	5936
1215	6094
1215	6161
1215	6437
1215	6523
1215	7131
1215	7168
1215	7544
1215	7620
1215	7632
1215	7699
1215	7835
1216	941
1219	1220
1221	545
1221	587
1221	633
1221	765
1221	791
1221	803
1221	887
1221	907
1221	908
1221	978
1221	1035
1221	1137
1221	1164
1221	1193
1221	1203
1221	1222
1221	1236
1221	1253
1221	1259
1221	1282
1221	1284
1221	1296
1221	1321
1221	1375
1221	1378
1221	1390
1221	1394
1221	1396
1221	1413
1221	1425
1221	1439
1221	1492
1221	1518
1221	1524
1221	1538
1221	1566
1221	1571
1221	1585
1221	1587
1221	1603
1221	1608
1221	1688
1221	1754
1221	1774
1221	1814
1221	1847
1221	1858
1221	1888
1221	1927
1221	1963
1221	1966
1221	2097
1221	2168
1221	2174
1221	2210
1221	2225
1221	2241
1221	2290
1221	2324
1221	2356
1221	2579
1221	2585
1221	2667
1221	2685
1221	2707
1221	2834
1221	2922
1221	3007
1221	3021
1221	3024
1221	3099
1221	3251
1221	3253
1221	3351
1221	3807
1221	3903
1221	3956
1223	922
1224	922
1225	922
1226	922
1227	922
1228	15
1228	922
1228	978
1228	1956
1228	2625
1228	2651
1228	2685
1228	2940
1228	4299
1228	4463
1228	4735
1229	922
1230	290
1230	710
1230	763
1230	922
1230	993
1230	1062
1230	1164
1230	1167
1230	1234
1230	1243
1230	1286
1230	1297
1230	1437
1230	1514
1230	1564
1230	1587
1230	1621
1230	1700
1230	1701
1230	1774
1230	1814
1230	1837
1230	1880
1230	1893
1230	1908
1230	1953
1230	1969
1230	1987
1230	2066
1230	2117
1230	2333
1230	2400
1230	3117
1231	922
1232	922
1233	761
1233	826
1233	907
1233	922
1233	937
1233	1024
1233	1151
1233	1321
1233	1326
1233	1439
1233	1441
1233	1485
1233	1490
1233	2066
1234	35
1234	171
1234	299
1234	545
1234	922
1234	943
1234	978
1234	1167
1234	1193
1234	1277
1234	1297
1234	1428
1234	1464
1234	1538
1234	1580
1234	1587
1235	35
1235	227
1235	299
1235	717
1235	762
1235	922
1235	963
1235	1127
1235	1193
1235	1203
1235	1326
1235	1330
1235	1389
1235	1412
1235	1413
1235	1418
1235	1420
1235	1425
1235	1464
1235	3755
1239	922
1236	290
1236	407
1236	425
1236	763
1236	871
1236	922
1236	928
1236	948
1236	960
1236	971
1236	993
1236	1000
1236	1035
1236	1103
1236	1164
1236	1166
1236	1167
1236	1168
1236	1199
1236	1201
1236	1203
1236	1211
1236	1221
1236	1230
1236	1234
1236	1253
1236	1261
1236	1279
1236	1291
1236	1297
1236	1319
1236	1357
1236	1378
1236	1390
1236	1394
1236	1425
1236	1428
1236	1439
1236	1453
1236	1471
1236	1478
1236	1482
1236	1484
1236	1489
1236	1492
1236	1496
1236	1514
1236	1518
1236	1520
1236	1521
1236	1525
1236	1538
1236	1549
1236	1555
1236	1593
1236	1600
1236	1603
1236	1610
1236	1618
1236	1622
1236	1633
1236	1641
1236	1661
1236	1701
1236	1734
1236	1754
1236	1783
1236	1808
1236	1816
1236	1847
1236	1893
1236	1918
1236	1965
1236	1966
1236	1973
1236	2066
1236	2097
1236	2120
1236	2151
1236	2251
1236	2257
1236	2328
1236	2338
1236	2504
1236	2560
1236	2585
1236	2593
1236	2594
1236	2625
1236	2685
1236	2727
1236	2746
1236	2981
1236	2999
1236	3005
1236	3030
1236	3117
1236	3276
1236	3615
1236	3807
1236	4263
1236	4365
1236	4463
1237	35
1237	922
1237	1193
1237	1232
1237	1260
1237	1439
1238	922
1243	1201
1243	1593
1243	1718
1243	2128
1243	8290
1241	35
1241	230
1241	871
1241	974
1241	978
1241	982
1241	1201
1241	1234
1241	1261
1241	1286
1241	1297
1241	1319
1241	1330
1241	1484
1241	1514
1241	1549
1241	1618
1241	1633
1241	1661
1241	1758
1241	1956
1241	1973
1241	2066
1241	2210
1241	2510
1241	2594
1241	3005
1241	3084
1241	3260
1241	3755
1241	3800
1241	3903
1241	4536
1241	4735
1241	6869
1242	72
1242	985
1242	1199
1242	1201
1242	1241
1242	1261
1242	1286
1242	1322
1242	1496
1242	1555
1242	2685
1244	805
1244	6262
1245	334
1245	545
1245	644
1245	805
1245	982
1245	1062
1245	1221
1245	1241
1245	1259
1245	1286
1246	545
1246	644
1246	805
1246	943
1246	1266
1246	1286
1246	1484
1246	1979
1247	15
1247	204
1247	298
1247	407
1247	425
1247	633
1247	762
1247	765
1247	805
1247	960
1247	971
1247	993
1247	1049
1247	1097
1247	1166
1247	1167
1247	1201
1247	1253
1247	1297
1247	1319
1247	1357
1247	1374
1247	1385
1247	1407
1247	1428
1247	1441
1247	1453
1247	1468
1247	1482
1247	1484
1247	1514
1247	1580
1247	1585
1247	1633
1247	1662
1247	1754
1247	1757
1247	1847
1247	2145
1247	2251
1247	2257
1247	2324
1247	2328
1247	2398
1247	2570
1247	2620
1247	2625
1247	2657
1247	2774
1247	2775
1247	2871
1247	3002
1247	3106
1247	3171
1247	3352
1247	3393
1247	3454
1247	3473
1247	3537
1247	3843
1247	3873
1247	4189
1247	4299
1247	4384
1247	4534
1247	4780
1247	4953
1247	5189
1247	5239
1247	5321
1247	5449
1247	5545
1247	5584
1247	5817
1247	5928
1247	6417
1247	8249
1248	171
1248	545
1248	928
1248	1160
1248	1221
1248	1236
1248	1241
1248	1266
1248	1297
1248	1402
1248	1412
1248	1425
1248	1428
1248	1484
1248	1525
1248	1587
1248	1649
1248	2066
1248	2151
1248	2328
1248	3562
1253	64
1253	171
1253	204
1253	314
1253	717
1253	761
1253	861
1253	978
1253	993
1253	1022
1253	1164
1253	1199
1253	1297
1253	1382
1253	1411
1253	1428
1253	1501
1253	1513
1253	1566
1253	1596
1253	1597
1253	1600
1253	1610
1253	1636
1253	1652
1253	1679
1253	1718
1253	1729
1253	1752
1253	1787
1253	1788
1253	1833
1253	1842
1253	1847
1253	1884
1253	1956
1253	2071
1253	2381
1253	2770
1253	2797
1253	2801
1253	3033
1253	3274
1253	3393
1253	3443
1253	3456
1253	4103
1253	4234
1253	4510
1253	5828
1253	8290
1252	171
1252	1241
1254	1062
1255	1062
1256	1062
1257	1062
1258	1062
1259	35
1259	227
1259	334
1259	791
1259	853
1259	943
1259	1062
1259	1075
1259	1166
1259	1193
1259	1221
1259	1296
1259	1297
1259	1372
1259	1389
1259	1394
1259	1413
1259	1571
1259	1633
1259	2209
1259	2338
1259	2411
1259	2542
1259	2565
1259	2587
1259	2623
1259	2657
1259	2660
1259	2693
1259	2727
1259	2790
1259	2828
1259	2900
1259	3005
1259	3408
1259	3410
1259	3429
1259	3435
1259	3446
1259	3473
1259	3489
1259	3506
1259	3529
1259	3680
1259	8293
1261	298
1261	407
1261	763
1261	1165
1261	1514
1261	1819
1261	1859
1261	3755
1260	1241
1260	1261
1262	982
1262	1444
1264	1241
1267	579
1267	665
1267	722
1267	763
1267	935
1267	968
1267	993
1267	1018
1267	1103
1267	1211
1267	1250
1267	1259
1267	1285
1267	1319
1267	1357
1267	1496
1267	1514
1267	1521
1267	1534
1267	1566
1267	1608
1267	1672
1267	1700
1267	1707
1267	1717
1267	1791
1267	1811
1267	1835
1267	1908
1267	1964
1267	1965
1267	2014
1267	2016
1267	2085
1267	2097
1267	2135
1267	2251
1267	2371
1267	2504
1267	2560
1267	2570
1267	2579
1267	2619
1267	2660
1267	2707
1267	2746
1267	2819
1267	2831
1267	2856
1267	2955
1267	2963
1267	2968
1267	2999
1267	3033
1267	3456
1267	3800
1267	3970
1267	4600
1267	4938
1267	6170
1267	6496
1268	1259
1269	1259
1271	943
1271	1282
1272	1277
1273	1277
1274	1277
1275	1277
1278	35
1278	259
1278	290
1278	299
1278	644
1278	710
1278	717
1278	810
1278	853
1278	907
1278	960
1278	963
1278	971
1278	978
1278	985
1278	993
1278	1127
1278	1167
1278	1193
1278	1201
1278	1203
1278	1211
1278	1230
1278	1234
1278	1253
1278	1277
1278	1279
1278	1286
1278	1287
1278	1297
1278	1319
1278	1321
1278	1326
1278	1382
1278	1412
1278	1413
1278	1418
1278	1420
1278	1425
1278	1428
1278	1435
1278	1437
1278	1439
1278	1441
1278	1446
1278	1464
1278	1468
1278	1471
1278	1476
1278	1484
1278	1485
1278	1486
1278	1490
1278	1496
1278	1532
1278	1538
1278	1563
1278	1580
1278	1618
1278	1622
1278	1633
1278	1648
1278	1772
1278	1774
1278	1808
1278	1816
1278	1893
1278	1918
1278	4365
1276	1277
1279	35
1279	171
1279	204
1279	227
1279	259
1279	290
1279	332
1279	417
1279	575
1279	579
1279	644
1279	710
1279	717
1279	762
1279	771
1279	813
1279	826
1279	871
1279	887
1279	907
1279	948
1279	959
1279	960
1279	971
1279	978
1279	1000
1279	1022
1279	1032
1279	1055
1279	1075
1279	1154
1279	1166
1279	1167
1279	1185
1279	1201
1279	1211
1279	1234
1279	1236
1279	1248
1279	1253
1279	1267
1279	1277
1279	1286
1279	1297
1279	1319
1279	1321
1279	1326
1279	1357
1279	1377
1279	1425
1279	1428
1279	1441
1279	1446
1279	1453
1279	1464
1279	1468
1279	1471
1279	1472
1279	1484
1279	1485
1279	1489
1279	1490
1279	1496
1279	1506
1279	1507
1279	1513
1279	1518
1279	1520
1279	1524
1279	1525
1279	1531
1279	1538
1279	1549
1279	1555
1279	1563
1279	1573
1279	1580
1279	1587
1279	1595
1279	1597
1279	1608
1279	1610
1279	1618
1279	1619
1279	1629
1279	1633
1279	1638
1279	1641
1279	1649
1279	1652
1279	1654
1279	1661
1279	1662
1279	1672
1279	1716
1279	1726
1279	1732
1279	1768
1279	1774
1279	1780
1279	1787
1279	1847
1279	2062
1279	2341
1279	2345
1279	2371
1279	2385
1279	2400
1279	2504
1279	2535
1279	2587
1279	2654
1279	2655
1279	2674
1279	2819
1279	2843
1279	2963
1279	2973
1279	3005
1279	3009
1279	3253
1279	3892
1279	3956
1279	4013
1280	290
1280	1277
1280	2251
1280	4341
1282	1154
1282	1384
1282	2340
1282	2410
1282	2618
1282	2763
1282	2777
1282	3557
1281	946
1281	993
1281	1031
1281	1282
1281	1464
1281	1489
1281	1707
1281	1772
1281	1888
1281	1893
1286	35
1286	72
1286	299
1286	737
1286	765
1286	853
1286	935
1286	1193
1286	1230
1286	1284
1286	1285
1286	1394
1286	1403
1286	1413
1286	1420
1286	1688
1286	1706
1286	1901
1286	1903
1286	1965
1286	2079
1286	2145
1286	2193
1286	2206
1286	2398
1286	2425
1286	2456
1286	2547
1286	2619
1286	2625
1286	2651
1286	2657
1286	2686
1286	2851
1286	2856
1286	2871
1286	2955
1286	2956
1286	3309
1286	3352
1286	3454
1286	3456
1286	3464
1286	3537
1286	3643
1286	3680
1286	3755
1286	4055
1286	4127
1286	4432
1286	4529
1286	4613
1286	4646
1286	4662
1286	5002
1286	5106
1286	5459
1286	5757
1286	5818
1286	5844
1286	5925
1286	6032
1286	6227
1286	6875
1286	7553
1284	935
1284	937
1284	1151
1284	1285
1284	1286
1284	1534
1284	1585
1284	1688
1284	1697
1284	1723
1284	1726
1284	1859
1284	1965
1284	1966
1284	1983
1284	1987
1284	2007
1284	2079
1284	2955
1284	6875
1285	15
1285	72
1285	290
1285	579
1285	853
1285	993
1285	1286
1285	1305
1285	1378
1285	1688
1285	1723
1285	1726
1285	1956
1285	1965
1285	2066
1285	2079
1285	2398
1285	2485
1285	2871
1285	2955
1285	3005
1285	3009
1285	3898
1285	4463
1285	4600
1285	4687
1285	5020
1285	5684
1285	5760
1285	5818
1285	7839
1290	545
1290	762
1290	871
1290	963
1290	978
1290	985
1290	1167
1290	1234
1290	1297
1290	1330
1290	1377
1290	1439
1290	1497
1290	1518
1290	1573
1290	1580
1291	35
1291	871
1291	985
1291	993
1291	1193
1291	1203
1291	1261
1291	1330
1291	1357
1291	1375
1291	1377
1291	1402
1291	1497
1291	1506
1291	1549
1291	1814
1291	1977
1291	2102
1291	2106
1291	2251
1291	2256
1291	2297
1291	2474
1291	2485
1291	2594
1291	2815
1291	2972
1291	2999
1291	3014
1291	3021
1291	3473
1291	3885
1291	3887
1291	4719
1292	35
1292	259
1292	299
1292	432
1292	985
1292	1193
1292	1402
1293	407
1293	810
1293	826
1293	871
1293	907
1293	960
1293	963
1293	971
1293	985
1293	1031
1293	1165
1293	1167
1293	1297
1293	1319
1293	1330
1293	1377
1293	1464
1293	1484
1293	1485
1293	1486
1293	1507
1293	1513
1293	1531
1293	1532
1293	1542
1293	1842
1293	1855
1293	2193
1293	2294
1293	2665
1293	2843
1293	2877
1293	2880
1294	545
1295	545
1296	545
1296	813
1296	1035
1296	1315
1296	2195
1296	2625
1296	3026
1296	3192
1296	3537
1297	35
1297	204
1297	290
1297	417
1297	465
1297	545
1297	647
1297	710
1297	762
1297	859
1297	959
1297	974
1297	978
1297	1029
1297	1166
1297	1186
1297	1193
1297	1211
1297	1234
1297	1248
1297	1261
1297	1330
1297	1439
1297	1464
1297	1484
1297	1514
1297	1564
1297	1585
1297	1633
1297	1679
1297	1705
1297	1836
1297	1847
1297	1918
1297	1964
1297	2053
1297	2069
1297	2072
1297	2145
1297	2210
1297	2256
1297	2297
1297	2322
1297	2323
1297	2398
1297	2411
1297	2474
1297	2499
1297	2508
1297	2517
1297	2535
1297	2576
1297	2585
1297	2647
1297	2653
1297	2697
1297	2727
1297	2877
1297	2900
1297	2918
1297	2923
1297	2966
1297	3005
1297	3024
1297	3029
1297	3034
1297	3084
1297	3140
1297	3276
1297	3376
1297	3516
1297	3580
1297	3755
1297	3800
1297	3946
1297	8293
1298	978
1299	791
1299	1442
1299	1485
1299	1525
1299	1855
1301	334
1301	1203
1301	1307
1302	334
1303	334
1304	334
1305	35
1305	56
1305	204
1305	214
1305	290
1305	314
1305	334
1305	403
1305	425
1305	608
1305	633
1305	647
1305	691
1305	762
1305	765
1305	803
1305	810
1305	813
1305	825
1305	826
1305	853
1305	856
1305	861
1305	948
1305	999
1305	1022
1305	1100
1305	1127
1305	1154
1305	1157
1305	1166
1305	1167
1305	1201
1305	1211
1305	1234
1305	1239
1305	1291
1305	1296
1305	1297
1305	1315
1305	1321
1305	1330
1305	1357
1305	1389
1305	1393
1305	1403
1305	1413
1305	1416
1305	1419
1305	1453
1305	1486
1305	1490
1305	1498
1305	1556
1305	1563
1305	1571
1305	1587
1305	1592
1305	1593
1305	1595
1305	1596
1305	1600
1305	1603
1305	1604
1305	1608
1305	1633
1305	1637
1305	1646
1305	1648
1305	1653
1305	1679
1305	1723
1305	1734
1305	1754
1305	1769
1305	1777
1305	1781
1305	1792
1305	1808
1305	1814
1305	1915
1305	1918
1305	1919
1305	1935
1305	1956
1305	2016
1305	2102
1305	2114
1305	2116
1305	2120
1305	2135
1305	2144
1305	2174
1305	2209
1305	2225
1305	2231
1305	2251
1305	2252
1305	2256
1305	2257
1305	2264
1305	2290
1305	2294
1305	2297
1305	2322
1305	2323
1305	2324
1305	2325
1305	2338
1305	2366
1305	2371
1305	2410
1305	2411
1305	2416
1305	2470
1305	2474
1305	2485
1305	2501
1305	2510
1305	2542
1305	2544
1305	2547
1305	2550
1305	2560
1305	2565
1305	2576
1305	2593
1305	2594
1305	2597
1305	2599
1305	2617
1305	2619
1305	2623
1305	2625
1305	2646
1305	2654
1305	2657
1305	2662
1305	2667
1305	2674
1305	2686
1305	2693
1305	2696
1305	2697
1305	2700
1305	2707
1305	2708
1305	2713
1305	2720
1305	2721
1305	2724
1305	2727
1305	2746
1305	2747
1305	2754
1305	2763
1305	2768
1305	2770
1305	2777
1305	2794
1305	2799
1305	2805
1305	2809
1305	2814
1305	2815
1305	2819
1305	2828
1305	2830
1305	2834
1305	2877
1305	2880
1305	2900
1305	2902
1305	2912
1305	2946
1305	2951
1305	2955
1305	2958
1305	2963
1305	2966
1305	2968
1305	2972
1305	2973
1305	2977
1305	2981
1305	2993
1305	2999
1305	3005
1305	3007
1305	3009
1305	3010
1305	3018
1305	3021
1305	3024
1305	3028
1305	3029
1305	3030
1305	3033
1305	3050
1305	3056
1305	3059
1305	3073
1305	3084
1305	3089
1305	3099
1305	3114
1305	3117
1305	3126
1305	3140
1305	3148
1305	3150
1305	3164
1305	3173
1305	3193
1305	3200
1305	3243
1305	3251
1305	3253
1305	3258
1305	3260
1305	3265
1305	3276
1305	3307
1305	3324
1305	3338
1305	3351
1305	3352
1305	3371
1305	3404
1305	3408
1305	3435
1305	3461
1305	3473
1305	3480
1305	3483
1305	3489
1305	3506
1305	3516
1305	3529
1305	3538
1305	3541
1305	3548
1305	3557
1305	3567
1305	3580
1305	3587
1305	3631
1305	3646
1305	3670
1305	3680
1305	3681
1305	3713
1305	3717
1305	3769
1305	3772
1305	3800
1305	3803
1305	3804
1305	3807
1305	3812
1305	3847
1305	3887
1305	3903
1305	3946
1305	3973
1305	4043
1305	4051
1305	4055
1305	4088
1305	4162
1305	4181
1305	4188
1305	4199
1305	4233
1305	4263
1305	4266
1305	4373
1305	4529
1305	4578
1305	4588
1305	4938
1305	4953
1305	4993
1305	5155
1305	5239
1305	5404
1305	5739
1305	7108
1305	8292
1305	8293
1306	298
1306	334
1306	813
1306	907
1306	1203
1306	1234
1306	1253
1306	1307
1306	1476
1306	1484
1306	1514
1306	1726
1306	1808
1306	2375
1306	2707
1306	2922
1306	3059
1306	3404
1306	3680
1306	3867
1308	644
1308	1413
1308	1425
1308	1816
1309	644
1313	644
1310	644
1310	4827
1311	644
1311	1372
1312	644
1314	1296
1315	904
1315	1296
1315	1566
1315	1842
1315	1908
1315	2195
1316	904
1316	993
1316	1296
1316	1836
1316	1842
1316	1908
1316	3192
1317	1296
1318	959
1318	1296
1319	204
1319	230
1319	290
1319	314
1319	407
1319	415
1319	417
1319	506
1319	579
1319	691
1319	717
1319	762
1319	764
1319	813
1319	907
1319	908
1319	946
1319	948
1319	959
1319	971
1319	974
1319	978
1319	993
1319	1014
1319	1035
1319	1103
1319	1127
1319	1151
1319	1154
1319	1164
1319	1165
1319	1166
1319	1200
1319	1201
1319	1203
1319	1211
1319	1236
1319	1253
1319	1261
1319	1267
1319	1279
1319	1296
1319	1322
1319	1326
1319	1357
1319	1374
1319	1382
1319	1402
1319	1418
1319	1420
1319	1428
1319	1439
1319	1446
1319	1453
1319	1465
1319	1468
1319	1482
1319	1487
1319	1492
1319	1496
1319	1521
1319	1531
1319	1537
1319	1538
1319	1549
1319	1556
1319	1566
1319	1569
1319	1573
1319	1585
1319	1593
1319	1595
1319	1596
1319	1603
1319	1604
1319	1608
1319	1618
1319	1622
1319	1628
1319	1633
1319	1638
1319	1641
1319	1648
1319	1654
1319	1658
1319	1678
1319	1680
1319	1697
1319	1700
1319	1706
1319	1714
1319	1729
1319	1734
1319	1754
1319	1758
1319	1768
1319	1772
1319	1774
1319	1793
1319	1802
1319	1805
1319	1808
1319	1814
1319	1816
1319	1849
1319	1855
1319	1880
1319	1888
1319	1893
1319	1918
1319	1919
1319	1927
1319	1953
1319	1956
1319	1966
1319	1969
1319	1973
1319	1987
1319	1992
1319	2066
1319	2073
1319	2095
1319	2097
1319	2106
1319	2117
1319	2119
1319	2128
1319	2145
1319	2151
1319	2160
1319	2231
1319	2240
1319	2307
1319	2322
1319	2328
1319	2398
1319	2474
1319	2506
1319	2542
1319	2565
1319	2593
1319	2625
1319	2653
1319	2662
1319	2693
1319	2727
1319	2746
1319	2754
1319	2859
1319	2900
1319	2923
1319	2958
1319	3005
1319	3014
1319	3021
1319	3024
1319	3033
1319	3117
1319	3130
1319	3136
1319	3237
1319	3253
1319	3265
1319	3276
1319	3307
1319	3338
1319	3473
1319	3650
1319	3726
1319	3755
1319	3787
1319	3871
1319	3967
1319	4162
1319	4323
1319	4528
1319	5288
1319	6496
1319	6789
1319	8290
1319	8291
1320	417
1320	647
1320	2508
1320	3005
1320	4980
1320	5288
1322	710
1322	946
1322	960
1322	993
1322	1267
1322	1418
1322	1497
1322	1633
1322	2400
1322	2785
1322	2809
1322	2922
1324	1029
1327	299
1328	299
1328	665
1325	299
1329	299
1329	1633
1329	1638
1326	56
1326	299
1326	1322
1326	1439
1326	1893
1326	2004
1331	35
1331	959
1331	1193
1331	2160
1331	3755
1331	5902
1332	35
1333	999
1333	1111
1334	1193
1335	290
1335	579
1335	761
1335	762
1335	935
1335	971
1335	1000
1335	1097
1335	1127
1335	1151
1335	1193
1335	1250
1335	1253
1335	1285
1335	1297
1335	1322
1335	1326
1335	1374
1335	1384
1335	1412
1335	1420
1335	1425
1335	1428
1335	1442
1335	1453
1335	1521
1335	1555
1335	1610
1335	1618
1335	1628
1335	1638
1335	1672
1335	1680
1335	1716
1335	1726
1335	1732
1335	1770
1335	1772
1335	1798
1335	1835
1335	1848
1335	1861
1335	1864
1335	1992
1335	2076
1335	2165
1335	2168
1335	2178
1335	2322
1335	2329
1335	2504
1335	2517
1335	2605
1335	2625
1335	3459
1335	4536
1335	5305
1335	5651
1335	5680
1335	5683
1335	5828
1335	5850
1336	665
1336	1193
1336	2014
1336	2091
1336	2237
1336	2470
1336	3792
1336	4687
1337	1193
1338	1193
1338	1407
1338	1412
1339	993
1339	1193
1339	1585
1339	1593
1339	1956
1340	665
1340	1193
1340	2470
1341	1193
1341	2470
1342	1193
1342	1564
1342	2470
1342	3352
1343	1193
1343	2398
1344	1193
1344	1260
1345	1193
1346	1193
1346	1412
1346	4795
1349	259
1349	1977
1350	259
1350	372
1350	407
1350	415
1350	559
1350	579
1350	763
1350	826
1350	908
1350	947
1350	993
1350	1000
1350	1022
1350	1035
1350	1103
1350	1124
1350	1151
1350	1164
1350	1165
1350	1167
1350	1199
1350	1201
1350	1211
1350	1230
1350	1248
1350	1253
1350	1261
1350	1279
1350	1285
1350	1297
1350	1319
1350	1322
1350	1389
1350	1411
1350	1428
1350	1482
1350	1487
1350	1489
1350	1490
1350	1492
1350	1496
1350	1506
1350	1514
1350	1520
1350	1533
1350	1534
1350	1538
1350	1547
1350	1555
1350	1566
1350	1585
1350	1596
1350	1597
1350	1608
1350	1610
1350	1619
1350	1621
1350	1622
1350	1628
1350	1633
1350	1638
1350	1649
1350	1652
1350	1657
1350	1658
1350	1661
1350	1662
1350	1672
1350	1678
1350	1680
1350	1700
1350	1701
1350	1717
1350	1718
1350	1726
1350	1732
1350	1757
1350	1758
1350	1768
1350	1774
1350	1783
1350	1788
1350	1791
1350	1793
1350	1798
1350	1802
1350	1805
1350	1811
1350	1816
1350	1836
1350	1842
1350	1849
1350	1855
1350	1858
1350	1859
1350	1884
1350	1901
1350	1903
1350	1908
1350	1953
1350	1963
1350	1966
1350	1969
1350	1973
1350	2062
1350	2117
1350	2151
1350	2157
1350	2178
1350	2240
1350	2285
1350	2322
1350	2378
1350	2400
1350	3755
1350	8290
1350	8291
1351	259
1352	230
1352	259
1352	285
1352	298
1352	314
1352	372
1352	559
1352	717
1352	761
1352	763
1352	887
1352	904
1352	908
1352	928
1352	937
1352	963
1352	971
1352	993
1352	1000
1352	1014
1352	1103
1352	1111
1352	1124
1352	1164
1352	1199
1352	1200
1352	1201
1352	1211
1352	1230
1352	1234
1352	1236
1352	1248
1352	1253
1352	1261
1352	1284
1352	1285
1352	1297
1352	1319
1352	1396
1352	1411
1352	1420
1352	1428
1352	1453
1352	1478
1352	1482
1352	1487
1352	1489
1352	1496
1352	1497
1352	1514
1352	1531
1352	1534
1352	1555
1352	1556
1352	1566
1352	1573
1352	1580
1352	1583
1352	1585
1352	1603
1352	1608
1352	1618
1352	1622
1352	1628
1352	1629
1352	1638
1352	1649
1352	1658
1352	1661
1352	1679
1352	1697
1352	1714
1352	1717
1352	1726
1352	1746
1352	1747
1352	1752
1352	1757
1352	1758
1352	1770
1352	1774
1352	1780
1352	1783
1352	1787
1352	1791
1352	1802
1352	1805
1352	1811
1352	1816
1352	1842
1352	1849
1352	1858
1352	1859
1352	1864
1352	1893
1352	1908
1352	1920
1352	1927
1352	1956
1352	1963
1352	1966
1352	1969
1352	1973
1352	1979
1352	1985
1352	1987
1352	2004
1352	2055
1352	2060
1352	2066
1352	2073
1352	2106
1352	2119
1352	2137
1352	2151
1352	2157
1352	2165
1352	2181
1352	2211
1352	3136
1352	8290
1359	15
1359	259
1359	7168
1353	259
1353	1075
1353	1111
1353	1473
1353	1548
1353	1783
1353	1836
1353	1848
1353	1977
1353	1997
1353	2071
1353	2181
1353	2276
1353	2354
1353	2398
1353	2542
1353	2595
1353	3192
1353	3352
1353	3408
1353	3458
1353	3835
1353	3976
1353	4276
1353	4338
1353	5254
1353	5341
1353	5423
1353	5511
1353	7131
1360	259
1360	285
1360	290
1360	762
1360	763
1360	856
1360	1864
1360	2550
1360	2625
1360	2654
1360	2877
1360	2951
1360	3020
1360	3089
1360	3117
1360	3140
1360	3150
1360	4044
1360	4189
1360	4953
1360	5412
1360	6262
1354	259
1354	1297
1354	1372
1354	1411
1354	2411
1354	2770
1354	3136
1354	3769
1355	259
1355	1412
1355	2066
1361	259
1356	259
1356	290
1356	960
1356	1322
1356	1493
1356	1595
1356	1638
1356	1718
1356	1732
1356	1780
1356	1842
1356	1855
1356	2416
1356	3020
1356	3346
1356	3813
1356	4201
1356	4373
1356	6388
1356	6770
1362	259
1362	771
1362	1701
1362	2643
1357	259
1357	285
1357	298
1357	403
1357	417
1357	425
1357	579
1357	762
1357	813
1357	871
1357	887
1357	907
1357	960
1357	963
1357	971
1357	1022
1357	1032
1357	1127
1357	1164
1357	1166
1357	1167
1357	1201
1357	1203
1357	1230
1357	1234
1357	1236
1357	1253
1357	1279
1357	1291
1357	1319
1357	1322
1357	1352
1357	1377
1357	1428
1357	1439
1357	1468
1357	1471
1357	1476
1357	1482
1357	1496
1357	1497
1357	1513
1357	1514
1357	1518
1357	1525
1357	1538
1357	1571
1357	1580
1357	1585
1357	1593
1357	1603
1357	1604
1357	1619
1357	1622
1357	1641
1357	1649
1357	1661
1357	1672
1357	1679
1357	1701
1357	1726
1357	1734
1357	1747
1357	1758
1357	1774
1357	1792
1357	1808
1357	1814
1357	1859
1357	1956
1357	1963
1357	1966
1357	2102
1357	2264
1357	2328
1357	2371
1357	2560
1357	2593
1357	2674
1357	2727
1357	2763
1357	2794
1357	2968
1357	3033
1357	3117
1357	3130
1357	3192
1357	3265
1357	3276
1357	4256
1357	5950
1358	259
1358	407
1358	959
1358	1307
1358	1497
1358	1549
1358	1836
1358	1842
1358	1855
1358	2354
1358	2398
1358	2654
1358	3755
1358	4037
1358	4884
1358	5028
1358	5484
1358	7478
1365	432
1365	1075
1365	2774
1365	3238
1365	6790
1365	6914
1365	7795
1366	1075
1367	204
1367	285
1367	417
1367	432
1367	810
1367	856
1367	959
1367	974
1367	1100
1367	1157
1367	1186
1367	1297
1367	1402
1367	1538
1367	1571
1367	1679
1367	2144
1367	2290
1367	2324
1367	2398
1367	2542
1367	2565
1367	2576
1367	2623
1367	2653
1367	2660
1367	2667
1367	2674
1367	2819
1367	2973
1367	3173
1367	3348
1367	3371
1367	3465
1367	3506
1367	3520
1367	3537
1367	3548
1367	3587
1367	3609
1368	407
1368	771
1368	959
1368	1186
1368	1261
1368	1542
1368	1622
1368	1816
1368	1842
1368	1855
1368	1859
1368	1893
1368	1927
1368	1987
1368	2210
1368	2325
1368	2397
1368	2474
1368	2565
1368	2654
1368	2662
1368	3243
1368	3265
1368	3307
1368	3557
1368	3646
1368	3717
1368	3755
1368	3772
1368	3785
1368	3843
1368	4043
1368	4051
1369	3755
1370	3755
1375	1793
1375	4098
1375	4480
1375	5886
1373	762
1373	1248
1373	1375
1373	1435
1374	56
1374	72
1374	171
1374	204
1374	230
1374	285
1374	290
1374	298
1374	407
1374	425
1374	559
1374	579
1374	608
1374	633
1374	665
1374	737
1374	762
1374	765
1374	826
1374	840
1374	856
1374	896
1374	904
1374	959
1374	967
1374	974
1374	1022
1374	1034
1374	1049
1374	1103
1374	1111
1374	1127
1374	1151
1374	1165
1374	1166
1374	1167
1374	1191
1374	1199
1374	1247
1374	1253
1374	1267
1374	1285
1374	1297
1374	1322
1374	1353
1374	1375
1374	1384
1374	1393
1374	1403
1374	1411
1374	1419
1374	1464
1374	1473
1374	1506
1374	1521
1374	1534
1374	1549
1374	1573
1374	1580
1374	1585
1374	1633
1374	1637
1374	1646
1374	1648
1374	1653
1374	1679
1374	1680
1374	1705
1374	1717
1374	1730
1374	1733
1374	1746
1374	1749
1374	1757
1374	1772
1374	1774
1374	1788
1374	1792
1374	1799
1374	1805
1374	1808
1374	1814
1374	1847
1374	1849
1374	1855
1374	1858
1374	1865
1374	1888
1374	1903
1374	1918
1374	1919
1374	1956
1374	1973
1374	1982
1374	1990
1374	1991
1374	2001
1374	2066
1374	2071
1374	2095
1374	2102
1374	2106
1374	2109
1374	2116
1374	2117
1374	2120
1374	2121
1374	2135
1374	2137
1374	2145
1374	2151
1374	2157
1374	2168
1374	2174
1374	2181
1374	2193
1374	2202
1374	2223
1374	2225
1374	2246
1374	2253
1374	2257
1374	2258
1374	2264
1374	2273
1374	2307
1374	2322
1374	2323
1374	2325
1374	2338
1374	2354
1374	2369
1374	2375
1374	2397
1374	2398
1374	2410
1374	2470
1374	2485
1374	2490
1374	2508
1374	2516
1374	2535
1374	2547
1374	2560
1374	2565
1374	2576
1374	2585
1374	2593
1374	2623
1374	2625
1374	2643
1374	2654
1374	2658
1374	2665
1374	2685
1374	2687
1374	2713
1374	2747
1374	2754
1374	2763
1374	2764
1374	2768
1374	2775
1374	2785
1374	2787
1374	2794
1374	2805
1374	2809
1374	2814
1374	2822
1374	2825
1374	2828
1374	2830
1374	2831
1374	2834
1374	2838
1374	2859
1374	2877
1374	2909
1374	2912
1374	2922
1374	2928
1374	2955
1374	2963
1374	2966
1374	2977
1374	3005
1374	3018
1374	3020
1374	3030
1374	3084
1374	3089
1374	3114
1374	3117
1374	3136
1374	3164
1374	3238
1374	3243
1374	3251
1374	3258
1374	3260
1374	3265
1374	3274
1374	3276
1374	3293
1374	3297
1374	3307
1374	3310
1374	3334
1374	3338
1374	3348
1374	3351
1374	3352
1374	3371
1374	3381
1374	3393
1374	3408
1374	3417
1374	3435
1374	3456
1374	3459
1374	3506
1374	3529
1374	3554
1374	3562
1374	3631
1374	3720
1374	3726
1374	3752
1374	3755
1374	3830
1374	3843
1374	3871
1374	3887
1374	3897
1374	3910
1374	3958
1374	3962
1374	3973
1374	3976
1374	4037
1374	4055
1374	4071
1374	4098
1374	4099
1374	4110
1374	4124
1374	4179
1374	4191
1374	4233
1374	4247
1374	4269
1374	4276
1374	4310
1374	4335
1374	4338
1374	4341
1374	4361
1374	4435
1374	4448
1374	4530
1374	4534
1374	4536
1374	4600
1374	4632
1374	4653
1374	4666
1374	4712
1374	4777
1374	4797
1374	4846
1374	4875
1374	4964
1374	4977
1374	4981
1374	5002
1374	5012
1374	5020
1374	5022
1374	5028
1374	5072
1374	5079
1374	5083
1374	5092
1374	5123
1374	5148
1374	5155
1374	5162
1374	5176
1374	5189
1374	5199
1374	5210
1374	5233
1374	5246
1374	5254
1374	5263
1374	5288
1374	5301
1374	5321
1374	5323
1374	5335
1374	5341
1374	5384
1374	5392
1374	5404
1374	5412
1374	5423
1374	5445
1374	5449
1374	5452
1374	5454
1374	5463
1374	5465
1374	5482
1374	5484
1374	5500
1374	5509
1374	5511
1374	5529
1374	5539
1374	5568
1374	5605
1374	5637
1374	5671
1374	5683
1374	5693
1374	5697
1374	5714
1374	5721
1374	5732
1374	5737
1374	5743
1374	5760
1374	5773
1374	5780
1374	5790
1374	5807
1374	5814
1374	5817
1374	5828
1374	5837
1374	5839
1374	5844
1374	5871
1374	5886
1374	5891
1374	5897
1374	5902
1374	5922
1374	5933
1374	5947
1374	6004
1374	6032
1374	6043
1374	6044
1374	6151
1374	6174
1374	6241
1374	6299
1374	6320
1374	6330
1374	6347
1374	6414
1374	6496
1374	6523
1374	6555
1374	6560
1374	6624
1374	6634
1374	6774
1374	6783
1374	6784
1374	6789
1374	6790
1374	6803
1374	6850
1374	6855
1374	6875
1374	6914
1374	6918
1374	6934
1374	6946
1374	6980
1374	7005
1374	7021
1374	7047
1374	7052
1374	7054
1374	7059
1374	7088
1374	7092
1374	7094
1374	7108
1374	7120
1374	7131
1374	7214
1374	7225
1374	7233
1374	7237
1374	7277
1374	7280
1374	7295
1374	7301
1374	7351
1374	7373
1374	7378
1374	7386
1374	7391
1374	7400
1374	7443
1374	7510
1374	7512
1374	7529
1374	7544
1374	7553
1374	7561
1374	7587
1374	7620
1374	7632
1374	7646
1374	7649
1374	7651
1374	7683
1374	7699
1374	7707
1374	7726
1374	7757
1374	7763
1374	7788
1374	7795
1374	7803
1374	7809
1374	7813
1374	7839
1374	7855
1374	7860
1374	7862
1374	7871
1374	7879
1374	7882
1374	7890
1374	7908
1374	7910
1374	7912
1374	7979
1374	7992
1374	8002
1374	8037
1374	8083
1374	8121
1374	8122
1374	8128
1374	8163
1374	8168
1374	8174
1374	8192
1374	8198
1374	8290
1374	8292
1374	8293
1374	8294
1374	8297
1382	1100
1382	1211
1382	1297
1382	1453
1382	1777
1382	2257
1382	2397
1382	2411
1382	2485
1382	2654
1382	2657
1382	2727
1382	3005
1382	3480
1382	3646
1382	3745
1382	3875
1376	1382
1377	407
1377	826
1377	871
1377	960
1377	1022
1377	1034
1377	1164
1377	1168
1377	1234
1377	1253
1377	1279
1377	1297
1377	1382
1377	1396
1377	1402
1377	1484
1377	1490
1377	1496
1377	1514
1377	1518
1377	1569
1377	1597
1377	1652
1377	1661
1377	1774
1377	1783
1377	1805
1377	1819
1377	1842
1377	1966
1377	2580
1377	3755
1377	5412
1378	762
1378	935
1378	1284
1378	1382
1378	1453
1378	1723
1378	1726
1378	1965
1378	1966
1378	1977
1378	2071
1378	2079
1378	2246
1378	2371
1379	1382
1380	214
1380	230
1380	717
1380	762
1380	871
1380	928
1380	963
1380	971
1380	974
1380	975
1380	993
1380	1031
1380	1127
1380	1140
1380	1167
1380	1201
1380	1203
1380	1234
1380	1253
1380	1297
1380	1319
1380	1374
1380	1377
1380	1382
1380	1402
1380	1407
1380	1413
1380	1418
1380	1420
1380	1425
1380	1439
1380	1453
1380	1464
1380	1468
1380	1471
1380	1476
1380	1487
1380	1492
1380	1513
1380	1518
1380	1538
1380	1547
1380	1573
1380	1621
1380	1638
1380	1705
1380	1754
1380	1772
1380	1774
1380	1787
1380	1792
1380	1956
1380	2062
1380	2066
1380	2073
1380	2117
1380	2119
1380	2151
1380	2193
1380	2400
1380	2517
1380	2625
1380	8292
1381	813
1381	913
1381	948
1381	993
1381	1014
1381	1164
1381	1253
1381	1297
1381	1315
1381	1378
1381	1382
1381	1453
1381	1482
1381	1514
1381	1566
1381	1610
1381	1613
1381	1622
1381	1662
1381	1688
1381	1705
1381	1780
1381	1805
1381	1908
1381	1992
1381	2016
1381	2066
1381	2137
1381	2165
1381	2371
1381	2378
1381	2398
1381	2485
1381	2560
1381	2653
1381	2696
1381	2697
1381	2880
1381	2966
1381	3026
1381	3059
1381	3144
1381	3173
1381	3192
1381	3537
1381	3634
1381	3748
1381	3755
1381	3897
1381	5026
1381	5323
1381	6347
1383	1384
1383	1389
1383	2963
1383	4179
1384	56
1384	762
1384	1049
1384	1154
1384	1374
1384	1389
1384	1416
1384	1549
1384	1564
1384	1593
1384	1837
1384	1847
1384	1956
1384	2542
1384	2565
1384	2653
1384	2655
1384	2660
1384	2686
1384	2727
1384	2751
1384	2809
1384	2814
1384	2828
1384	3180
1384	3258
1384	3489
1384	3506
1384	3537
1384	3587
1384	3717
1384	3755
1384	4021
1384	4049
1384	4110
1384	4179
1384	8293
1385	579
1385	1389
1385	1593
1385	2323
1385	2612
1385	2999
1385	3164
1385	3238
1385	3319
1385	3346
1385	3439
1385	4037
1385	4071
1385	4099
1385	4179
1385	4781
1385	4884
1385	4999
1385	5012
1385	5022
1385	5200
1385	5233
1385	5614
1385	6004
1385	6299
1385	6833
1385	7092
1385	7279
1385	7351
1385	7478
1385	7694
1385	7699
1385	7890
1385	7992
1385	8002
1386	298
1386	559
1386	579
1386	761
1386	763
1386	771
1386	813
1386	836
1386	887
1386	928
1386	935
1386	937
1386	948
1386	960
1386	975
1386	1127
1386	1164
1386	1203
1386	1211
1386	1236
1386	1248
1386	1253
1386	1353
1386	1389
1386	1413
1386	1420
1386	1425
1386	1428
1386	1444
1386	1482
1386	1489
1386	1496
1386	1518
1386	1525
1386	1534
1386	1555
1386	1566
1386	1585
1386	1595
1386	1622
1386	1641
1386	1649
1386	1717
1386	1772
1386	1774
1386	1791
1386	1805
1386	1842
1386	1848
1386	1858
1386	1893
1386	1901
1386	1903
1386	1927
1386	1953
1386	1966
1386	1973
1386	2071
1386	2085
1386	2205
1386	2241
1387	1389
1388	1384
1388	1389
1394	887
1394	960
1394	1167
1394	1390
1394	1437
1394	1464
1394	1472
1394	1496
1394	1758
1390	290
1390	417
1390	762
1390	1186
1390	1211
1390	1297
1390	1377
1390	1394
1390	1420
1390	1679
1390	1705
1390	1992
1390	2151
1390	2174
1390	2264
1390	2297
1390	2322
1390	2323
1390	2325
1390	2599
1390	2654
1390	2665
1390	2707
1390	2721
1390	2844
1390	2880
1390	3009
1390	3018
1390	3020
1390	3099
1390	3516
1390	3755
1391	1394
1392	1394
1392	1525
1393	1394
1393	2575
1393	5263
1393	5484
1395	15
1395	171
1395	204
1395	298
1395	332
1395	403
1395	407
1395	579
1395	587
1395	722
1395	762
1395	763
1395	836
1395	840
1395	861
1395	904
1395	935
1395	946
1395	947
1395	959
1395	975
1395	978
1395	993
1395	1018
1395	1031
1395	1035
1395	1049
1395	1111
1395	1164
1395	1168
1395	1186
1395	1200
1395	1201
1395	1236
1395	1243
1395	1248
1395	1250
1395	1253
1395	1267
1395	1284
1395	1285
1395	1291
1395	1297
1395	1319
1395	1322
1395	1353
1395	1357
1395	1378
1395	1384
1395	1390
1395	1396
1395	1407
1395	1419
1395	1428
1395	1444
1395	1453
1395	1471
1395	1482
1395	1492
1395	1501
1395	1514
1395	1534
1395	1538
1395	1547
1395	1550
1395	1555
1395	1566
1395	1580
1395	1583
1395	1597
1395	1603
1395	1604
1395	1608
1395	1613
1395	1618
1395	1621
1395	1628
1395	1641
1395	1669
1395	1697
1395	1700
1395	1701
1395	1705
1395	1714
1395	1723
1395	1729
1395	1730
1395	1734
1395	1754
1395	1781
1395	1792
1395	1798
1395	1811
1395	1816
1395	1836
1395	1842
1395	1847
1395	1848
1395	1849
1395	1858
1395	1859
1395	1880
1395	1901
1395	1903
1395	1927
1395	1964
1395	1965
1395	1966
1395	1969
1395	1973
1395	1979
1395	1983
1395	1985
1395	1987
1395	1992
1395	1997
1395	2062
1395	2066
1395	2071
1395	2072
1395	2076
1395	2085
1395	2097
1395	2106
1395	2109
1395	2114
1395	2117
1395	2120
1395	2137
1395	2145
1395	2151
1395	2168
1395	2174
1395	2178
1395	2181
1395	2193
1395	2202
1395	2225
1395	2240
1395	2241
1395	2246
1395	2251
1395	2264
1395	2297
1395	2322
1395	2328
1395	2329
1395	2333
1395	2341
1395	2356
1395	2385
1395	2397
1395	2400
1395	2410
1395	2435
1395	2456
1395	2516
1395	2547
1395	2560
1395	2576
1395	2579
1395	2625
1395	2667
1395	2685
1395	2686
1395	2697
1395	2707
1395	2760
1395	2763
1395	2794
1395	2805
1395	2830
1395	2834
1395	2856
1395	2955
1395	2963
1395	3026
1395	3029
1395	3033
1395	3059
1395	3136
1395	3150
1395	3192
1395	3265
1395	3404
1395	3892
1395	3970
1395	4110
1395	4117
1395	4261
1395	4263
1395	4600
1395	4706
1395	5445
1395	6227
1395	6229
1395	6790
1395	7649
1395	8293
1397	1402
1398	1402
1399	1402
1400	1402
1400	1633
1400	1849
1401	1402
1401	5103
1401	6347
1403	1199
1403	1412
1403	2079
1404	1412
1405	1412
1411	1412
1406	1411
1406	1412
1407	993
1407	1412
1407	1772
1408	1412
1409	1412
1410	1412
1416	1127
1416	1384
1416	1633
1416	2109
1416	2307
1416	2426
1416	2576
1416	2700
1416	3020
1416	3030
1416	3140
1416	3309
1416	5384
1420	761
1420	1322
1420	1525
1420	1587
1420	1633
1420	1638
1420	1654
1420	1752
1420	1780
1420	2151
1420	2165
1420	2211
1419	350
1419	1049
1419	1111
1419	1291
1419	1323
1419	1384
1419	1420
1419	1521
1419	1564
1419	1992
1419	2114
1419	2157
1419	2256
1419	2277
1419	2294
1419	2297
1419	2323
1419	2338
1419	2366
1419	2576
1419	2617
1419	2623
1419	2657
1419	2665
1419	2669
1419	2670
1419	2685
1419	2720
1419	2736
1419	2815
1419	3029
1419	3056
1419	3253
1419	3408
1419	3473
1419	3489
1419	3516
1419	3548
1419	3807
1419	5732
1419	8293
1421	1411
1421	1425
1422	1425
1423	826
1423	960
1423	1425
1423	1569
1423	1573
1423	1648
1423	1864
1423	2843
1424	826
1424	871
1424	887
1424	907
1424	1164
1424	1167
1424	1201
1424	1234
1424	1236
1424	1291
1424	1297
1424	1357
1424	1377
1424	1416
1424	1425
1424	1428
1424	1464
1424	1478
1424	1482
1424	1484
1424	1485
1424	1549
1424	1556
1424	1563
1424	1593
1424	1595
1424	1600
1424	1603
1424	1608
1424	1618
1424	1622
1424	1792
1424	1814
1424	1919
1424	1927
1424	1966
1424	1973
1424	2073
1424	2225
1424	2251
1424	2356
1424	2371
1424	2411
1424	2501
1424	2625
1424	2819
1424	3117
1424	3126
1424	3130
1424	3155
1424	3243
1424	3453
1426	1203
1427	1203
1427	1307
1428	64
1428	290
1428	298
1428	415
1428	506
1428	559
1428	579
1428	665
1428	765
1428	836
1428	873
1428	887
1428	904
1428	908
1428	935
1428	937
1428	975
1428	993
1428	1000
1428	1034
1428	1103
1428	1111
1428	1124
1428	1137
1428	1151
1428	1157
1428	1164
1428	1199
1428	1200
1428	1203
1428	1211
1428	1248
1428	1279
1428	1284
1428	1291
1428	1297
1428	1319
1428	1322
1428	1326
1428	1357
1428	1374
1428	1378
1428	1390
1428	1407
1428	1444
1428	1471
1428	1482
1428	1489
1428	1496
1428	1514
1428	1520
1428	1521
1428	1534
1428	1549
1428	1555
1428	1566
1428	1583
1428	1585
1428	1613
1428	1619
1428	1622
1428	1628
1428	1629
1428	1633
1428	1636
1428	1648
1428	1649
1428	1654
1428	1661
1428	1662
1428	1672
1428	1679
1428	1680
1428	1697
1428	1701
1428	1714
1428	1717
1428	1726
1428	1734
1428	1746
1428	1747
1428	1752
1428	1754
1428	1757
1428	1758
1428	1772
1428	1774
1428	1781
1428	1787
1428	1788
1428	1791
1428	1793
1428	1798
1428	1802
1428	1805
1428	1811
1428	1816
1428	1848
1428	1849
1428	1858
1428	1859
1428	1880
1428	1893
1428	1901
1428	1903
1428	1919
1428	1927
1428	1956
1428	1963
1428	1965
1428	1966
1428	1969
1428	1973
1428	1979
1428	1983
1428	1985
1428	1987
1428	2004
1428	2007
1428	2060
1428	2066
1428	2073
1428	2085
1428	2091
1428	2095
1428	2106
1428	2114
1428	2119
1428	2121
1428	2137
1428	2151
1428	2165
1428	2168
1428	2202
1428	2210
1428	2211
1428	2252
1428	2256
1428	2276
1428	2290
1428	2324
1428	2328
1428	2333
1428	2411
1428	2499
1428	2506
1428	2510
1428	2550
1428	2593
1428	2617
1428	2625
1428	2629
1428	2679
1428	2685
1428	2693
1428	2805
1428	2859
1428	2871
1428	2932
1428	2958
1428	2973
1428	3005
1428	3021
1428	3033
1428	3080
1428	3104
1428	3117
1428	3136
1428	3192
1428	3258
1428	3717
1428	3811
1428	3835
1428	3843
1428	3970
1428	4055
1428	4179
1428	4349
1428	4706
1428	4875
1428	5002
1428	7005
1428	8290
1429	963
1429	1203
1429	1319
1430	1203
1430	1307
1431	1203
1433	1428
1434	1435
1434	1439
1436	963
1184	56
1184	72
1184	204
1184	214
1184	403
1184	765
1184	963
1184	1018
1184	1166
1184	1167
1184	1186
1184	1211
1184	1284
1184	1319
1184	1357
1184	1374
1184	1496
1184	1497
1184	1538
1184	1564
1184	1585
1184	1705
1184	1718
1184	1808
1184	1835
1184	1842
1184	1855
1184	1956
1184	1984
1184	2053
1184	2066
1184	2120
1184	2145
1184	2151
1184	2157
1184	2322
1184	2340
1184	2375
1184	2411
1184	2504
1184	2517
1184	2599
1184	2643
1184	2777
1184	2781
1184	2787
1184	2797
1184	2801
1184	2811
1184	2834
1184	2877
1184	2922
1184	2926
1184	2963
1184	3034
1184	3309
1184	3352
1184	3443
1184	3453
1184	3455
1184	3635
1184	4011
1184	4037
1184	4040
1184	4212
1184	4261
1184	4613
1184	4631
1184	4648
1184	4661
1184	4719
1184	4735
1184	4796
1184	4797
1184	4809
1184	5412
1184	6098
1184	8290
1184	8292
1438	1326
1440	978
1439	928
1439	978
1439	1234
1439	1236
1439	1319
1439	1484
1439	1518
1439	1538
1439	1814
1441	407
1441	761
1441	871
1441	904
1441	937
1441	946
1441	978
1441	993
1441	1031
1441	1103
1441	1186
1441	1199
1441	1201
1441	1253
1441	1261
1441	1297
1441	1428
1441	1486
1441	1514
1441	1525
1441	1610
1441	1612
1441	1638
1441	1662
1441	1752
1441	1757
1441	1768
1441	1780
1441	1783
1441	1787
1441	1991
1441	2062
1441	2073
1441	2097
1441	2101
1441	2106
1441	2242
1441	2348
1441	2397
1441	8290
1441	8291
1446	1442
1446	1444
1446	3371
1442	64
1442	314
1442	813
1442	993
1442	1000
1442	1234
1442	1297
1442	1319
1442	1428
1442	1444
1442	1446
1442	1487
1442	1496
1442	1525
1442	1538
1442	1555
1442	1774
1442	1780
1442	1787
1442	1864
1443	971
1443	1319
1443	1446
1444	1442
1444	1446
1445	1446
1447	1234
1447	1428
1447	1439
1447	1490
1447	1593
1447	1618
1447	1641
1448	1319
1449	1319
1450	1319
1451	1319
1451	1322
1451	1618
1452	1453
1454	1464
1455	1464
1456	1464
1457	813
1457	1464
1457	2371
1457	2696
1457	3748
1458	1464
1459	1464
1460	1464
1461	1464
1462	56
1462	204
1462	230
1462	771
1462	960
1462	1012
1462	1165
1462	1186
1462	1261
1462	1377
1462	1411
1462	1428
1462	1464
1462	1497
1462	1549
1462	1569
1462	1633
1462	1701
1462	1717
1462	1842
1462	1849
1462	1864
1462	1919
1462	1920
1462	2066
1462	2128
1462	2165
1462	2285
1462	2328
1462	2398
1462	2490
1462	2508
1462	2535
1462	2544
1462	2625
1462	2643
1462	2809
1462	3456
1462	4233
1462	4247
1462	5412
1462	5449
1462	5780
1462	5828
1462	5872
1462	5963
1462	5994
1462	8293
1463	403
1463	762
1463	765
1463	1035
1463	1279
1463	1284
1463	1464
1463	1484
1463	1596
1463	1653
1463	1808
1463	1893
1463	1992
1463	2264
1463	2542
1463	2565
1463	2585
1463	2794
1463	2963
1463	3136
1463	3144
1463	3892
1463	4219
1463	4453
1463	4944
1463	5822
1465	214
1465	1049
1465	1186
1465	1357
1465	1798
1465	2323
1465	2508
1465	2542
1468	290
1468	346
1468	762
1468	1201
1468	1385
1468	1471
1468	1476
1468	2264
1468	2397
1468	2456
1468	2646
1468	3089
1468	3645
1468	4103
1468	4212
1468	4424
1468	4796
1468	4808
1468	4814
1468	4827
1466	407
1466	960
1466	1055
1466	1211
1466	1319
1466	1377
1466	1428
1466	1468
1466	1476
1466	1538
1466	1593
1466	1597
1466	1633
1466	1701
1466	1718
1466	2073
1466	2264
1466	2328
1466	2329
1466	2669
1466	2764
1466	3089
1466	4247
1466	4964
1467	971
1467	1230
1467	1261
1467	1441
1467	1468
1467	1497
1467	2516
1467	3664
1467	4964
1467	5144
1467	5204
1469	290
1469	971
1469	1603
1469	1608
1469	1672
1469	3171
1469	3755
1470	15
1470	56
1470	72
1470	290
1470	737
1470	762
1470	871
1470	887
1470	904
1470	946
1470	959
1470	971
1470	974
1470	1151
1470	1164
1470	1166
1470	1167
1470	1211
1470	1234
1470	1243
1470	1247
1470	1261
1470	1297
1470	1310
1470	1319
1470	1374
1470	1385
1470	1428
1470	1471
1470	1476
1470	1482
1470	1484
1470	1487
1470	1492
1470	1496
1470	1501
1470	1555
1470	1585
1470	1603
1470	1622
1470	1641
1470	1658
1470	1661
1470	1700
1470	1701
1470	1744
1470	1774
1470	1799
1470	1816
1470	1836
1470	1857
1470	1893
1470	1918
1470	1956
1470	1966
1470	1969
1470	1977
1470	2135
1470	2144
1470	2209
1470	2252
1470	2328
1470	2354
1470	2364
1470	2381
1470	2398
1470	2411
1470	2535
1470	2576
1470	2579
1470	2592
1470	2620
1470	2625
1470	2653
1470	2662
1470	2747
1470	2768
1470	2775
1470	2790
1470	2877
1470	2923
1470	3002
1470	3005
1470	3010
1470	3089
1470	3117
1470	3130
1470	3253
1470	3276
1470	3285
1470	3346
1470	3376
1470	3393
1470	3452
1470	3456
1470	3458
1470	3473
1470	3479
1470	3498
1470	3516
1470	3537
1470	3580
1470	3587
1470	3607
1470	3614
1470	3813
1470	3897
1470	3910
1470	4013
1470	4099
1470	4124
1470	4191
1470	4297
1470	4335
1470	4400
1470	4645
1470	4687
1470	4712
1470	4735
1470	4792
1470	4795
1470	4797
1470	4983
1470	5055
1470	5130
1470	5204
1470	5210
1470	5412
1470	5439
1470	5449
1470	5527
1470	5626
1470	5706
1470	5714
1470	5798
1470	6004
1470	6006
1470	6156
1470	6229
1470	6246
1470	6251
1470	6262
1470	6306
1470	6327
1470	6328
1470	6334
1470	6337
1470	6417
1470	6432
1470	6458
1470	6474
1470	6552
1470	7092
1470	7553
1470	8292
1470	8295
1471	56
1471	204
1471	214
1471	425
1471	579
1471	762
1471	861
1471	871
1471	904
1471	907
1471	948
1471	960
1471	971
1471	1026
1471	1034
1471	1167
1471	1199
1471	1211
1471	1234
1471	1248
1471	1253
1471	1279
1471	1297
1471	1322
1471	1489
1471	1490
1471	1501
1471	1514
1471	1532
1471	1556
1471	1581
1471	1603
1471	1612
1471	1628
1471	1636
1471	1641
1471	1661
1471	1672
1471	1701
1471	1726
1471	1752
1471	1758
1471	1768
1471	1880
1471	1884
1471	1956
1471	2072
1471	2160
1471	2499
1471	2535
1471	3180
1471	3238
1471	3334
1471	3456
1471	3459
1471	4037
1471	4201
1471	4263
1471	4536
1471	5012
1471	5022
1471	5079
1471	5246
1471	5596
1471	5697
1471	5897
1471	5963
1471	6272
1471	6299
1471	6720
1471	6765
1471	7855
1472	907
1473	204
1473	372
1473	403
1473	425
1473	579
1473	665
1473	763
1473	856
1473	907
1473	908
1473	913
1473	960
1473	993
1473	1026
1473	1111
1473	1164
1473	1166
1473	1211
1473	1279
1473	1284
1473	1357
1473	1374
1473	1419
1473	1428
1473	1487
1473	1608
1473	1646
1473	1679
1473	1688
1473	1692
1473	1697
1473	1730
1473	1747
1473	1754
1473	1780
1473	1783
1473	1793
1473	1805
1473	1836
1473	1842
1473	1855
1473	1859
1473	1880
1473	1893
1473	1919
1473	1953
1473	1963
1473	1979
1473	2004
1473	2007
1473	2060
1473	2097
1473	2102
1473	2174
1473	2225
1473	2289
1473	2375
1473	2475
1473	2499
1473	2504
1473	2560
1473	2763
1473	2790
1473	2828
1473	2871
1473	2966
1473	3136
1473	3253
1473	3408
1473	3439
1473	3473
1473	3680
1473	3903
1473	3970
1473	4071
1473	4110
1473	4266
1473	4338
1473	4706
1473	4709
1473	4719
1473	4814
1473	4827
1473	5254
1473	5445
1473	5714
1473	6833
1473	7092
1473	7115
1473	7890
1473	8002
1474	907
1474	2657
1480	372
1480	763
1480	896
1480	993
1480	1000
1480	1103
1480	1165
1480	1230
1480	1253
1480	1284
1480	1407
1480	1484
1480	1492
1480	1514
1480	1534
1480	1585
1480	1622
1480	1628
1480	1633
1480	1658
1480	1700
1480	1717
1480	1758
1480	1772
1480	1780
1480	1788
1480	1791
1480	1798
1480	1802
1480	1805
1480	1811
1480	1816
1480	1842
1480	1849
1480	1859
1480	1893
1480	1901
1480	1908
1480	1979
1480	1987
1480	1992
1480	2128
1480	5614
1480	8290
1481	1484
1482	415
1482	908
1482	1034
1482	1035
1482	1151
1482	1164
1482	1200
1482	1297
1482	1484
1482	1496
1482	1514
1482	1547
1482	1580
1482	1585
1482	1621
1482	1622
1482	1697
1482	1701
1482	1805
1482	1816
1482	1893
1482	1903
1482	1953
1482	1966
1482	1969
1482	2066
1483	290
1483	579
1483	771
1483	813
1483	826
1483	871
1483	887
1483	960
1483	1055
1483	1167
1483	1211
1483	1234
1483	1261
1483	1279
1483	1297
1483	1377
1483	1411
1483	1428
1483	1484
1483	1487
1483	1490
1483	1496
1483	1497
1483	1507
1483	1514
1483	1525
1483	1537
1483	1538
1483	1555
1483	1573
1483	1580
1483	1595
1483	1633
1483	1649
1483	1716
1483	1717
1483	1726
1483	1758
1483	1768
1483	1774
1483	1791
1483	1798
1483	1802
1483	1805
1483	1811
1483	1842
1483	1849
1483	1859
1483	1893
1483	2843
1483	3755
1483	5500
1488	1297
1487	171
1487	230
1487	298
1487	372
1487	407
1487	559
1487	575
1487	579
1487	763
1487	887
1487	904
1487	913
1487	928
1487	935
1487	1034
1487	1124
1487	1165
1487	1168
1487	1199
1487	1201
1487	1211
1487	1248
1487	1253
1487	1279
1487	1297
1487	1319
1487	1322
1487	1428
1487	1442
1487	1471
1487	1489
1487	1501
1487	1520
1487	1525
1487	1534
1487	1549
1487	1610
1487	1618
1487	1619
1487	1622
1487	1629
1487	1633
1487	1638
1487	1641
1487	1648
1487	1654
1487	1658
1487	1661
1487	1662
1487	1669
1487	1672
1487	1679
1487	1689
1487	1692
1487	1701
1487	1707
1487	1718
1487	1726
1487	1732
1487	1746
1487	1747
1487	1752
1487	1757
1487	1816
1487	1836
1487	1847
1487	1855
1487	1857
1487	1858
1487	1893
1487	1901
1487	1903
1487	1908
1487	1953
1487	1969
1487	1973
1487	1979
1487	1987
1487	1991
1487	2069
1487	2073
1487	2325
1487	2338
1487	2356
1487	2474
1487	2475
1487	2565
1487	2576
1487	2593
1487	2594
1487	2619
1487	2623
1487	2625
1487	2638
1487	2643
1487	2651
1487	2665
1487	2669
1487	2700
1487	2912
1487	3020
1487	3021
1487	3030
1487	3130
1487	3265
1487	3307
1487	3338
1487	3348
1487	3351
1487	3371
1487	3376
1487	3408
1487	3435
1487	3473
1487	3489
1487	8290
1487	8293
1489	204
1489	407
1489	579
1489	797
1489	993
1489	1103
1489	1140
1489	1164
1489	1167
1489	1201
1489	1234
1489	1236
1489	1253
1489	1279
1489	1297
1489	1307
1489	1374
1489	1428
1489	1482
1489	1487
1489	1490
1489	1514
1489	1520
1489	1538
1489	1555
1489	1563
1489	1573
1489	1583
1489	1593
1489	1596
1489	1600
1489	1608
1489	1621
1489	1622
1489	1653
1489	1657
1489	1662
1489	1680
1489	1700
1489	1701
1489	1768
1489	1772
1489	1816
1489	1847
1489	1855
1489	1857
1489	1893
1489	1953
1489	1969
1489	1984
1489	1997
1489	2007
1489	2055
1489	2060
1489	2062
1489	2066
1489	2182
1489	2256
1489	2281
1489	2322
1489	2345
1489	2516
1489	2570
1489	8291
1492	72
1492	171
1492	230
1492	298
1492	575
1492	579
1492	691
1492	763
1492	764
1492	826
1492	861
1492	871
1492	887
1492	935
1492	937
1492	948
1492	993
1492	1000
1492	1022
1492	1032
1492	1034
1492	1035
1492	1055
1492	1103
1492	1151
1492	1164
1492	1167
1492	1168
1492	1199
1492	1200
1492	1201
1492	1211
1492	1230
1492	1236
1492	1253
1492	1279
1492	1284
1492	1297
1492	1319
1492	1377
1492	1407
1492	1428
1492	1487
1492	1489
1492	1496
1492	1506
1492	1518
1492	1520
1492	1525
1492	1534
1492	1537
1492	1538
1492	1550
1492	1555
1492	1580
1492	1585
1492	1587
1492	1593
1492	1595
1492	1597
1492	1600
1492	1603
1492	1618
1492	1619
1492	1621
1492	1622
1492	1633
1492	1641
1492	1649
1492	1652
1492	1654
1492	1658
1492	1661
1492	1689
1492	1692
1492	1700
1492	1701
1492	1726
1492	1734
1492	1747
1492	1754
1492	1772
1492	1774
1492	1783
1492	1814
1492	1816
1492	1847
1492	1858
1492	1880
1492	1888
1492	1893
1492	1901
1492	1903
1492	1908
1492	1918
1492	1919
1492	1927
1492	1966
1492	1969
1492	1987
1492	1992
1492	1997
1492	2066
1492	2073
1492	2106
1492	2128
1492	2178
1492	2225
1492	2251
1492	2256
1492	2322
1492	2328
1492	2341
1492	2384
1492	2411
1492	2474
1492	2504
1492	2585
1492	2593
1492	2595
1492	2612
1492	2618
1492	2619
1492	2653
1492	2700
1492	2713
1492	2746
1492	2830
1492	2859
1492	2912
1492	2958
1492	2981
1492	3005
1492	3020
1492	3033
1492	3117
1492	3253
1492	3258
1492	3307
1492	3338
1492	3537
1492	3568
1492	3645
1492	3897
1492	4021
1492	4037
1492	4040
1492	4043
1492	4162
1492	4422
1492	4715
1492	4735
1492	4811
1492	4964
1492	5412
1492	5844
1492	8290
1493	1167
1494	1167
1495	1164
1495	1167
1495	1201
1495	1482
1495	1514
1495	1734
1495	1816
1495	1893
1495	1973
1495	2651
1496	15
1496	230
1496	285
1496	417
1496	506
1496	579
1496	633
1496	722
1496	762
1496	763
1496	764
1496	765
1496	825
1496	887
1496	908
1496	913
1496	946
1496	993
1496	1000
1496	1035
1496	1097
1496	1103
1496	1151
1496	1164
1496	1166
1496	1167
1496	1186
1496	1199
1496	1200
1496	1201
1496	1211
1496	1230
1496	1248
1496	1253
1496	1261
1496	1267
1496	1279
1496	1297
1496	1307
1496	1319
1496	1322
1496	1353
1496	1357
1496	1360
1496	1377
1496	1393
1496	1416
1496	1428
1496	1482
1496	1487
1496	1492
1496	1501
1496	1514
1496	1521
1496	1555
1496	1571
1496	1585
1496	1593
1496	1603
1496	1610
1496	1618
1496	1621
1496	1622
1496	1633
1496	1646
1496	1648
1496	1653
1496	1654
1496	1658
1496	1697
1496	1700
1496	1701
1496	1718
1496	1726
1496	1734
1496	1754
1496	1772
1496	1774
1496	1780
1496	1783
1496	1791
1496	1798
1496	1808
1496	1814
1496	1816
1496	1836
1496	1842
1496	1847
1496	1849
1496	1859
1496	1880
1496	1884
1496	1893
1496	1903
1496	1908
1496	1919
1496	1953
1496	1956
1496	1966
1496	1969
1496	1973
1496	1992
1496	2001
1496	2066
1496	2071
1496	2073
1496	2114
1496	2116
1496	2117
1496	2120
1496	2121
1496	2145
1496	2211
1496	2225
1496	2241
1496	2251
1496	2256
1496	2297
1496	2324
1496	2328
1496	2381
1496	2398
1496	2410
1496	2474
1496	2504
1496	2506
1496	2510
1496	2579
1496	2585
1496	2593
1496	2594
1496	2595
1496	2597
1496	2605
1496	2618
1496	2625
1496	2646
1496	2657
1496	2660
1496	2667
1496	2685
1496	2708
1496	2713
1496	2727
1496	2746
1496	2747
1496	2794
1496	2819
1496	2856
1496	2871
1496	2877
1496	2900
1496	2923
1496	2981
1496	2996
1496	3005
1496	3007
1496	3033
1496	3136
1496	3243
1496	3251
1496	3253
1496	3258
1496	3276
1496	3371
1496	3408
1496	3456
1496	3473
1496	3489
1496	3562
1496	3586
1496	3772
1496	3830
1496	3892
1496	4040
1496	4071
1496	4099
1496	4191
1496	4261
1496	4310
1496	4400
1496	4402
1496	4411
1496	4463
1496	4709
1496	4735
1496	4875
1496	5055
1496	5106
1496	5178
1496	5210
1496	5239
1496	5288
1496	5412
1496	5452
1496	5459
1496	5484
1496	5732
1496	5863
1496	5947
1496	6458
1496	6553
1496	6914
1496	7005
1496	7632
1496	7839
1496	7890
1496	8290
1496	8291
1496	8294
1497	15
1497	346
1497	771
1497	959
1497	1167
1497	1201
1497	1234
1497	1297
1497	1322
1497	1531
1497	1538
1497	1550
1497	1556
1497	1573
1497	1580
1497	1593
1497	1956
1497	2145
1497	2151
1497	2157
1497	2297
1497	2763
1497	3020
1497	4735
1497	4875
1497	5254
1497	6229
1497	8292
1498	762
1498	1167
1498	3238
1498	3456
1498	4191
1498	7651
1499	56
1499	1167
1499	1497
1499	1547
1499	1573
1499	1580
1499	1597
1499	1612
1499	1658
1499	1774
1499	1956
1499	2794
1500	56
1500	204
1500	214
1500	506
1500	608
1500	633
1500	737
1500	859
1500	960
1500	1097
1500	1151
1500	1167
1500	1199
1500	1297
1500	1315
1500	1497
1500	1538
1500	1569
1500	1612
1500	1717
1500	1718
1500	1956
1500	2134
1500	2174
1500	2210
1500	2240
1500	2256
1500	2323
1500	2397
1500	2508
1500	2604
1500	2625
1500	2660
1500	2777
1500	2794
1500	2801
1500	2871
1500	3018
1500	3117
1500	3193
1500	3480
1500	3615
1500	4098
1500	4138
1500	4191
1500	4299
1500	4735
1500	5253
1501	64
1501	407
1501	506
1501	762
1501	871
1501	904
1501	946
1501	993
1501	1000
1501	1103
1501	1167
1501	1261
1501	1322
1501	1437
1501	1471
1501	1496
1501	1514
1501	1564
1501	1633
1501	1687
1501	1772
1501	1787
1501	1788
1501	1793
1501	1811
1501	1861
1501	1864
1501	2225
1501	2290
1501	2397
1501	2550
1501	2651
1501	2662
1501	2951
1501	3089
1501	3117
1501	3140
1501	3171
1506	290
1506	559
1506	771
1506	974
1506	993
1506	1032
1506	1297
1506	1385
1506	1489
1506	1497
1506	1520
1506	1524
1506	1531
1506	1556
1506	1649
1506	1652
1506	1654
1506	1662
1506	1672
1506	1679
1506	1680
1506	1717
1506	1849
1506	1880
1506	2062
1506	2135
1506	2160
1506	2333
1506	2504
1506	2654
1506	2674
1506	2912
1506	3020
1506	3253
1506	3276
1506	3976
1506	4349
1506	4953
1506	5683
1506	6296
1506	8134
1502	1234
1502	1506
1503	1506
1503	1563
1503	1638
1504	1506
1504	1513
1504	1533
1504	1633
1504	2231
1504	2651
1505	935
1505	1506
1505	1717
1505	1893
1507	2062
1507	6576
1511	1377
1510	771
1510	871
1510	960
1510	1032
1510	1234
1510	1377
1510	1441
1510	1497
1510	1513
1510	1518
1510	1524
1510	1531
1510	1538
1510	1556
1510	1563
1510	2843
1512	1513
1515	1441
1516	1441
1517	1441
1519	1032
1520	1018
1520	1032
1520	1253
1521	298
1521	403
1521	579
1521	871
1521	904
1521	937
1521	993
1521	1000
1521	1049
1521	1097
1521	1111
1521	1151
1521	1166
1521	1199
1521	1201
1521	1211
1521	1230
1521	1261
1521	1267
1521	1279
1521	1319
1521	1323
1521	1374
1521	1411
1521	1419
1521	1482
1521	1487
1521	1492
1521	1496
1521	1514
1521	1583
1521	1585
1521	1608
1521	1621
1521	1633
1521	1679
1521	1700
1521	1706
1521	1714
1521	1744
1521	1746
1521	1747
1521	1768
1521	1772
1521	1780
1521	1787
1521	1791
1521	1808
1521	1814
1521	1836
1521	1842
1521	1888
1521	1893
1521	1919
1521	1964
1521	1992
1521	1997
1521	2062
1521	2066
1521	2117
1521	2120
1521	2128
1521	2174
1521	2178
1521	2225
1521	2241
1521	2297
1521	2328
1521	2341
1521	2375
1521	2385
1521	2397
1521	2400
1521	2474
1521	2485
1521	2506
1521	2510
1521	2547
1521	2594
1521	2625
1521	2653
1521	2685
1521	2727
1521	2746
1521	2814
1521	2834
1521	2958
1521	3005
1521	3014
1521	3024
1521	3117
1521	3136
1521	3253
1521	3265
1521	3307
1521	3404
1521	3755
1521	4055
1521	8291
1522	15
1522	290
1522	332
1522	415
1522	465
1522	608
1522	741
1522	762
1522	763
1522	871
1522	947
1522	993
1522	1103
1522	1151
1522	1211
1522	1261
1522	1297
1522	1374
1522	1385
1522	1514
1522	1521
1522	1534
1522	1592
1522	1628
1522	1637
1522	1688
1522	1700
1522	1754
1522	1758
1522	1777
1522	1780
1522	1791
1522	1814
1522	1842
1522	1857
1522	1880
1522	1893
1522	1903
1522	1956
1522	1990
1522	2062
1522	2066
1522	2145
1522	2210
1522	2297
1522	2328
1522	2329
1522	2339
1522	2345
1522	2397
1522	2398
1522	2426
1522	2433
1522	2470
1522	2490
1522	2499
1522	2508
1522	2510
1522	2517
1522	2550
1522	2565
1522	2570
1522	2580
1522	2585
1522	2593
1522	2595
1522	2599
1522	2618
1522	2619
1522	2625
1522	2643
1522	2651
1522	2653
1522	2654
1522	2665
1522	2667
1522	2746
1522	2754
1522	2834
1522	2973
1522	2981
1522	2999
1522	3059
1522	3084
1522	3089
1522	3125
1522	3130
1522	3260
1522	3291
1522	3297
1522	3346
1522	3404
1522	3455
1522	3463
1522	3473
1522	3480
1522	3520
1522	3631
1522	3670
1522	3724
1522	3800
1522	3804
1522	3806
1522	3807
1522	3809
1522	3812
1522	3847
1522	3856
1522	3887
1522	3903
1522	3922
1522	3937
1522	3956
1522	3971
1522	3976
1522	4011
1522	4012
1522	4072
1522	4110
1522	4138
1522	4179
1522	4234
1522	4247
1522	4256
1522	4263
1522	4400
1522	4424
1522	4453
1522	4463
1522	4510
1522	4588
1522	4735
1522	5288
1522	5301
1522	5321
1522	5925
1522	5928
1522	6327
1522	6462
1524	1692
1524	3473
1524	5321
1524	5683
1523	1524
1527	960
1525	298
1525	579
1525	665
1525	763
1525	904
1525	960
1525	1000
1525	1103
1525	1199
1525	1248
1525	1253
1525	1261
1525	1279
1525	1322
1525	1428
1525	1442
1525	1487
1525	1489
1525	1514
1525	1520
1525	1628
1525	1633
1525	1649
1525	1652
1525	1654
1525	1669
1525	1717
1525	1780
1525	1788
1525	1791
1525	1793
1525	1798
1525	1802
1525	1811
1525	3136
1526	904
1526	960
1526	1279
1526	1411
1528	1531
1538	15
1538	298
1538	372
1538	415
1538	506
1538	559
1538	691
1538	904
1538	928
1538	937
1538	1000
1538	1103
1538	1124
1538	1165
1538	1199
1538	1201
1538	1236
1538	1248
1538	1253
1538	1297
1538	1319
1538	1322
1538	1428
1538	1482
1538	1487
1538	1489
1538	1492
1538	1496
1538	1514
1538	1534
1538	1555
1538	1564
1538	1610
1538	1618
1538	1622
1538	1697
1538	1700
1538	1701
1538	1726
1538	1732
1538	1734
1538	1746
1538	1747
1538	1752
1538	1768
1538	1774
1538	1802
1538	1805
1538	1811
1538	1816
1538	1836
1538	1855
1538	1858
1538	1893
1538	1918
1538	1935
1538	1953
1538	1969
1538	1973
1538	2066
1538	2120
1538	2256
1538	2410
1538	2411
1538	2510
1538	2535
1538	2594
1538	2618
1538	2643
1538	2653
1538	2665
1538	2774
1538	2877
1538	3005
1538	3155
1538	3260
1538	3580
1538	3755
1538	4021
1538	4037
1538	8290
1534	230
1534	1538
1535	1538
1535	1604
1536	1538
1537	56
1537	737
1537	762
1537	856
1537	1151
1537	1164
1537	1211
1537	1234
1537	1291
1537	1357
1537	1407
1537	1492
1537	1514
1537	1538
1537	1549
1537	1622
1537	1729
1537	1734
1537	1754
1537	1808
1537	1814
1537	1816
1537	1919
1537	1966
1537	1969
1537	2066
1537	2145
1537	2174
1537	2240
1537	2256
1537	2289
1537	2508
1537	2560
1537	2593
1537	2625
1537	2655
1537	2693
1537	2707
1537	2713
1537	2746
1537	2790
1537	2871
1537	2963
1537	3005
1537	3024
1537	3027
1537	3033
1537	3140
1537	3260
1537	3276
1537	3334
1537	3433
1537	3439
1537	3454
1537	3568
1537	3812
1537	3897
1537	3956
1537	4011
1537	4021
1537	4335
1537	4528
1537	4536
1537	4551
1537	4578
1537	4735
1537	5226
1537	5412
1539	771
1539	6560
1539	7673
1539	7855
1539	7912
1540	771
1541	771
1543	771
1545	771
1546	771
1542	15
1542	332
1542	722
1542	737
1542	762
1542	771
1542	859
1542	873
1542	959
1542	967
1542	993
1542	1035
1542	1103
1542	1111
1542	1159
1542	1185
1542	1234
1542	1319
1542	1353
1542	1385
1542	1473
1542	1492
1542	1549
1542	1565
1542	1608
1542	1628
1542	1648
1542	1700
1542	1783
1542	1798
1542	1799
1542	1823
1542	1833
1542	1836
1542	1842
1542	1855
1542	1859
1542	1893
1542	1919
1542	1920
1542	1972
1542	1997
1542	2071
1542	2129
1542	2193
1542	2240
1542	2276
1542	2333
1542	2348
1542	2354
1542	2364
1542	2384
1542	2385
1542	2423
1542	2507
1542	2516
1542	2595
1542	2646
1542	2654
1542	2658
1542	2689
1542	2746
1542	2822
1542	2871
1542	2909
1542	2940
1542	2973
1542	3007
1542	3014
1542	3015
1542	3026
1542	3027
1542	3089
1542	3092
1542	3238
1542	3291
1542	3293
1542	3310
1542	3321
1542	3334
1542	3381
1542	3417
1542	3443
1542	3456
1542	3460
1542	3463
1542	3498
1542	3537
1542	3554
1542	3586
1542	3634
1542	3645
1542	3776
1542	3803
1542	3809
1542	3873
1542	3892
1542	3897
1542	3910
1542	3967
1542	3976
1542	4011
1542	4012
1542	4037
1542	4043
1542	4124
1542	4127
1542	4191
1542	4233
1542	4247
1542	4297
1542	4310
1542	4338
1542	4422
1542	4448
1542	4483
1542	4485
1542	4527
1542	4534
1542	4547
1542	4578
1542	4587
1542	4613
1542	4645
1542	4646
1542	4661
1542	4666
1542	4712
1542	4715
1542	4717
1542	4748
1542	4781
1542	4828
1542	4846
1542	4899
1542	4981
1542	4994
1542	5002
1542	5061
1542	5072
1542	5079
1542	5092
1542	5103
1542	5115
1542	5123
1542	5140
1542	5144
1542	5155
1542	5178
1542	5200
1542	5226
1542	5239
1542	5262
1542	5301
1542	5308
1542	5323
1542	5327
1542	5335
1542	5341
1542	5404
1542	5415
1542	5437
1542	5479
1542	5482
1542	5511
1542	5524
1542	5527
1542	5543
1542	5545
1542	5563
1542	5624
1542	5697
1542	5714
1542	5739
1542	5743
1542	5760
1542	5780
1542	5798
1542	5799
1542	5800
1542	5850
1542	5886
1542	5891
1542	5925
1542	5928
1542	5933
1542	5947
1542	6009
1542	6029
1542	6059
1542	6083
1542	6096
1542	6097
1542	6098
1542	6123
1542	6124
1542	6166
1542	6227
1542	6229
1542	6241
1542	6243
1542	6246
1542	6261
1542	6328
1542	6417
1542	6447
1542	6481
1542	6496
1542	6505
1542	6528
1542	6555
1542	6570
1542	6576
1542	6589
1542	6594
1542	6595
1542	6624
1542	6634
1542	6832
1542	6914
1542	6955
1542	7012
1542	7021
1542	7052
1542	7074
1542	7115
1542	7279
1542	7301
1542	7381
1542	7414
1542	7449
1542	7478
1542	7649
1542	7662
1542	7691
1542	7757
1542	7763
1542	7795
1542	7809
1542	7855
1542	7862
1542	7927
1542	7946
1542	8290
1552	15
1552	56
1552	285
1552	407
1552	417
1552	761
1552	935
1552	968
1552	993
1552	1012
1552	1014
1552	1049
1552	1239
1552	1284
1552	1285
1552	1291
1552	1297
1552	1411
1552	1482
1552	1489
1552	1497
1552	1534
1552	1549
1552	1566
1552	1628
1552	1633
1552	1646
1552	1700
1552	1707
1552	1717
1552	1734
1552	1783
1552	1788
1552	1808
1552	1836
1552	1842
1552	1849
1552	1858
1552	1880
1552	1893
1552	1908
1552	1956
1552	1973
1552	1991
1552	2066
1552	2073
1552	2106
1552	2114
1552	2116
1552	2134
1552	2151
1552	2157
1552	2195
1552	2323
1552	2354
1552	2504
1552	2508
1552	2535
1552	2576
1552	2579
1552	2593
1552	2594
1552	2604
1552	2617
1552	2625
1552	2651
1552	2775
1552	2834
1552	3014
1552	3130
1552	3324
1552	3607
1552	3631
1552	4024
1552	4037
1552	4254
1552	4266
1552	4335
1552	4735
1552	4846
1552	5412
1553	56
1553	1154
1553	1428
1553	1482
1553	1497
1553	1514
1553	1525
1553	1600
1553	1608
1553	1680
1553	1758
1553	1780
1553	1788
1553	1816
1553	1956
1553	2323
1553	2504
1553	2781
1553	2825
1553	3568
1547	722
1547	887
1547	913
1547	968
1547	993
1547	1097
1547	1374
1547	1482
1547	1492
1547	1497
1547	1549
1547	1573
1547	1593
1547	1956
1547	1966
1547	2066
1547	2117
1547	2475
1547	2593
1547	2607
1547	2625
1547	2629
1547	2651
1547	2669
1547	2768
1547	2805
1547	3253
1547	8290
1548	1497
1548	4875
1548	5254
1548	6555
1549	15
1549	56
1549	64
1549	171
1549	204
1549	214
1549	290
1549	298
1549	332
1549	350
1549	407
1549	417
1549	465
1549	506
1549	525
1549	579
1549	633
1549	722
1549	737
1549	761
1549	762
1549	763
1549	764
1549	765
1549	825
1549	840
1549	856
1549	859
1549	887
1549	896
1549	904
1549	908
1549	935
1549	937
1549	946
1549	947
1549	959
1549	974
1549	975
1549	993
1549	1000
1549	1018
1549	1031
1549	1034
1549	1035
1549	1049
1549	1061
1549	1097
1549	1100
1549	1103
1549	1111
1549	1137
1549	1140
1549	1151
1549	1154
1549	1157
1549	1164
1549	1165
1549	1166
1549	1186
1549	1199
1549	1201
1549	1211
1549	1230
1549	1243
1549	1247
1549	1248
1549	1261
1549	1267
1549	1279
1549	1284
1549	1285
1549	1291
1549	1297
1549	1307
1549	1315
1549	1319
1549	1322
1549	1352
1549	1353
1549	1357
1549	1360
1549	1374
1549	1378
1549	1385
1549	1390
1549	1407
1549	1411
1549	1416
1549	1419
1549	1428
1549	1441
1549	1453
1549	1471
1549	1473
1549	1482
1549	1487
1549	1489
1549	1492
1549	1496
1549	1497
1549	1501
1549	1510
1549	1514
1549	1521
1549	1534
1549	1547
1549	1555
1549	1565
1549	1566
1549	1571
1549	1580
1549	1583
1549	1585
1549	1592
1549	1597
1549	1603
1549	1608
1549	1613
1549	1618
1549	1619
1549	1621
1549	1622
1549	1628
1549	1633
1549	1641
1549	1646
1549	1648
1549	1653
1549	1658
1549	1661
1549	1672
1549	1678
1549	1679
1549	1680
1549	1688
1549	1697
1549	1700
1549	1701
1549	1705
1549	1706
1549	1714
1549	1716
1549	1717
1549	1723
1549	1726
1549	1729
1549	1730
1549	1732
1549	1733
1549	1734
1549	1744
1549	1746
1549	1747
1549	1749
1549	1754
1549	1757
1549	1768
1549	1772
1549	1774
1549	1777
1549	1780
1549	1781
1549	1783
1549	1787
1549	1792
1549	1793
1549	1798
1549	1799
1549	1802
1549	1805
1549	1808
1549	1814
1549	1816
1549	1819
1549	1836
1549	1842
1549	1847
1549	1849
1549	1857
1549	1858
1549	1859
1549	1880
1549	1888
1549	1893
1549	1903
1549	1908
1549	1918
1549	1919
1549	1927
1549	1953
1549	1956
1549	1963
1549	1964
1549	1965
1549	1966
1549	1969
1549	1973
1549	1977
1549	1979
1549	1982
1549	1984
1549	1985
1549	1987
1549	1990
1549	1992
1549	1997
1549	2001
1549	2007
1549	2016
1549	2062
1549	2066
1549	2071
1549	2072
1549	2073
1549	2076
1549	2085
1549	2091
1549	2097
1549	2102
1549	2114
1549	2116
1549	2117
1549	2120
1549	2128
1549	2134
1549	2135
1549	2144
1549	2145
1549	2151
1549	2157
1549	2165
1549	2168
1549	2174
1549	2178
1549	2181
1549	2193
1549	2209
1549	2211
1549	2225
1549	2231
1549	2233
1549	2237
1549	2240
1549	2241
1549	2242
1549	2251
1549	2252
1549	2256
1549	2257
1549	2258
1549	2264
1549	2273
1549	2276
1549	2277
1549	2281
1549	2285
1549	2290
1549	2294
1549	2297
1549	2307
1549	2322
1549	2323
1549	2324
1549	2326
1549	2328
1549	2329
1549	2333
1549	2338
1549	2339
1549	2341
1549	2348
1549	2350
1549	2354
1549	2356
1549	2366
1549	2371
1549	2375
1549	2384
1549	2385
1549	2397
1549	2398
1549	2400
1549	2410
1549	2411
1549	2435
1549	2440
1549	2456
1549	2470
1549	2474
1549	2475
1549	2485
1549	2504
1549	2506
1549	2507
1549	2508
1549	2510
1549	2516
1549	2542
1549	2544
1549	2547
1549	2550
1549	2560
1549	2565
1549	2571
1549	2575
1549	2576
1549	2579
1549	2580
1549	2585
1549	2587
1549	2589
1549	2593
1549	2594
1549	2597
1549	2599
1549	2604
1549	2605
1549	2607
1549	2618
1549	2619
1549	2623
1549	2625
1549	2629
1549	2643
1549	2650
1549	2651
1549	2653
1549	2654
1549	2655
1549	2657
1549	2660
1549	2662
1549	2665
1549	2667
1549	2669
1549	2670
1549	2685
1549	2686
1549	2687
1549	2693
1549	2697
1549	2700
1549	2707
1549	2713
1549	2721
1549	2727
1549	2746
1549	2747
1549	2754
1549	2760
1549	2763
1549	2765
1549	2774
1549	2785
1549	2787
1549	2790
1549	2794
1549	2809
1549	2814
1549	2815
1549	2819
1549	2828
1549	2830
1549	2859
1549	2871
1549	2880
1549	2900
1549	2918
1549	2922
1549	2932
1549	2946
1549	2951
1549	2955
1549	2958
1549	2963
1549	2966
1549	2968
1549	2972
1549	2973
1549	2977
1549	2981
1549	2999
1549	3005
1549	3007
1549	3009
1549	3010
1549	3024
1549	3026
1549	3027
1549	3028
1549	3029
1549	3030
1549	3033
1549	3034
1549	3059
1549	3080
1549	3084
1549	3089
1549	3103
1549	3104
1549	3117
1549	3130
1549	3136
1549	3138
1549	3140
1549	3144
1549	3148
1549	3150
1549	3164
1549	3192
1549	3251
1549	3253
1549	3258
1549	3260
1549	3265
1549	3274
1549	3307
1549	3334
1549	3338
1549	3351
1549	3352
1549	3393
1549	3394
1549	3404
1549	3408
1549	3439
1549	3443
1549	3453
1549	3454
1549	3456
1549	3459
1549	3463
1549	3473
1549	3480
1549	3489
1549	3498
1549	3529
1549	3537
1549	3541
1549	3562
1549	3568
1549	3580
1549	3587
1549	3615
1549	3631
1549	3634
1549	3643
1549	3650
1549	3661
1549	3680
1549	3691
1549	3720
1549	3745
1549	3755
1549	3787
1549	3796
1549	3800
1549	3803
1549	3804
1549	3807
1549	3812
1549	3813
1549	3835
1549	3842
1549	3847
1549	3880
1549	3892
1549	3897
1549	3903
1549	3912
1549	3926
1549	3939
1549	3970
1549	4009
1549	4011
1549	4013
1549	4021
1549	4037
1549	4041
1549	4055
1549	4099
1549	4103
1549	4117
1549	4162
1549	4179
1549	4189
1549	4191
1549	4211
1549	4247
1549	4256
1549	4261
1549	4263
1549	4266
1549	4272
1549	4276
1549	4289
1549	4290
1549	4299
1549	4303
1549	4310
1549	4323
1549	4335
1549	4338
1549	4349
1549	4400
1549	4448
1549	4463
1549	4468
1549	4527
1549	4528
1549	4530
1549	4536
1549	4574
1549	4578
1549	4587
1549	4600
1549	4632
1549	4646
1549	4653
1549	4661
1549	4666
1549	4712
1549	4719
1549	4776
1549	4797
1549	4811
1549	4875
1549	5020
1549	5061
1549	5073
1549	5100
1549	5123
1549	5155
1549	5200
1549	5215
1549	5254
1549	5285
1549	5288
1549	5305
1549	5312
1549	5341
1549	5384
1549	5412
1549	5430
1549	5445
1549	5449
1549	5452
1549	5454
1549	5459
1549	5482
1549	5484
1549	5524
1549	5563
1549	5637
1549	5683
1549	5693
1549	5697
1549	5714
1549	5721
1549	5732
1549	5775
1549	5776
1549	5817
1549	5822
1549	5844
1549	5872
1549	5897
1549	5947
1549	6097
1549	6123
1549	6299
1549	6442
1549	6624
1549	6634
1549	6774
1549	6790
1549	6832
1549	6897
1549	6979
1549	7115
1549	7168
1549	7185
1549	7237
1549	7478
1549	7510
1549	8293
1550	608
1550	1031
1550	1157
1550	1385
1550	1497
1550	1549
1550	1596
1550	1729
1550	1990
1550	2129
1550	2289
1550	2328
1550	2516
1550	2612
1550	2871
1550	3007
1550	3117
1550	3180
1550	3192
1550	3352
1550	3394
1550	3439
1550	3443
1550	3568
1550	3650
1550	3660
1550	3661
1550	3800
1550	3812
1550	3903
1550	3958
1550	4021
1550	4191
1550	4256
1550	4290
1550	4323
1550	4349
1550	4365
1550	4373
1550	4384
1550	4424
1550	4613
1551	1497
1555	204
1555	350
1555	407
1555	415
1555	506
1555	579
1555	813
1555	887
1555	904
1555	913
1555	937
1555	948
1555	993
1555	1034
1555	1097
1555	1164
1555	1165
1555	1230
1555	1234
1555	1236
1555	1261
1555	1297
1555	1319
1555	1428
1555	1482
1555	1487
1555	1489
1555	1492
1555	1496
1555	1514
1555	1556
1555	1557
1555	1563
1555	1587
1555	1597
1555	1608
1555	1622
1555	1629
1555	1633
1555	1636
1555	1641
1555	1658
1555	1672
1555	1679
1555	1689
1555	1692
1555	1697
1555	1700
1555	1701
1555	1718
1555	1768
1555	1774
1555	1780
1555	1802
1555	1805
1555	1816
1555	1842
1555	1847
1555	1861
1555	1864
1555	1893
1555	1901
1555	1903
1555	1908
1555	1966
1555	1969
1555	1973
1555	2066
1555	2117
1555	2206
1555	2264
1555	2490
1555	2604
1555	2625
1555	2665
1555	2809
1555	3136
1555	8290
1555	8292
1554	1556
1554	1563
1554	4310
1554	4875
1554	5543
1554	6094
1558	1563
1559	1563
1560	1049
1560	1563
1560	3933
1565	813
1565	993
1565	1211
1565	1749
1565	1798
1565	2329
1565	2385
1565	7862
1566	741
1566	761
1566	813
1566	937
1566	993
1566	1097
1566	1315
1566	1378
1566	1453
1566	1628
1566	1705
1566	1734
1566	1847
1566	1855
1566	1903
1566	1908
1566	2071
1566	2073
1566	2079
1566	2117
1566	2246
1566	2328
1566	2371
1566	2485
1566	2560
1566	2580
1566	2593
1566	2638
1566	2653
1566	2665
1566	2685
1566	2696
1566	2801
1566	2877
1566	2946
1566	3026
1566	3033
1566	3059
1566	3173
1566	3192
1566	3537
1566	3748
1566	3854
1566	4256
1566	5026
1566	8290
1568	1277
1569	1718
1569	1793
1569	3136
1570	1569
1570	2385
1570	3136
1570	3164
1572	1569
1572	1581
1574	1537
1575	1537
1576	8288
1578	1580
1579	1580
1581	8292
1010	314
1010	948
1010	3148
1010	6029
1010	6417
1010	7400
1582	314
1582	993
1582	1199
1582	1211
1582	1253
1582	1279
1582	1428
1582	1521
1582	1654
1582	1679
1582	1718
1582	1752
1582	1774
1583	290
1583	314
1583	465
1583	762
1583	764
1583	993
1583	1097
1583	1111
1583	1154
1583	1166
1583	1211
1583	1236
1583	1374
1583	1411
1583	1428
1583	1437
1583	1482
1583	1492
1583	1542
1583	1549
1583	1600
1583	1604
1583	1608
1583	1619
1583	1621
1583	1633
1583	1637
1583	1706
1583	1754
1583	1757
1583	1787
1583	1842
1583	1919
1583	1956
1583	1965
1583	1987
1583	2053
1583	2073
1583	2117
1583	2174
1583	2202
1583	2225
1583	2231
1583	2241
1583	2256
1583	2273
1583	2297
1583	2323
1583	2470
1583	2474
1583	2550
1583	2560
1583	2565
1583	2594
1583	2599
1583	2618
1583	2625
1583	2643
1583	2654
1583	2660
1583	2665
1583	2669
1583	2670
1583	2697
1583	2700
1583	2707
1583	2721
1583	2754
1583	2763
1583	2785
1583	2794
1583	2828
1583	2830
1583	2880
1583	2900
1583	2955
1583	2968
1583	2991
1583	3034
1583	3130
1583	3145
1583	3251
1583	3253
1583	3265
1583	3351
1583	3489
1583	3650
1587	171
1587	1248
1587	1585
1587	1718
1587	8294
1584	1587
1585	204
1585	214
1585	290
1585	415
1585	425
1585	762
1585	908
1585	913
1585	935
1585	959
1585	1031
1585	1035
1585	1097
1585	1151
1585	1164
1585	1165
1585	1211
1585	1243
1585	1248
1585	1279
1585	1284
1585	1297
1585	1378
1585	1384
1585	1482
1585	1492
1585	1520
1585	1547
1585	1564
1585	1587
1585	1618
1585	1622
1585	1641
1585	1646
1585	1654
1585	1661
1585	1672
1585	1679
1585	1697
1585	1700
1585	1723
1585	1726
1585	1754
1585	1772
1585	1787
1585	1811
1585	1836
1585	1847
1585	1855
1585	1857
1585	1858
1585	1888
1585	1903
1585	1966
1585	1969
1585	1973
1585	1979
1585	2053
1585	2066
1585	2076
1585	2079
1585	2091
1585	2114
1585	2117
1585	2145
1585	2193
1585	2210
1585	2252
1585	2329
1585	2356
1585	2371
1585	2385
1585	2397
1585	2398
1585	2400
1585	2410
1585	2411
1585	2433
1585	2508
1585	2542
1585	2560
1585	2604
1585	2763
1585	2830
1585	2838
1585	2859
1585	2877
1585	2880
1585	3005
1585	3136
1585	3200
1585	3348
1585	3473
1585	3520
1585	3580
1585	3615
1585	3807
1585	4138
1585	4179
1585	4269
1585	8291
1585	8297
1588	948
1589	861
1589	913
1589	948
1589	1201
1589	1236
1589	1261
1589	1428
1589	1596
1589	1600
1589	1603
1589	1612
1589	1638
1589	1679
1590	1593
1591	1593
1592	425
1592	993
1592	1186
1592	1384
1592	1416
1592	1489
1592	1593
1592	1792
1592	1837
1592	2073
1592	2109
1592	2157
1592	2165
1592	2174
1592	2470
1592	2501
1592	2625
1592	2654
1592	2794
1592	2856
1592	2963
1592	3034
1592	3089
1592	3117
1592	3140
1592	3164
1592	3516
1592	4179
1592	4953
1592	5055
1594	171
1594	285
1594	298
1594	372
1594	559
1594	575
1594	579
1594	762
1594	763
1594	825
1594	887
1594	904
1594	913
1594	935
1594	937
1594	975
1594	993
1594	1034
1594	1103
1594	1124
1594	1164
1594	1168
1594	1211
1594	1230
1594	1236
1594	1248
1594	1253
1594	1279
1594	1297
1594	1319
1594	1374
1594	1428
1594	1442
1594	1471
1594	1482
1594	1487
1594	1489
1594	1496
1594	1514
1594	1534
1594	1549
1594	1555
1594	1566
1594	1585
1594	1595
1594	1610
1594	1619
1594	1622
1594	1628
1594	1629
1594	1638
1594	1641
1594	1649
1594	1652
1594	1654
1594	1658
1594	1661
1594	1662
1594	1669
1594	1689
1594	1692
1594	1697
1594	1701
1594	1707
1594	1714
1594	1717
1594	1718
1594	1726
1594	1732
1594	1746
1594	1747
1594	1752
1594	1758
1594	1770
1594	1774
1594	1783
1594	1788
1594	1791
1594	1802
1594	1836
1594	1855
1594	1858
1594	1859
1594	1880
1594	1888
1594	1893
1594	1901
1594	1903
1594	1919
1594	1963
1594	1966
1594	1969
1594	1977
1594	1979
1594	2062
1594	2066
1594	2097
1594	2135
1594	2174
1594	2193
1594	2375
1594	2485
1594	2504
1594	2794
1594	2922
1594	2968
1594	2972
1594	3117
1594	3136
1594	3192
1594	3253
1594	4179
1594	4480
1594	8290
1596	633
1596	1199
1596	1201
1596	1319
1596	1550
1596	1597
1596	1633
1596	1772
1596	2117
1596	2120
1596	2325
1596	2328
1596	2474
1596	2485
1596	2565
1596	2625
1596	2693
1596	2958
1596	3117
1596	3265
1596	3276
1596	3284
1596	3352
1596	3562
1596	3842
1596	4012
1596	4043
1596	4055
1596	4256
1599	1489
1599	1600
1599	1774
1603	15
1603	1018
1603	1243
1603	1835
1603	2240
1603	2332
1603	2435
1603	2571
1603	2579
1603	3479
1603	5233
1603	5254
1603	6334
1603	6400
1603	6407
1603	6422
1571	56
1571	975
1571	1031
1571	1035
1571	1200
1571	1279
1571	1297
1571	1357
1571	1482
1571	1510
1571	1514
1571	1585
1571	1603
1571	1621
1571	1638
1571	1652
1571	1661
1571	1956
1571	1992
1571	2066
1571	2071
1571	2348
1571	3136
1571	3473
1601	861
1601	1428
1601	1603
1601	5714
1602	1603
1604	1253
1604	1603
1604	2917
1604	3136
1605	559
1605	691
1605	1168
1605	1199
1605	1253
1605	1442
1605	1520
1605	1525
1605	1654
1605	1657
1606	861
1606	1927
1606	3291
1607	861
1607	1661
1608	15
1608	214
1608	230
1608	285
1608	290
1608	298
1608	332
1608	350
1608	403
1608	407
1608	415
1608	506
1608	559
1608	575
1608	587
1608	633
1608	665
1608	737
1608	761
1608	762
1608	763
1608	765
1608	836
1608	859
1608	887
1608	904
1608	908
1608	913
1608	937
1608	947
1608	959
1608	968
1608	975
1608	993
1608	1000
1608	1031
1608	1034
1608	1035
1608	1049
1608	1061
1608	1097
1608	1103
1608	1111
1608	1124
1608	1137
1608	1140
1608	1151
1608	1165
1608	1168
1608	1186
1608	1199
1608	1201
1608	1211
1608	1230
1608	1243
1608	1248
1608	1250
1608	1253
1608	1261
1608	1267
1608	1279
1608	1284
1608	1291
1608	1297
1608	1307
1608	1319
1608	1322
1608	1353
1608	1357
1608	1374
1608	1378
1608	1384
1608	1390
1608	1393
1608	1407
1608	1416
1608	1419
1608	1428
1608	1442
1608	1444
1608	1453
1608	1471
1608	1482
1608	1489
1608	1492
1608	1514
1608	1520
1608	1521
1608	1525
1608	1534
1608	1542
1608	1549
1608	1565
1608	1566
1608	1583
1608	1585
1608	1592
1608	1604
1608	1610
1608	1612
1608	1613
1608	1619
1608	1621
1608	1622
1608	1628
1608	1629
1608	1633
1608	1641
1608	1648
1608	1649
1608	1654
1608	1662
1608	1669
1608	1672
1608	1678
1608	1687
1608	1689
1608	1692
1608	1700
1608	1701
1608	1707
1608	1714
1608	1717
1608	1718
1608	1723
1608	1730
1608	1732
1608	1734
1608	1746
1608	1747
1608	1749
1608	1752
1608	1754
1608	1757
1608	1758
1608	1772
1608	1781
1608	1787
1608	1788
1608	1791
1608	1792
1608	1798
1608	1802
1608	1808
1608	1811
1608	1814
1608	1816
1608	1835
1608	1842
1608	1847
1608	1848
1608	1855
1608	1857
1608	1858
1608	1888
1608	1893
1608	1901
1608	1903
1608	1908
1608	1918
1608	1919
1608	1927
1608	1956
1608	1963
1608	1964
1608	1965
1608	1969
1608	1973
1608	1977
1608	1979
1608	1983
1608	1985
1608	1987
1608	1991
1608	1992
1608	1997
1608	2004
1608	2060
1608	2066
1608	2071
1608	2072
1608	2073
1608	2076
1608	2079
1608	2083
1608	2091
1608	2097
1608	2101
1608	2109
1608	2116
1608	2117
1608	2119
1608	2120
1608	2121
1608	2128
1608	2135
1608	2137
1608	2145
1608	2157
1608	2160
1608	2163
1608	2165
1608	2168
1608	2174
1608	2178
1608	2181
1608	2193
1608	2195
1608	2205
1608	2210
1608	2225
1608	2231
1608	2240
1608	2242
1608	2246
1608	2251
1608	2253
1608	2256
1608	2264
1608	2273
1608	2285
1608	2290
1608	2297
1608	2322
1608	2323
1608	2325
1608	2328
1608	2329
1608	2333
1608	2339
1608	2341
1608	2345
1608	2348
1608	2350
1608	2354
1608	2356
1608	2371
1608	2385
1608	2397
1608	2398
1608	2400
1608	2411
1608	2435
1608	2475
1608	2504
1608	2508
1608	2517
1608	2550
1608	2560
1608	2565
1608	2576
1608	2579
1608	2580
1608	2585
1608	2587
1608	2593
1608	2594
1608	2604
1608	2617
1608	2625
1608	2643
1608	2653
1608	2654
1608	2662
1608	2669
1608	2685
1608	2697
1608	2707
1608	2721
1608	2747
1608	2754
1608	2763
1608	2794
1608	2805
1608	2814
1608	2815
1608	2828
1608	2830
1608	2834
1608	2856
1608	2871
1608	2951
1608	2972
1608	2981
1608	2996
1608	2999
1608	3021
1608	3029
1608	3030
1608	3034
1608	3089
1608	3099
1608	3117
1608	3136
1608	3150
1608	3180
1608	3192
1608	3251
1608	3253
1608	3260
1608	3265
1608	3307
1608	3338
1608	3351
1608	3352
1608	3371
1608	3394
1608	3435
1608	3459
1608	3520
1608	3547
1608	3562
1608	3646
1608	3796
1608	3804
1608	3812
1608	3813
1608	3843
1608	3871
1608	3887
1608	3926
1608	3946
1608	4011
1608	4021
1608	4037
1608	4065
1608	4162
1608	4234
1608	4247
1608	4256
1608	4290
1608	4338
1608	4361
1608	4365
1608	4384
1608	4530
1608	4531
1608	4604
1608	4712
1608	4795
1608	5083
1608	5100
1608	5288
1608	5335
1608	5545
1608	5714
1608	5822
1608	5897
1608	6246
1608	6770
1608	6774
1608	7882
1608	8291
1608	8293
1608	8294
1609	1201
1610	1201
1610	1211
1610	1236
1610	1253
1610	1297
1610	1428
1610	1496
1610	1555
1610	1641
1610	1726
1610	1747
1610	1903
1611	1596
1612	1211
1612	1982
1612	2565
1612	3346
1612	4134
1612	4507
1612	4666
1612	4713
1612	5012
1612	5210
1612	5246
1612	5378
1612	5384
1612	5582
1612	5772
1612	5811
1612	5814
1612	5932
1612	5969
1612	5998
1612	6097
1612	6270
1612	6347
1612	6414
1612	6555
1612	6560
1612	6624
1612	6634
1612	6780
1612	6783
1612	6832
1612	6833
1612	6901
1612	6918
1612	6934
1612	6946
1612	6993
1612	7040
1612	7042
1612	7052
1612	7074
1612	7094
1612	7162
1612	7262
1612	7277
1612	7280
1612	7306
1612	7517
1612	7544
1612	7726
1612	7763
1612	7788
1612	7791
1612	7803
1612	7810
1612	8037
1612	8042
1612	8044
1612	8050
1612	8134
1612	8149
1612	8198
1612	8212
1612	8219
1612	8224
1612	8235
1612	8237
1612	8249
1613	763
1613	1236
1613	1496
1613	1520
1613	1610
1613	1903
1613	2223
1613	2790
1613	2940
1613	3443
1613	4103
1613	4798
1613	7839
1613	8148
1613	8290
1614	15
1614	204
1614	214
1614	372
1614	579
1614	665
1614	762
1614	763
1614	836
1614	993
1614	1000
1614	1211
1614	1236
1614	1267
1614	1279
1614	1322
1614	1357
1614	1374
1614	1442
1614	1514
1614	1525
1614	1549
1614	1583
1614	1592
1614	1621
1614	1622
1614	1628
1614	1669
1614	1717
1614	1734
1614	1774
1614	1780
1614	1787
1614	1802
1614	1805
1614	1811
1614	1814
1614	1842
1614	1848
1614	1857
1614	1859
1614	1893
1614	1903
1614	1919
1614	1987
1614	1992
1614	2071
1614	2205
1614	2225
1614	2256
1614	2297
1614	2328
1614	2348
1614	2410
1614	2456
1614	2547
1614	2625
1614	2654
1614	2760
1614	2777
1614	2856
1614	3034
1614	3136
1614	3253
1614	3680
1614	4037
1614	4335
1614	4600
1614	4706
1614	4735
1614	5022
1614	5341
1614	5848
1615	56
1615	64
1615	171
1615	230
1615	285
1615	290
1615	298
1615	372
1615	407
1615	415
1615	506
1615	559
1615	575
1615	579
1615	665
1615	761
1615	763
1615	887
1615	908
1615	913
1615	928
1615	935
1615	937
1615	946
1615	993
1615	1000
1615	1034
1615	1103
1615	1124
1615	1137
1615	1151
1615	1164
1615	1168
1615	1199
1615	1200
1615	1211
1615	1230
1615	1248
1615	1253
1615	1279
1615	1285
1615	1297
1615	1319
1615	1322
1615	1407
1615	1411
1615	1428
1615	1442
1615	1471
1615	1482
1615	1487
1615	1489
1615	1496
1615	1501
1615	1514
1615	1520
1615	1525
1615	1534
1615	1549
1615	1550
1615	1555
1615	1566
1615	1585
1615	1618
1615	1619
1615	1622
1615	1628
1615	1633
1615	1636
1615	1638
1615	1641
1615	1648
1615	1649
1615	1652
1615	1654
1615	1657
1615	1658
1615	1661
1615	1662
1615	1669
1615	1672
1615	1679
1615	1680
1615	1689
1615	1697
1615	1707
1615	1716
1615	1717
1615	1726
1615	1730
1615	1732
1615	1746
1615	1747
1615	1752
1615	1757
1615	1758
1615	1768
1615	1770
1615	1772
1615	1774
1615	1780
1615	1787
1615	1788
1615	1791
1615	1798
1615	1802
1615	1805
1615	1811
1615	1816
1615	1849
1615	1855
1615	1857
1615	1858
1615	1859
1615	1864
1615	1880
1615	1893
1615	1901
1615	1903
1615	1908
1615	1920
1615	1927
1615	1953
1615	1955
1615	1956
1615	1963
1615	1965
1615	1966
1615	1969
1615	1973
1615	1979
1615	1983
1615	1984
1615	1987
1615	1991
1615	2007
1615	2055
1615	2066
1615	2069
1615	2073
1615	2079
1615	2083
1615	2095
1615	2097
1615	2101
1615	2106
1615	2109
1615	2112
1615	2114
1615	2119
1615	2121
1615	2137
1615	2151
1615	2163
1615	2165
1615	2168
1615	2174
1615	2178
1615	2181
1615	2350
1615	3136
1615	8290
1616	928
1617	1618
1530	72
1530	1428
1530	1566
1530	1835
1530	1859
1530	4632
1530	5226
1530	5459
1530	5828
1530	8141
1530	8178
1619	1297
1619	1428
1619	1487
1619	1726
1620	1428
1621	836
1621	946
1621	947
1621	993
1621	1031
1621	1035
1621	1049
1621	1111
1621	1211
1621	1353
1621	1378
1621	1428
1621	1444
1621	1492
1621	1514
1621	1521
1621	1583
1621	1622
1621	1697
1621	1700
1621	1714
1621	1729
1621	1734
1621	1749
1621	1754
1621	1783
1621	1808
1621	1816
1621	1842
1621	1858
1621	1880
1621	1888
1621	1901
1621	1919
1621	1979
1621	1985
1621	1987
1621	2071
1621	2120
1621	2128
1621	2174
1621	2205
1621	2210
1621	2211
1621	2240
1621	2246
1621	2273
1621	2322
1621	2328
1621	2329
1621	2341
1621	2474
1621	2565
1621	2593
1621	2625
1621	2646
1621	2651
1621	2763
1621	3084
1621	3117
1621	3238
1621	3265
1621	3456
1621	3568
1621	3645
1621	4072
1621	4191
1621	4290
1621	4578
1621	4811
1621	5466
1621	5655
1621	5739
1621	5839
1621	7021
1621	7052
1621	7386
1621	7620
1621	8121
1621	8290
1622	15
1622	415
1622	1034
1622	1279
1622	1297
1622	1357
1622	1428
1622	1482
1622	1487
1622	1492
1622	1496
1622	1514
1622	1549
1622	1585
1622	1700
1622	1701
1622	1772
1622	1788
1622	1816
1622	1893
1622	1935
1622	1953
1622	1966
1622	1973
1622	1992
1622	2285
1622	2328
1622	2378
1622	2474
1622	2506
1622	2508
1622	2565
1622	2594
1622	2727
1622	2746
1622	2830
1622	2859
1622	2923
1622	2958
1622	3005
1622	3068
1622	3117
1622	3136
1622	3265
1622	3580
1622	3680
1622	3792
1622	4578
1622	4795
1622	6327
1623	407
1623	737
1623	761
1623	887
1623	993
1623	1014
1623	1049
1623	1357
1623	1428
1623	1487
1623	1555
1623	1565
1623	1893
1623	1966
1623	2323
1623	2341
1623	2345
1623	2593
1623	2625
1623	2685
1623	2693
1623	2851
1623	2966
1623	3140
1623	3291
1623	3580
1623	3629
1623	3634
1623	3812
1623	4037
1623	4335
1623	4717
1623	4811
1623	5130
1623	5140
1623	5479
1623	5928
1623	6496
1623	8290
1625	1525
1625	2763
1627	1525
1626	1525
1626	3650
1628	1297
1628	1471
1628	1514
1628	1542
1628	1629
1628	1669
1628	1811
1628	1858
1628	1859
1628	2128
1628	2193
1628	8290
1630	1279
1630	1633
1631	904
1631	1165
1631	1168
1631	1610
1631	1633
1631	1758
1632	1471
1632	1633
1632	1661
1634	797
1635	797
1636	2499
1638	1103
1638	1637
1638	1661
1637	1638
1639	935
1639	1186
1639	1284
1639	1378
1639	1473
1639	1592
1639	1621
1639	1637
1639	1638
1639	1783
1639	1858
1639	2016
1639	2071
1639	2079
1639	2091
1639	2095
1639	2237
1639	2241
1639	2485
1639	2651
1639	2686
1639	2775
1639	2955
1639	3291
1639	3371
1639	3417
1639	3631
1639	3680
1639	3792
1639	4748
1639	5072
1639	5083
1639	5162
1639	5189
1639	5335
1639	5693
1641	1035
1641	1489
1642	1489
1643	1489
1644	15
1644	56
1644	230
1644	737
1644	762
1644	1049
1644	1186
1644	1297
1644	1384
1644	1489
1644	1521
1644	1661
1644	1717
1644	1787
1644	1842
1644	1859
1644	1956
1644	1997
1644	2004
1644	2091
1644	2097
1644	2165
1644	2211
1644	2237
1644	2332
1644	2398
1644	2535
1644	2565
1644	2651
1644	2774
1644	2801
1644	3238
1644	3334
1644	3976
1644	4600
1644	5210
1644	5412
1644	5680
1644	5902
1644	6414
1644	6437
1644	6498
1644	6599
1644	6765
1644	6914
1644	7699
1644	7839
1644	8290
1645	1648
1645	5886
1646	1199
1646	1585
1646	1648
1646	2339
1646	2768
1650	887
1651	1652
1653	1654
1653	2814
1655	1520
1656	1520
1661	15
1661	415
1661	974
1661	1026
1661	1211
1661	1297
1661	1305
1661	1754
1661	1808
1661	1859
1661	1953
1661	1966
1661	2066
1661	2069
1661	2102
1661	2151
1661	2210
1661	2328
1661	2398
1661	2433
1661	2490
1661	2535
1661	2565
1661	2658
1661	2912
1661	2923
1661	2940
1661	3144
1661	3145
1661	3253
1661	3276
1661	3408
1661	3443
1661	3447
1661	3456
1661	3548
1661	3635
1661	3645
1661	3962
1661	4037
1661	4191
1661	4269
1661	4323
1661	4402
1661	4453
1661	4482
1661	4580
1661	4687
1661	4791
1661	5022
1661	5092
1661	5148
1661	5215
1661	5605
1661	5651
1661	5811
1661	5817
1661	6218
1661	6296
1661	6323
1661	6600
1661	6855
1661	7092
1661	7497
1661	7924
1661	8293
1658	1661
1658	1697
1658	2053
1658	2297
1658	2787
1658	2838
1658	2877
1658	5055
1658	7871
1659	1661
1660	1661
1662	856
1662	1124
1662	1718
1662	1903
1662	3235
1662	5239
1564	290
1564	764
1564	1353
1564	1390
1564	1496
1564	1555
1564	1622
1564	1679
1564	1687
1564	1700
1564	1701
1564	1772
1564	1783
1564	1805
1564	1893
1564	1953
1564	1969
1564	1992
1564	2151
1564	2178
1564	2398
1564	2594
1564	2618
1564	2713
1564	3030
1564	3755
1564	8290
1663	1564
1664	579
1664	1888
1664	2535
1665	1471
1666	1471
1667	737
1667	1049
1667	1628
1667	1669
1667	1680
1667	1802
1667	1835
1667	1849
1667	1857
1667	1859
1667	2328
1667	2516
1667	2580
1667	2587
1667	2763
1667	3014
1667	3276
1667	3447
1667	3537
1667	3796
1667	3897
1667	4310
1667	4341
1667	4536
1667	4547
1667	5020
1667	5022
1667	5064
1667	5079
1667	5103
1667	5178
1667	5301
1667	5404
1667	5465
1667	5529
1667	5543
1667	5605
1667	5614
1667	5620
1667	5737
1667	5760
1667	5844
1667	5872
1667	6164
1667	6302
1667	6306
1667	6566
1667	6923
1667	7378
1667	7491
1667	7553
1667	7795
1667	8019
1667	8134
1667	8198
1668	1186
1668	1669
1668	1816
1668	2091
1668	2685
1670	913
1670	1124
1670	1374
1670	1390
1670	1646
1670	1847
1670	1956
1670	1997
1670	2117
1670	2120
1670	2145
1670	2165
1670	2240
1670	2294
1670	2763
1670	2787
1670	2797
1670	8290
1671	913
1647	417
1647	1211
1647	1279
1647	1548
1647	2144
1647	2252
1647	2535
1647	3005
1647	3587
1647	3967
1647	4037
1647	4072
1647	4191
1647	4315
1647	4796
1647	5226
1647	5412
1647	6784
1647	7131
1674	72
1674	633
1674	1250
1674	1279
1674	2587
1674	5524
1674	5732
1674	7005
1675	1279
1675	1956
1676	1279
1677	1199
1677	1279
1678	1211
1678	1977
1678	4654
1680	3813
1680	4315
1680	4373
1680	5222
1681	1442
1681	2506
1682	1442
1683	1641
1683	1802
1685	1641
1684	403
1684	1416
1684	1641
1684	1653
1684	2102
1684	2225
1684	2322
1684	2625
1684	2651
1686	1501
1687	1501
1687	2151
1687	3125
1687	3806
1687	4528
1687	4811
1689	1031
1689	1787
1692	372
1692	1514
1692	2877
1690	1692
1690	2877
1691	372
1691	425
1691	967
1691	1049
1691	1191
1691	1416
1691	1492
1691	1566
1691	1622
1691	1692
1691	1723
1691	1769
1691	1836
1691	1842
1691	1908
1691	1919
1691	2117
1691	2323
1691	2328
1691	2593
1691	2657
1691	2754
1691	2775
1691	2871
1691	2909
1691	2922
1691	3000
1691	3033
1691	3150
1691	3309
1691	3338
1691	3352
1691	3489
1691	3562
1691	3807
1691	4043
1691	4247
1691	4435
1691	4981
1691	5100
1691	5178
1691	5254
1691	5463
1691	5714
1691	6151
1691	6555
1691	6914
1691	7115
1691	7862
1691	7871
1693	935
1693	993
1693	1566
1693	1610
1693	2062
1693	2073
1701	15
1701	56
1701	72
1701	214
1701	608
1701	737
1701	1026
1701	1031
1701	1035
1701	1186
1701	1360
1701	1416
1701	1473
1701	1549
1701	1621
1701	1648
1701	1700
1701	1723
1701	1734
1701	1754
1701	1847
1701	1888
1701	1919
1701	1997
1701	2120
1701	2322
1701	2328
1701	2354
1701	2381
1701	2398
1701	2440
1701	2535
1701	2585
1701	2594
1701	2595
1701	2620
1701	2625
1701	2643
1701	2686
1701	2828
1701	2973
1701	2981
1701	3002
1701	3026
1701	3029
1701	3089
1701	3238
1701	3253
1701	3260
1701	3458
1701	3516
1701	3537
1701	3586
1701	3897
1701	4037
1701	4041
1701	4071
1701	4110
1701	4276
1701	4310
1701	4338
1701	4373
1701	4483
1701	4527
1701	4551
1701	4574
1701	4578
1701	4600
1701	4709
1701	4712
1701	4715
1701	4735
1701	4795
1701	4828
1701	4899
1701	5028
1701	5079
1701	5123
1701	5148
1701	5155
1701	5188
1701	5210
1701	5226
1701	5233
1701	5254
1701	5412
1701	5445
1701	5543
1701	5584
1701	5638
1701	5671
1701	5680
1701	5714
1701	5775
1701	5828
1701	6098
1701	6156
1701	6221
1701	6229
1701	6414
1701	6496
1701	6624
1701	6723
1701	6770
1701	6833
1701	6869
1701	7131
1701	7381
1701	7763
1701	7795
1701	7855
1701	7946
1694	1701
1695	1701
1696	56
1696	1622
1696	1701
1696	1893
1697	15
1697	285
1697	608
1697	633
1697	762
1697	873
1697	993
1697	1164
1697	1186
1697	1247
1697	1385
1697	1555
1697	1633
1697	1701
1697	1808
1697	1842
1697	1849
1697	1855
1697	1859
1697	1880
1697	1935
1697	1966
1697	2072
1697	2101
1697	2182
1697	2237
1697	2252
1697	2258
1697	2328
1697	2384
1697	2397
1697	2411
1697	2484
1697	2501
1697	2508
1697	2516
1697	2535
1697	2552
1697	2576
1697	2580
1697	2643
1697	2774
1697	2790
1697	2801
1697	2838
1697	2877
1697	2923
1697	3136
1697	3164
1697	3251
1697	3408
1697	3456
1697	3473
1697	3480
1697	3681
1697	3970
1697	4349
1697	4373
1697	4530
1697	4687
1697	5176
1697	5178
1697	5335
1697	5412
1697	5449
1697	5714
1697	5732
1697	5773
1697	5817
1697	6255
1698	1701
1699	1701
1700	290
1700	415
1700	425
1700	762
1700	778
1700	908
1700	937
1700	978
1700	993
1700	1012
1700	1151
1700	1297
1700	1353
1700	1385
1700	1482
1700	1496
1700	1521
1700	1555
1700	1564
1700	1585
1700	1622
1700	1697
1700	1701
1700	1714
1700	1770
1700	1772
1700	1787
1700	1816
1700	1847
1700	1893
1700	1918
1700	1953
1700	1969
1700	1985
1700	1992
1700	2066
1700	2071
1700	2073
1700	2076
1700	2117
1700	2120
1700	2128
1700	2151
1700	2178
1700	2202
1700	2244
1700	2256
1700	2322
1700	2340
1700	2366
1700	2411
1700	2416
1700	2565
1700	2571
1700	2575
1700	2579
1700	2580
1700	2585
1700	2589
1700	2607
1700	2618
1700	2638
1700	2643
1700	2646
1700	2650
1700	2665
1700	2669
1700	2751
1700	2777
1700	2781
1700	2785
1700	2794
1700	2797
1700	2801
1700	2809
1700	2814
1700	2880
1700	2946
1700	3050
1700	3136
1700	3256
1700	3276
1700	3463
1700	3616
1700	3976
1700	4191
1700	4231
1700	4441
1700	4453
1700	4735
1700	5092
1700	5886
1700	8290
1711	230
1711	1151
1711	1211
1711	1697
1711	1855
1711	1956
1711	2210
1711	2328
1711	3136
1703	230
1704	230
1705	214
1705	230
1705	403
1705	765
1705	946
1705	1297
1705	1419
1705	1542
1705	1565
1705	1566
1705	1596
1705	1707
1705	1723
1705	1808
1705	1888
1705	1919
1705	2071
1705	2102
1705	2120
1705	2241
1705	2251
1705	2256
1705	2264
1705	2322
1705	2323
1705	2375
1705	2547
1705	2560
1705	2599
1705	2707
1705	2721
1705	2805
1705	2814
1705	2815
1705	2828
1705	2834
1705	2902
1705	2922
1705	2946
1705	2955
1705	2963
1705	2968
1705	2972
1705	2993
1705	2999
1705	3029
1705	3033
1706	230
1706	1705
1706	2114
1706	2955
1707	72
1707	230
1707	993
1707	1186
1707	1211
1707	1267
1707	1285
1707	1297
1707	1384
1707	1678
1707	1697
1707	1705
1707	1723
1707	1888
1707	1977
1707	2076
1707	2116
1707	2181
1707	2362
1707	2371
1707	2398
1707	2485
1707	2570
1707	2594
1707	2790
1707	2794
1707	2805
1707	2871
1707	2955
1707	3251
1707	4055
1707	4578
1707	5465
1707	7632
1708	230
1709	230
1709	1031
1709	1297
1709	2409
1709	2643
1709	2794
1710	230
1712	1319
1713	1319
1714	993
1714	1319
1714	2137
1714	2504
1714	5335
1715	1718
1716	372
1716	904
1716	1718
1716	1747
1716	1920
1716	2470
1717	15
1717	56
1717	72
1717	204
1717	214
1717	372
1717	415
1717	665
1717	722
1717	762
1717	935
1717	993
1717	1164
1717	1166
1717	1185
1717	1211
1717	1261
1717	1284
1717	1297
1717	1322
1717	1357
1717	1482
1717	1585
1717	1622
1717	1658
1717	1697
1717	1718
1717	1744
1717	1752
1717	1855
1717	1858
1717	1918
1717	1956
1717	1969
1717	1973
1717	1979
1717	1987
1717	2004
1717	2053
1717	2062
1717	2066
1717	2128
1717	2157
1717	2210
1717	2281
1717	2328
1717	2339
1717	2381
1717	2397
1717	2398
1717	2411
1717	2508
1717	2535
1717	2570
1717	2575
1717	2593
1717	2625
1717	2669
1717	2674
1717	2736
1717	2754
1717	2811
1717	2877
1717	2999
1717	3007
1717	3029
1717	3136
1717	3144
1717	3321
1717	3338
1717	3352
1717	3447
1717	3498
1717	3516
1717	3587
1717	3607
1717	3614
1717	3680
1717	3873
1717	3976
1717	4037
1717	4453
1717	4735
1717	5022
1717	5254
1717	5341
1717	5780
1717	6306
1717	6337
1717	6400
1717	6599
1717	7168
1717	8083
1717	8292
1717	8294
1717	8295
1719	1031
1719	1496
1719	1596
1719	1622
1719	1726
1719	1772
1719	1965
1719	2289
1719	3117
1719	4712
1720	935
1720	1285
1720	1378
1720	1453
1720	1726
1720	1965
1720	2485
1720	5103
1720	5106
1720	5922
1720	5925
1720	6227
1720	6327
1720	7860
1721	1726
1722	737
1722	935
1722	1378
1722	1403
1722	1726
1722	1808
1722	2079
1722	5106
1722	5563
1722	5818
1722	5925
1722	6151
1722	6227
1722	7587
1723	1726
1688	825
1688	935
1688	1285
1688	1378
1688	1453
1688	1723
1688	1726
1688	1965
1688	1966
1688	2485
1688	2653
1688	2871
1688	2955
1688	3144
1688	3192
1688	3537
1688	4162
1688	4179
1688	4827
1688	5106
1688	5798
1688	6227
1688	6496
1688	6739
1688	8174
1724	1726
1725	1726
1728	1716
1729	214
1729	1124
1729	1200
1729	1353
1729	1754
1729	1857
1729	1888
1729	1893
1729	2014
1729	2264
1729	2348
1729	2470
1729	2535
1729	2580
1729	2856
1729	3084
1729	3265
1729	4037
1729	8290
1732	559
1732	904
1732	1416
1732	1487
1732	1492
1732	1730
1732	1772
1732	1805
1732	1811
1732	1893
1732	1908
1732	1956
1732	2256
1732	2474
1732	2594
1732	2651
1732	2955
1732	3307
1730	15
1730	425
1730	559
1730	762
1730	993
1730	1026
1730	1166
1730	1211
1730	1549
1730	1565
1730	1732
1730	1772
1730	1859
1730	2016
1730	2072
1730	2109
1730	2246
1730	2323
1730	2328
1730	2339
1730	2348
1730	2385
1730	2397
1730	2398
1730	2400
1730	2576
1730	2579
1730	2625
1730	2643
1730	2763
1730	2871
1730	3050
1730	3253
1730	3443
1730	3804
1730	3970
1730	3976
1730	4037
1730	4110
1730	4191
1730	4199
1730	4384
1730	4735
1730	6094
1730	8294
1731	1732
1733	15
1733	298
1733	1247
1733	1352
1733	1482
1733	1514
1733	1549
1733	1799
1733	1816
1733	1966
1733	2364
1733	2516
1733	2651
1733	2657
1733	3015
1733	3073
1733	3089
1733	3238
1733	3334
1733	3352
1733	3433
1733	3607
1733	3970
1733	4099
1733	4335
1733	4735
1733	4786
1733	4875
1733	5210
1733	5254
1733	5449
1733	5527
1733	5714
1733	5936
1733	6337
1733	6347
1733	6481
1733	6774
1733	7143
1733	7620
1733	7632
1733	7699
1734	290
1734	465
1734	764
1734	908
1734	1151
1734	1211
1734	1322
1734	1357
1734	1378
1734	1453
1734	1521
1734	1585
1734	1633
1734	1754
1734	1808
1734	1893
1734	1918
1734	1969
1734	2066
1734	2128
1734	2241
1734	2246
1734	2328
1734	2354
1734	2398
1734	2474
1734	2485
1734	2508
1734	2535
1734	2593
1734	2595
1734	2625
1734	2696
1734	2727
1734	2912
1734	3258
1734	3265
1734	3473
1734	3537
1734	4037
1734	4043
1734	4310
1734	4335
1734	4875
1734	4929
1734	4954
1734	5002
1734	5178
1734	5233
1734	5697
1734	6462
1734	6553
1734	7632
1734	7651
1734	7961
1735	1322
1736	1199
1737	1199
1737	2799
1737	3376
1737	5178
1737	5301
1737	5624
1737	5760
1737	6098
1737	6340
1740	1199
1738	1199
1738	1811
1738	2085
1739	1199
1741	214
1741	1199
1741	1419
1741	1496
1741	1723
1741	2174
1741	2322
1741	2501
1741	2877
1746	1378
1746	1744
1746	1788
1746	1848
1746	1893
1746	2237
1746	8291
1742	935
1742	1411
1742	1746
1742	1780
1742	1859
1742	1901
1743	1746
1744	1297
1744	1746
1744	2508
1744	2657
1744	2900
1744	3024
1744	3435
1744	3776
1745	1746
1747	2479
1747	3452
1747	3480
1748	350
1748	1026
1748	1307
1748	1453
1748	1521
1748	1549
1748	1592
1748	1637
1748	1646
1748	1747
1748	1984
1748	2237
1748	2264
1748	2398
1748	2456
1748	2506
1748	2517
1748	2565
1748	2643
1748	2665
1748	2669
1748	2774
1748	2923
1748	3009
1748	3026
1748	3030
1748	3117
1748	3191
1748	3310
1748	3334
1748	3376
1748	3394
1748	3443
1748	3452
1748	3480
1748	3548
1748	3562
1748	3635
1748	3661
1748	3755
1748	3976
1748	4013
1748	4037
1748	4103
1748	4110
1748	4179
1748	4189
1748	4191
1748	4199
1748	4351
1748	4424
1748	4463
1748	4480
1748	4500
1748	4588
1748	4605
1748	4797
1748	4815
1748	5100
1748	5115
1748	5738
1748	5817
1748	5887
1748	6006
1748	6123
1748	6320
1748	6442
1748	6634
1748	6993
1748	7386
1748	7809
1748	7890
1748	7946
1748	8249
1748	8275
1748	8291
1749	64
1749	856
1749	859
1749	904
1749	1097
1749	1297
1749	1565
1749	1633
1749	1646
1749	1783
1749	1918
1749	1919
1749	1997
1749	2062
1749	2072
1749	2145
1749	2210
1749	2231
1749	2285
1749	2329
1749	2338
1749	2398
1749	2470
1749	2490
1749	2508
1749	2576
1749	2594
1749	2604
1749	2625
1749	2643
1749	2651
1749	2653
1749	2654
1749	2662
1749	2674
1749	2700
1749	2707
1749	2713
1749	2747
1749	2754
1749	2763
1749	2859
1749	2877
1749	2912
1749	2951
1749	2991
1749	2993
1749	3020
1749	3030
1749	3033
1749	3130
1749	3173
1749	3243
1749	3260
1749	3307
1749	3435
1749	3483
1749	3516
1749	3538
1749	3562
1749	3670
1749	3755
1749	3843
1749	3926
1749	3937
1749	4021
1749	8290
1749	8293
1758	1788
1758	1802
1753	1758
1754	407
1754	762
1754	1185
1754	1211
1754	1496
1754	1658
1754	1729
1754	1758
1754	1893
1754	1918
1754	1956
1754	2066
1754	2117
1754	2211
1754	2240
1754	2251
1754	2345
1754	2456
1754	2625
1754	2801
1754	3371
1754	3787
1754	3958
1755	1758
1756	332
1756	372
1756	587
1756	722
1756	744
1756	763
1756	859
1756	908
1756	937
1756	946
1756	959
1756	968
1756	1000
1756	1018
1756	1061
1756	1103
1756	1186
1756	1200
1756	1230
1756	1250
1756	1261
1756	1297
1756	1315
1756	1353
1756	1390
1756	1411
1756	1492
1756	1514
1756	1534
1756	1547
1756	1550
1756	1608
1756	1622
1756	1628
1756	1658
1756	1697
1756	1700
1756	1717
1756	1749
1756	1758
1756	1780
1756	1783
1756	1787
1756	1788
1756	1791
1756	1798
1756	1802
1756	1805
1756	1811
1756	1816
1756	1835
1756	1836
1756	1842
1756	1849
1756	1859
1756	1888
1756	1901
1756	1903
1756	1908
1756	1918
1756	1964
1756	1973
1756	1977
1756	2062
1756	2071
1756	2073
1756	2145
1756	2193
1756	2240
1756	2246
1756	2253
1756	2273
1756	2332
1756	2385
1756	2397
1756	2400
1756	2426
1756	2435
1756	2470
1756	2479
1756	2517
1756	2547
1756	2560
1756	2579
1756	2955
1756	2963
1756	2966
1756	2972
1756	2977
1757	993
1757	1137
1757	1628
1757	1730
1757	1758
1757	1783
1757	1788
1757	1791
1757	1849
1757	1855
1757	1857
1757	1920
1757	1973
1757	2106
1757	2151
1757	8290
1760	559
1761	559
1761	1770
1762	559
1762	1000
1762	1493
1762	1496
1762	1555
1762	1774
1762	2160
1762	2620
1762	3297
1762	3830
1762	4065
1762	4412
1762	4441
1762	4709
1762	4712
1762	4713
1762	5254
1762	5321
1762	5596
1762	5714
1762	5811
1762	5829
1762	5871
1762	6004
1762	6221
1762	6299
1762	6347
1762	6388
1762	6560
1762	6613
1762	6632
1762	6665
1762	6699
1762	6700
1762	6725
1762	6755
1762	6770
1762	6777
1762	6788
1762	6809
1762	6832
1762	6833
1762	6850
1762	7047
1762	7647
1762	8002
1762	8297
1763	1687
1764	1564
1764	1811
1765	1407
1765	1487
1765	1849
1765	1983
1766	332
1766	722
1766	947
1766	1018
1766	1250
1766	1297
1766	1374
1766	1496
1766	1700
1766	1768
1766	1791
1766	1835
1766	1842
1766	1964
1766	2062
1766	2182
1766	2240
1766	2290
1766	2345
1766	2397
1766	2435
1766	2470
1766	2490
1766	2517
1766	2777
1766	2955
1766	8290
1767	15
1767	407
1767	608
1767	762
1767	937
1767	993
1767	1097
1767	1151
1767	1164
1767	1165
1767	1200
1767	1473
1767	1496
1767	1534
1767	1628
1767	1706
1767	1768
1767	1772
1767	1774
1767	1777
1767	1780
1767	1802
1767	1811
1767	1847
1767	1915
1767	1918
1767	1919
1767	2066
1767	2097
1767	2114
1767	2209
1767	2237
1767	2256
1767	2277
1767	2328
1767	2340
1767	2381
1767	2398
1767	2411
1767	2547
1767	2576
1767	2585
1767	2620
1767	2625
1767	2654
1767	2678
1767	2686
1767	2727
1767	2775
1767	2781
1767	2794
1767	2797
1767	2809
1767	2834
1767	2900
1767	2909
1767	2932
1767	2946
1767	2955
1767	2963
1767	2991
1767	3029
1767	3033
1767	3200
1767	3291
1767	3334
1767	3338
1767	3352
1767	3408
1767	3446
1767	3473
1767	3480
1767	3541
1767	3680
1767	3803
1767	3807
1767	3813
1767	3847
1767	3926
1767	3937
1767	3946
1767	4037
1767	4110
1767	4138
1767	4191
1767	4247
1767	4290
1767	4453
1767	4828
1767	5100
1767	5233
1767	5254
1767	5714
1767	6437
1767	6496
1767	7131
1767	8293
1770	1771
1769	214
1769	403
1769	415
1769	765
1769	993
1769	1151
1769	1164
1769	1211
1769	1261
1769	1284
1769	1416
1769	1549
1769	1585
1769	1680
1769	1754
1769	1770
1769	1781
1769	1965
1769	1966
1769	2102
1769	2117
1769	2120
1769	2253
1769	2371
1769	2479
1769	2504
1769	2516
1769	2517
1769	2535
1769	2547
1769	2560
1769	2571
1769	2580
1769	2587
1769	2593
1769	2617
1769	2619
1769	2625
1769	2643
1769	2654
1769	2655
1769	2697
1769	2774
1769	2785
1769	2794
1769	2828
1769	2922
1769	2968
1769	3027
1769	3117
1769	3125
1769	3253
1769	3352
1769	3376
1769	3537
1769	3615
1769	3803
1769	3898
1769	4040
1769	4043
1769	4361
1769	4712
1769	5327
1769	5680
1769	6441
1769	7478
1769	7683
1772	56
1772	285
1772	332
1772	763
1772	764
1772	836
1772	937
1772	959
1772	993
1772	1012
1772	1031
1772	1103
1772	1111
1772	1137
1772	1151
1772	1164
1772	1186
1772	1243
1772	1261
1772	1297
1772	1374
1772	1378
1772	1407
1772	1492
1772	1496
1772	1514
1772	1521
1772	1549
1772	1550
1772	1555
1772	1564
1772	1585
1772	1621
1772	1622
1772	1637
1772	1646
1772	1700
1772	1723
1772	1730
1772	1757
1772	1774
1772	1780
1772	1783
1772	1787
1772	1791
1772	1798
1772	1805
1772	1811
1772	1836
1772	1842
1772	1847
1772	1859
1772	1861
1772	1864
1772	1880
1772	1884
1772	1888
1772	1893
1772	1903
1772	1918
1772	1927
1772	1955
1772	1956
1772	1964
1772	1966
1772	1977
1772	1987
1772	1992
1772	1997
1772	2066
1772	2069
1772	2071
1772	2083
1772	2095
1772	2101
1772	2106
1772	2112
1772	2117
1772	2120
1772	2121
1772	2128
1772	2151
1772	2157
1772	2168
1772	2174
1772	2178
1772	2210
1772	2246
1772	2264
1772	2294
1772	2329
1772	2333
1772	2339
1772	2341
1772	2348
1772	2397
1772	2400
1772	2409
1772	2410
1772	2423
1772	2425
1772	2490
1772	2501
1772	2504
1772	2535
1772	2580
1772	2618
1772	2619
1772	2625
1772	2638
1772	2647
1772	2670
1772	2685
1772	2720
1772	2777
1772	2785
1772	2794
1772	2797
1772	2798
1772	2801
1772	2814
1772	2877
1772	2880
1772	3024
1772	3136
1772	3258
1772	3260
1772	3650
1772	3755
1772	3812
1772	3922
1772	3933
1772	3967
1772	3970
1772	3999
1772	4021
1772	4024
1772	8290
1772	8291
1772	8292
1772	8293
1759	290
1759	1411
1759	1514
1759	1780
1759	1966
1773	1774
1777	2625
1775	1777
1778	1164
1778	1780
1778	1791
1778	1819
1778	1884
1778	1920
1778	1955
1778	1966
1781	1000
1781	2114
1781	2410
1781	2507
1781	2625
1781	2657
1782	1000
1782	1781
1751	15
1751	56
1751	204
1751	214
1751	290
1751	417
1751	608
1751	665
1751	1103
1751	1549
1751	1717
1751	1730
1751	1734
1751	1787
1751	1979
1751	2016
1751	2211
1751	2252
1751	2508
1751	2535
1751	2625
1751	2651
1751	2654
1751	2951
1751	3018
1751	3180
1751	3260
1751	3307
1751	3338
1751	3371
1751	3812
1751	3887
1751	3926
1751	3937
1751	4021
1783	15
1783	204
1783	761
1783	764
1783	947
1783	974
1783	1035
1783	1103
1783	1353
1783	1411
1783	1416
1783	1492
1783	1542
1783	1621
1783	1700
1783	1749
1783	1754
1783	1903
1783	1918
1783	1992
1783	1997
1783	2062
1783	2066
1783	2071
1783	2120
1783	2237
1783	2241
1783	2246
1783	2251
1783	2322
1783	2398
1783	2410
1783	2474
1783	2510
1783	2585
1783	2594
1783	2618
1783	2625
1783	2653
1783	2713
1783	2746
1783	2790
1783	2805
1783	3005
1783	3030
1783	3130
1783	3260
1783	3307
1783	3464
1783	3537
1783	3562
1783	3580
1783	3748
1783	4811
1783	6148
1783	6553
1783	8290
1784	1103
1785	1103
1789	1658
1789	1783
1789	1920
1789	2144
1789	2251
1789	2787
1789	3796
1789	5452
1789	5824
1789	7833
1789	7871
1790	1791
1790	2814
1792	56
1792	761
1792	993
1792	1034
1792	1261
1792	1284
1792	1374
1792	1521
1792	1757
1792	1787
1792	1793
1792	1805
1792	1842
1792	1857
1792	1858
1792	1861
1792	1864
1792	1908
1792	1920
1792	1973
1792	1987
1792	2055
1792	2060
1792	2073
1792	2095
1792	2157
1792	2625
1792	2754
1792	2777
1792	2801
1792	8290
1795	1157
1795	1166
1795	1357
1795	1416
1795	1453
1795	1549
1795	1571
1795	1633
1795	1717
1795	1798
1795	1805
1795	1814
1795	1919
1795	2016
1795	2210
1795	2251
1795	2290
1795	2324
1795	2364
1795	2510
1795	2542
1795	2700
1795	2747
1795	2809
1795	2811
1795	2819
1795	2912
1795	2973
1795	3020
1795	3258
1795	3265
1795	3284
1795	3352
1795	3393
1795	3408
1795	3439
1795	3843
1795	4043
1795	5073
1795	5083
1795	5092
1795	5773
1795	5814
1795	7186
679	214
679	407
679	1798
1796	1798
1796	1982
1796	2160
1796	2440
1796	3459
1796	3614
1796	3897
1796	4099
1796	4483
1796	4536
1796	4717
1796	4748
1796	4795
1796	5200
1796	5210
1796	5254
1796	5273
1796	5524
1796	5684
1796	5697
1796	5739
1796	5814
1796	5871
1796	5980
1796	6221
1796	6270
1796	6305
1796	6327
1796	6505
1796	6552
1796	6560
1796	6736
1796	6739
1796	6774
1796	6832
1796	7094
1796	7168
1796	8297
1797	1798
1799	1357
1799	1628
1799	1966
1799	2223
1799	2516
1799	2535
1799	2565
1799	2576
1799	2655
1799	2697
1799	2790
1799	2912
1799	3452
1799	3456
1799	3498
1799	3796
1799	3803
1799	3830
1799	3969
1799	3970
1799	4043
1799	4058
1799	4662
1799	4735
1799	4792
1799	4981
1799	5178
1799	5412
1799	5459
1799	5463
1799	5545
1799	5563
1799	5569
1799	5684
1799	5693
1799	5798
1799	5804
1799	5814
1799	5950
1799	6044
1799	6221
1799	6555
1799	6595
1799	6665
1799	6715
1799	7012
1799	7809
1799	7908
1800	15
1800	993
1800	1111
1800	1151
1800	1186
1800	1493
1800	1628
1800	1787
1800	1836
1800	1842
1800	1858
1800	1908
1800	2246
1800	2479
1800	2774
1800	4175
1800	6334
1800	6496
1800	6715
1800	8291
1811	722
1811	762
1811	859
1811	1031
1811	1097
1811	1267
1811	1297
1811	1352
1811	1393
1811	1473
1811	1633
1811	1648
1811	1973
1811	2001
1811	2114
1811	2160
1811	2240
1811	2332
1811	2371
1811	2625
1811	2643
1811	2651
1811	2654
1811	2693
1811	3238
1811	3266
1811	3307
1811	3629
1811	3634
1811	4349
1811	4536
1811	4574
1811	4632
1811	5028
1811	5445
1811	5891
1811	6151
1811	6328
1811	6699
1811	7092
1811	7280
1811	7587
1811	7910
1803	762
1803	859
1803	974
1803	993
1803	1164
1803	1549
1803	1613
1803	1811
1803	1842
1803	1919
1803	2071
1803	2109
1803	2168
1803	2697
1803	3002
1803	3537
1803	4297
1803	6226
1803	8290
1804	1811
1805	1811
1805	1893
1806	1811
1807	1811
1807	2354
1807	3059
1807	3796
1807	4247
1807	4653
1807	5484
1807	5511
1808	72
1808	465
1808	722
1808	762
1808	765
1808	946
1808	993
1808	1049
1808	1097
1808	1111
1808	1164
1808	1230
1808	1284
1808	1285
1808	1353
1808	1378
1808	1384
1808	1385
1808	1407
1808	1419
1808	1482
1808	1492
1808	1514
1808	1521
1808	1549
1808	1564
1808	1566
1808	1585
1808	1608
1808	1621
1808	1622
1808	1680
1808	1700
1808	1705
1808	1717
1808	1723
1808	1734
1808	1772
1808	1783
1808	1805
1808	1811
1808	1816
1808	1847
1808	1888
1808	1919
1808	1927
1808	1969
1808	1977
1808	1992
1808	2004
1808	2066
1808	2106
1808	2117
1808	2120
1808	2121
1808	2145
1808	2157
1808	2174
1808	2195
1808	2234
1808	2256
1808	2297
1808	2328
1808	2375
1808	2385
1808	2410
1808	2475
1808	2485
1808	2510
1808	2517
1808	2535
1808	2542
1808	2547
1808	2560
1808	2576
1808	2579
1808	2587
1808	2589
1808	2591
1808	2595
1808	2599
1808	2604
1808	2605
1808	2629
1808	2645
1808	2646
1808	2651
1808	2652
1808	2669
1808	2708
1808	2751
1808	2794
1808	2834
1808	2900
1808	2922
1808	2955
1808	2963
1808	3028
1808	3130
1808	3136
1808	3320
1808	3352
1808	3404
1808	3408
1808	3498
1808	3516
1808	3976
1808	4103
1808	4124
1808	4191
1808	4256
1808	4338
1808	4453
1808	4735
1808	5215
1808	5254
1808	5271
1808	5296
1808	5459
1808	5482
1808	5683
1808	5714
1808	5721
1808	5947
1808	5969
1808	5980
1808	8290
1808	8291
1808	8293
1809	1811
1809	1859
1810	1811
1812	1261
1812	1842
1812	1855
1812	3371
1813	465
1813	825
1813	1261
1813	1549
1813	1688
1813	1842
1813	2144
1813	2145
1813	2210
1813	2535
1813	2655
1813	2746
1813	2760
1813	2871
1813	3014
1813	3024
1813	3026
1813	3028
1813	3034
1813	3117
1813	3125
1813	3144
1813	3260
1813	3321
1813	3439
1813	3453
1813	3454
1813	3557
1813	3800
1813	3812
1813	3956
1813	3967
1813	4011
1813	4021
1813	4024
1813	4051
1813	4072
1813	4531
1813	4552
1813	4578
1813	7279
1814	290
1814	737
1814	762
1814	856
1814	993
1814	1261
1814	1291
1814	1315
1814	1357
1814	1393
1814	1416
1814	1596
1814	1734
1814	1754
1814	1781
1814	1919
1814	2001
1814	2134
1814	2225
1814	2251
1814	2256
1814	2276
1814	2323
1814	2440
1814	2547
1814	2550
1814	2560
1814	2593
1814	2594
1814	2620
1814	2625
1814	2651
1814	2653
1814	2654
1814	2657
1814	2660
1814	2697
1814	2707
1814	2721
1814	2724
1814	2775
1814	2815
1814	2830
1814	2856
1814	2900
1814	2955
1814	2963
1814	2966
1814	2968
1814	2972
1814	2977
1814	2979
1814	2981
1814	2991
1814	2993
1814	2999
1814	3029
1814	3033
1814	3034
1814	3050
1814	3056
1814	3099
1814	3117
1814	3130
1814	3140
1814	3150
1814	3253
1814	3291
1814	3334
1814	3456
1814	3459
1814	3516
1814	3645
1814	3720
1814	3842
1814	4117
1814	4299
1814	4422
1814	4777
1814	4944
1814	5210
1814	5305
1814	5412
1814	5454
1814	5737
1814	5798
1814	5819
1814	5902
1814	6001
1814	6004
1814	6023
1814	6124
1814	6421
1814	6462
1814	6566
1814	7168
1814	7553
1814	7699
1814	8186
1814	8192
1814	8219
1814	8224
1814	8237
1814	8293
1814	8294
1816	1151
1816	1482
1816	2066
1816	2256
1816	2625
1816	3755
1816	4335
1816	5146
1816	7620
1816	8290
1820	56
1820	204
1820	290
1820	350
1820	425
1820	762
1820	946
1820	993
1820	1097
1820	1166
1820	1211
1820	1267
1820	1291
1820	1297
1820	1357
1820	1374
1820	1419
1820	1492
1820	1514
1820	1521
1820	1621
1820	1633
1820	1646
1820	1653
1820	1734
1820	1754
1820	1792
1820	1808
1820	1814
1820	1888
1820	1918
1820	1919
1820	1956
1820	1992
1820	2053
1820	2062
1820	2102
1820	2117
1820	2120
1820	2128
1820	2225
1820	2231
1820	2256
1820	2290
1820	2297
1820	2322
1820	2323
1820	2328
1820	2333
1820	2338
1820	2366
1820	2400
1820	2411
1820	2426
1820	2499
1820	2508
1820	2510
1820	2585
1820	2593
1820	2594
1820	2599
1820	2625
1820	2643
1820	2645
1820	2654
1820	2660
1820	2665
1820	2685
1820	2686
1820	2693
1820	2697
1820	2727
1820	2736
1820	2754
1820	2814
1820	2838
1820	2856
1820	2963
1820	2991
1820	3089
1820	3117
1820	3253
1820	3276
1820	3404
1820	3557
1820	3650
1820	3807
1820	3892
1820	3903
1820	8292
1821	1514
1821	1633
1821	3117
1821	3516
1821	3548
1821	3669
1821	8291
1822	407
1822	1164
1822	1230
1822	1514
1822	1585
1822	1880
1822	1893
1822	1903
1822	1908
1822	1966
1822	2073
1823	737
1823	763
1823	765
1823	935
1823	1035
1823	1353
1823	1444
1823	1498
1823	1514
1823	1717
1823	1749
1823	1805
1823	1842
1823	1855
1823	1858
1823	1893
1823	1953
1823	1956
1823	1963
1823	2128
1823	2381
1823	2511
1823	2565
1823	2822
1823	3456
1823	3460
1823	3830
1823	4065
1823	4247
1823	4315
1823	4587
1823	4600
1823	4706
1823	4824
1823	5130
1823	5188
1823	5262
1823	5423
1823	5439
1823	5651
1823	5804
1823	5819
1823	6170
1823	6272
1823	6715
1823	6860
1823	6979
1823	7116
1823	7707
1825	1842
1826	1842
1827	1842
1827	2856
347	407
347	1165
347	1842
347	1855
347	1920
347	1950
347	1953
347	1956
1835	15
1835	762
1835	959
1835	974
1835	1012
1835	1035
1835	1186
1835	1200
1835	1211
1835	1315
1835	1374
1835	1407
1835	1416
1835	1492
1835	1592
1835	1792
1835	1842
1835	1918
1835	2066
1835	2160
1835	2210
1835	2240
1835	2297
1835	2322
1835	2323
1835	2398
1835	2504
1835	2506
1835	2508
1835	2535
1835	2542
1835	2547
1835	2560
1835	2576
1835	2587
1835	2625
1835	2660
1835	2707
1835	2754
1835	2770
1835	2828
1835	2830
1835	2834
1835	2993
1835	2996
1835	3002
1835	3148
1835	3352
1835	3456
1835	3458
1835	3892
1835	4110
1835	4247
1835	4338
1835	4424
1835	4468
1835	4632
1835	5100
1835	5210
1835	5254
1835	5714
1835	5799
1835	5828
1835	6000
1835	6229
1835	6437
1835	6634
1835	6833
1835	6840
1835	6930
1835	7115
1835	8141
1835	8294
1836	214
1836	407
1836	722
1836	859
1836	908
1836	959
1836	1151
1836	1165
1836	1211
1836	1297
1836	1585
1836	1608
1836	1622
1836	1842
1836	1956
1836	2193
1828	1842
1828	1849
1837	290
1837	836
1837	993
1837	1137
1837	1315
1837	1407
1837	1542
1837	1566
1837	1754
1837	1842
1837	1919
1837	2060
1837	2073
1837	2076
1837	2091
1837	2119
1837	2168
1837	2205
1837	2251
1837	2371
1837	2593
1837	2617
1837	2654
1837	2697
1837	2963
1837	3033
1837	3034
1837	3104
1829	1717
1829	1842
1838	761
1838	764
1838	825
1838	836
1838	908
1838	937
1838	993
1838	1137
1838	1239
1838	1285
1838	1407
1838	1585
1838	1622
1838	1707
1838	1714
1838	1730
1838	1757
1838	1772
1838	1842
1838	1849
1838	1893
1838	1953
1838	1969
1838	1973
1838	1991
1838	1992
1838	2060
1838	2066
1838	2071
1838	2073
1838	2079
1838	2095
1838	2097
1838	2101
1838	2106
1838	2109
1838	2112
1838	2128
1838	2151
1838	2157
1838	2168
1838	2178
1838	2210
1838	2859
1838	2958
1838	3258
1838	3562
1838	3631
1838	3787
1838	4013
1838	4088
1838	4110
1838	4201
1838	4233
1838	8290
1838	8293
1838	8294
1830	1542
1830	1842
1830	1855
1831	1542
1831	1842
1831	1855
1832	1805
1832	1842
1832	2210
1832	2746
1832	2819
1832	8293
1833	1842
1833	1855
1833	2112
1833	2654
1833	3164
1833	4247
1834	1842
1839	1842
1840	1842
1840	1855
1841	1842
1849	1211
1844	1849
1845	1849
1846	1849
1847	15
1847	285
1847	761
1847	959
1847	993
1847	1411
1847	1787
1847	1849
1847	1893
1847	1903
1847	1908
1847	1953
1847	1973
1847	2066
1847	2178
1847	2324
1847	2354
1847	2398
1847	2510
1847	2625
1847	2693
1847	2747
1847	2790
1847	2973
1847	3103
1847	3130
1847	3460
1847	3897
1847	3910
1847	4099
1847	4191
1847	4400
1847	4712
1847	4735
1847	4811
1847	5132
1847	5188
1847	5208
1847	5254
1847	5392
1847	5412
1847	5449
1847	5827
1847	6552
1847	6566
1847	7146
1847	7168
1852	1849
1848	204
1848	762
1848	836
1848	1211
1848	1787
1848	1849
1848	2053
1848	2062
1848	2102
1848	2256
1848	2328
1848	2754
1848	2763
1848	2880
1848	3089
1848	3680
1853	1849
1859	3443
1859	4037
1859	4071
1855	1111
1855	1622
1855	1697
1855	1859
1855	1893
1855	1927
1855	1956
1855	1963
1855	2237
1855	2856
1855	3136
1855	3408
1856	1859
1857	407
1857	1230
1857	1859
1857	2307
1857	2785
1857	2787
1857	8290
1857	8291
1858	1859
1860	1859
1862	290
1862	1864
1865	1411
1865	4666
1865	5814
1865	6560
1865	7052
1865	7386
1866	1411
1867	1411
1867	1865
1868	764
1868	836
1868	975
1868	1378
1868	1411
1868	1444
1868	1583
1868	1613
1868	1714
1868	1749
1868	1783
1868	1787
1868	1848
1868	1985
1868	2071
1868	2085
1868	2091
1868	2128
1868	2210
1868	2211
1868	2241
1868	2253
1869	1717
1869	2062
1869	3680
1870	1717
1874	1026
1874	1717
1874	3192
1874	3835
1874	4276
1874	5254
1874	5452
1874	5511
1874	6229
1875	56
1875	204
1875	1166
1875	1393
1875	1705
1875	1717
1875	1730
1875	1837
1875	2102
1875	2174
1875	2225
1875	2256
1875	2264
1875	2565
1875	2619
1875	2625
1875	2686
1875	2693
1875	2794
1875	2809
1875	2825
1875	2828
1875	2928
1875	2996
1875	3029
1875	3130
1875	3193
1875	3410
1875	3717
1875	3903
1875	4269
1875	4289
1875	4735
1871	1717
1872	935
1872	1297
1872	1717
1872	2485
1872	3529
1876	1111
1876	1717
1876	5254
1873	1717
1879	1880
1879	2120
1879	3885
1879	5002
1879	5423
1879	6123
1879	6305
1879	6417
1879	6442
1879	6765
1879	7414
1879	7422
1879	7624
1881	935
1882	935
1883	935
1885	407
1885	762
1885	765
1885	856
1885	1097
1885	1297
1885	1357
1885	1482
1885	1534
1885	1549
1885	1777
1885	1893
1885	1908
1885	2016
1885	2102
1885	2114
1885	2135
1885	2210
1885	2225
1885	2231
1885	2256
1885	2257
1885	2322
1885	2475
1885	2485
1885	2535
1885	2587
1885	2593
1885	2617
1885	2619
1885	2625
1885	2655
1885	2657
1885	2697
1885	2713
1885	2809
1885	2932
1885	3130
1885	3136
1885	3155
1885	3404
1885	3453
1885	3650
1885	3892
1886	1211
1886	1697
1886	1893
1886	2091
1887	763
1887	1893
1888	764
1888	873
1888	978
1888	993
1888	1031
1888	1243
1888	1613
1888	1646
1888	1893
1888	1956
1888	1977
1888	2102
1888	2128
1888	2145
1888	2157
1888	2163
1888	2205
1888	2210
1888	2211
1888	2253
1888	2276
1888	2323
1888	2329
1888	2339
1888	2341
1888	2350
1888	2410
1888	2781
1888	2794
1888	3843
1888	4043
1888	4055
1888	5321
1888	5412
1888	8290
1888	8291
1889	1893
1891	415
1891	762
1891	993
1891	1049
1891	1097
1891	1186
1891	1211
1891	1230
1891	1250
1891	1384
1891	1633
1891	1678
1891	1893
1891	1992
1891	2102
1891	2195
1891	2205
1891	2504
1891	2580
1891	2618
1891	2619
1891	2625
1891	2724
1891	2770
1891	2923
1891	2977
1891	3568
1891	3807
1891	3976
1891	4021
1891	4256
1891	5083
1891	5144
1891	5539
1891	5784
1891	8293
1892	407
1892	1893
1892	1953
1892	1963
1892	1969
1894	1534
1895	1534
1896	285
1896	290
1896	403
1896	836
1896	947
1896	1035
1896	1211
1896	1297
1896	1315
1896	1374
1896	1390
1896	1498
1896	1534
1896	1549
1896	1956
1896	2066
1896	2109
1896	2144
1896	2324
1896	2345
1896	2348
1896	2516
1896	2576
1896	2650
1896	2651
1896	2696
1896	2700
1896	2805
1896	3021
1896	3092
1896	3099
1896	3117
1896	3253
1896	3309
1896	3435
1896	3748
1896	3807
1896	3887
1896	4037
1896	4266
1896	4536
1896	4547
1896	6001
1896	6327
1896	6699
1896	7144
1896	7553
1896	7707
1896	8237
1896	8290
1896	8293
1897	763
1901	3847
1899	1165
1899	1230
1899	1284
1899	1901
1899	2066
1899	3516
1900	1901
1902	1903
1908	993
1908	1137
1908	1164
1908	1315
1908	1566
1908	1858
1908	1927
1908	1963
1908	2333
1905	1908
1906	1908
1907	1908
1909	1908
1911	1908
1912	1908
1912	3026
1912	3059
1913	1908
1914	1658
1914	5445
1915	15
1915	1658
1915	2237
1915	2354
1915	2398
1915	2516
1915	2535
1915	3089
1915	3456
1915	4310
1915	4587
1915	4875
1915	5083
1915	5100
1915	5106
1915	5121
1915	5148
1915	5200
1915	5233
1915	5262
1915	5412
1915	5459
1915	5487
1915	5527
1915	5543
1915	5891
1915	6148
1915	6161
1915	6246
1915	6251
1915	6306
1915	6328
1915	8295
1916	1658
1917	1658
1918	764
1918	1211
1918	1297
1918	1492
1918	1542
1918	1565
1918	1700
1918	1920
1918	1977
1918	1992
1918	2062
1918	2066
1918	2117
1918	2322
1918	2411
1918	2958
1918	3005
1918	3014
1918	3200
1918	4072
1919	56
1919	214
1919	290
1919	332
1919	403
1919	407
1919	415
1919	587
1919	665
1919	764
1919	765
1919	836
1919	859
1919	908
1919	937
1919	946
1919	947
1919	959
1919	975
1919	1061
1919	1151
1919	1200
1919	1211
1919	1243
1919	1284
1919	1353
1919	1374
1919	1378
1919	1390
1919	1419
1919	1482
1919	1521
1919	1542
1919	1547
1919	1550
1919	1566
1919	1583
1919	1585
1919	1608
1919	1613
1919	1622
1919	1697
1919	1714
1919	1734
1919	1749
1919	1757
1919	1783
1919	1787
1919	1816
1919	1836
1919	1842
1919	1848
1919	1888
1919	1920
1919	1964
1919	1973
1919	1977
1919	1979
1919	1983
1919	1985
1919	1987
1919	1997
1919	2007
1919	2055
1919	2060
1919	2062
1919	2066
1919	2069
1919	2071
1919	2073
1919	2085
1919	2091
1919	2119
1919	2120
1919	2137
1919	2145
1919	2157
1919	2205
1919	2210
1919	2211
1919	2241
1919	2246
1919	2251
1919	2253
1919	2264
1919	2273
1919	2285
1919	2290
1919	2345
1919	2385
1919	2397
1919	2400
1919	2411
1919	2470
1919	2479
1919	2593
1919	2617
1919	2625
1919	2763
1919	2768
1919	2805
1919	2828
1919	2830
1919	2834
1919	2946
1919	2977
1919	3033
1919	3034
1919	3099
1919	3117
1919	3136
1919	8291
1921	1230
1922	72
1922	188
1922	204
1922	285
1922	290
1922	425
1922	465
1922	587
1922	608
1922	633
1922	741
1922	762
1922	827
1922	856
1922	946
1922	1097
1922	1154
1922	1230
1922	1267
1922	1291
1922	1353
1922	1357
1922	1393
1922	1416
1922	1419
1922	1493
1922	1521
1922	1549
1922	1571
1922	1633
1922	1679
1922	1705
1922	1706
1922	1717
1922	1723
1922	1734
1922	1754
1922	1781
1922	1792
1922	1808
1922	1814
1922	1837
1922	1847
1922	1888
1922	1919
1922	1984
1922	1992
1922	2053
1922	2116
1922	2117
1922	2135
1922	2145
1922	2174
1922	2202
1922	2225
1922	2231
1922	2251
1922	2256
1922	2273
1922	2276
1922	2294
1922	2322
1922	2323
1922	2325
1922	2356
1922	2364
1922	2371
1922	2375
1922	2381
1922	2398
1922	2411
1922	2416
1922	2426
1922	2470
1922	2474
1922	2475
1922	2501
1922	2508
1922	2516
1922	2542
1922	2544
1922	2547
1922	2550
1922	2576
1922	2585
1922	2587
1922	2593
1922	2594
1922	2599
1922	2604
1922	2607
1922	2617
1922	2618
1922	2623
1922	2625
1922	2646
1922	2647
1922	2650
1922	2654
1922	2665
1922	2669
1922	2670
1922	2697
1922	2707
1922	2708
1922	2713
1922	2721
1922	2724
1922	2751
1922	2754
1922	2787
1922	2790
1922	2815
1922	2819
1922	2838
1922	2856
1922	2880
1922	2900
1922	2902
1922	2918
1922	2922
1922	2926
1922	2928
1922	2946
1922	2951
1922	2955
1922	2963
1922	2966
1922	2996
1922	3002
1922	3007
1922	3018
1922	3020
1922	3021
1922	3024
1922	3026
1922	3028
1922	3029
1922	3030
1922	3050
1922	3056
1922	3059
1922	3082
1922	3084
1922	3089
1922	3099
1922	3117
1922	3126
1922	3140
1922	3145
1922	3150
1922	3155
1922	3164
1922	3201
1922	3243
1922	3251
1922	3253
1922	3255
1922	3260
1922	3265
1922	3284
1922	3307
1922	3324
1922	3338
1922	3351
1922	3352
1922	3404
1922	3408
1922	3435
1922	3446
1922	3452
1922	3456
1922	3473
1922	3483
1922	3486
1922	3516
1922	3537
1922	3650
1922	3812
1922	3813
1922	3830
1922	3843
1922	3871
1922	3887
1922	3892
1922	3937
1922	3946
1922	4124
1922	4297
1922	4828
1922	4983
1922	5026
1922	5055
1922	5073
1922	5083
1922	5092
1922	5106
1922	5115
1922	5130
1922	5132
1922	5305
1922	7289
1922	8292
1922	8293
1923	1111
1923	1855
1924	15
1924	1855
1924	3352
1924	3835
1924	6789
1925	762
1925	974
1925	975
1925	1111
1925	1542
1925	1633
1925	1717
1925	1836
1925	1842
1925	1855
1925	1977
1925	1983
1925	2004
1925	2165
1925	2328
1925	2651
1925	2654
1925	3018
1925	3136
1925	3408
1925	3587
1925	5511
1928	1111
1928	1855
1928	1927
1928	2060
1928	2066
1928	2654
1928	3408
1890	1855
1926	1855
1927	665
1927	1855
1929	1855
1930	1855
1931	1186
1931	1353
1931	1542
1931	1842
1931	1855
1931	1888
1931	1927
1931	1964
1931	1997
1931	2654
1931	2871
1931	3408
1931	3755
1931	6227
1931	8212
1937	1026
1937	1473
1937	1548
1937	1855
1937	3084
1937	3192
1937	3456
1937	4276
1937	5254
1937	5341
1937	5423
1937	5511
1937	6009
1932	1855
1933	1855
1938	1855
1934	1855
1935	1548
1935	1855
1935	2565
1935	3192
1935	3352
1935	3830
1935	5254
1939	1855
1940	1186
1940	1835
1940	1855
1940	2323
1940	2830
1941	1857
1943	407
1943	2285
1943	2625
1944	407
1944	1956
1945	407
1945	1816
1946	1157
1946	1165
1946	4191
1946	4323
1947	1165
1947	2210
1947	2328
1947	2565
1947	2727
1947	2900
1947	2923
1947	3117
1947	3276
1947	3541
1947	3562
1947	3800
1947	3887
1947	3892
1947	4031
1948	1165
1948	1186
1948	1608
1948	1621
1948	1918
1948	1956
1948	2004
1948	2069
1948	2114
1948	2157
1948	2378
1948	2386
1948	2470
1948	2625
827	1953
827	3024
827	3946
1951	1953
1951	2117
1951	2128
1951	2195
1951	2257
1951	2297
1951	2324
1951	2435
1951	2485
1951	2565
1951	2625
1951	2653
1951	2657
1951	2686
1951	2819
1951	2973
1951	3010
1951	3114
1951	3352
1951	3408
1951	3480
1951	3549
1951	3615
1951	3769
1951	4994
1951	5423
1951	6481
1951	6505
1951	6632
1955	2340
1958	1963
1959	1963
1960	1963
1961	1963
1961	2354
1961	2654
1961	4247
1961	5484
1962	56
1962	285
1962	993
1962	1151
1962	1164
1962	1200
1962	1284
1962	1407
1962	1482
1962	1550
1962	1622
1962	1697
1962	1757
1962	1787
1962	1816
1962	1858
1962	1927
1962	1963
1962	1966
1962	1969
1962	1973
1962	1979
1962	1987
1962	2095
1962	2106
1962	2151
1962	2157
1962	2165
1962	2211
1962	3136
1962	8290
1966	290
1966	937
1966	1285
1966	1378
1966	1585
1966	1706
1966	1723
1966	1965
1966	1977
1966	2079
1966	2485
1966	2508
1966	2686
1966	2775
1966	2955
1966	4055
1966	7961
1966	8149
1964	765
1964	1966
1964	2375
1964	2485
1964	2511
1964	2764
1964	2765
1964	2794
1964	2966
1964	4666
1964	4719
1964	6621
1964	6762
1965	937
1965	993
1965	1284
1965	1285
1965	1378
1965	1566
1965	1966
1965	2079
1965	2137
1967	665
1967	873
1967	974
1967	1267
1967	1285
1967	1416
1967	1723
1967	1734
1967	1754
1967	1858
1967	1969
1967	1990
1967	2178
1967	2209
1967	2252
1967	2371
1967	2485
1967	2595
1967	2597
1967	2693
1967	2708
1967	2746
1967	2973
1967	3117
1967	3140
1967	3260
1967	3520
1967	3537
1967	3580
1967	3587
1967	8290
1968	665
1968	1969
1972	204
1972	417
1972	465
1972	608
1972	825
1972	974
1972	1159
1972	1166
1972	1211
1972	1239
1972	1247
1972	1267
1972	1291
1972	1297
1972	1307
1972	1315
1972	1357
1972	1416
1972	1549
1972	1571
1972	1596
1972	1633
1972	1706
1972	1734
1972	1754
1972	1781
1972	1792
1972	1799
1972	1823
1972	1918
1972	1973
1972	2016
1972	2062
1972	2114
1972	2209
1972	2210
1972	2225
1972	2252
1972	2256
1972	2257
1972	2285
1972	2290
1972	2297
1972	2323
1972	2324
1972	2325
1972	2338
1972	2356
1972	2371
1972	2384
1972	2398
1972	2474
1972	2485
1972	2506
1972	2508
1972	2510
1972	2535
1972	2542
1972	2544
1972	2550
1972	2560
1972	2576
1972	2585
1972	2594
1972	2595
1972	2597
1972	2619
1972	2620
1972	2623
1972	2625
1972	2651
1972	2653
1972	2654
1972	2655
1972	2657
1972	2660
1972	2667
1972	2674
1972	2686
1972	2693
1972	2697
1972	2700
1972	2707
1972	2727
1972	2746
1972	2747
1972	2815
1972	2819
1972	2830
1972	2909
1972	2955
1972	2958
1972	2966
1972	2968
1972	2972
1972	2981
1972	2999
1972	3005
1972	3007
1972	3009
1972	3024
1972	3026
1972	3027
1972	3028
1972	3029
1972	3030
1972	3059
1972	3084
1972	3089
1972	3114
1972	3117
1972	3140
1972	3148
1972	3150
1972	3173
1972	3180
1972	3260
1972	3307
1972	3338
1972	3352
1972	3371
1972	3404
1972	3408
1972	3417
1972	3456
1972	3473
1972	3480
1972	3489
1972	3516
1972	3529
1972	3562
1972	3580
1972	3587
1972	3650
1972	3680
1972	3800
1972	3807
1972	3842
1972	3843
1972	3847
1972	3892
1972	3903
1972	3970
1972	4041
1972	4043
1972	4055
1972	4110
1972	4162
1972	4179
1972	4201
1972	4448
1972	4600
1972	4604
1972	4712
1972	4713
1972	4795
1972	4929
1972	5155
1972	5188
1972	5273
1972	5323
1972	5327
1972	5341
1972	5430
1972	5439
1972	5449
1972	5463
1972	5584
1972	5626
1972	5827
1972	6006
1972	6437
1972	6441
1972	6458
1972	6501
1972	6552
1972	6589
1972	6594
1972	6600
1972	8293
1972	8294
1975	1284
1976	974
1976	1284
1976	1285
1976	1977
1976	2470
1976	2955
1977	859
1977	993
1977	1018
1977	1031
1977	1035
1977	1111
1977	1243
1977	1284
1977	1353
1977	1378
1977	1482
1977	1565
1977	1608
1977	1621
1977	1707
1977	1772
1977	1836
1977	1888
1977	1997
1977	2004
1977	2062
1977	2076
1977	2145
1977	2240
1977	2246
1977	2329
1977	2332
1977	2339
1977	2341
1977	2362
1977	2385
1977	2593
1977	2685
1977	8291
1978	1284
1979	15
1979	762
1952	1482
1952	1622
1952	1816
1980	947
1980	993
1980	1482
1980	1492
1980	1585
1980	1622
1980	1700
1980	1772
1980	1777
1980	1816
1980	1835
1980	1842
1980	1888
1980	1956
1980	1964
1980	2073
1980	2128
1980	2145
1980	2174
1980	2240
1980	2241
1980	2329
1980	2338
1980	2341
1980	2375
1980	2400
1980	2504
1980	2547
1980	2560
1980	2565
1980	2587
1980	2623
1980	2625
1980	2685
1980	2794
1980	2825
1980	2922
1980	2993
1980	3005
1980	3029
1980	3117
1980	3321
1980	3352
1980	3557
1980	3660
1980	4335
1980	4662
1981	1816
1981	2799
1982	214
1982	1211
1982	1250
1982	1267
1982	1816
1982	2004
1982	2062
1982	3459
1982	3792
1982	3919
1982	4536
1982	5002
1982	5037
1982	5188
1982	5288
1982	5839
1982	6270
1982	6305
1982	6327
1982	6388
1982	6712
1982	6869
1982	6948
1982	6994
1982	7553
1982	7620
1982	7658
1982	7839
1982	7961
1984	2252
1984	2871
1984	3887
1984	4011
1984	4191
1984	4875
1984	5817
1985	762
1985	946
1985	959
1985	993
1985	1166
1985	1357
1985	1390
1985	1482
1985	1492
1985	1549
1985	1621
1985	1622
1985	1633
1985	1700
1985	1734
1985	1749
1985	1754
1985	1888
1985	1919
1985	1987
1985	1992
1985	1997
1985	2062
1985	2117
1985	2128
1985	2157
1985	2209
1985	2231
1985	2241
1985	2276
1985	2323
1985	2328
1985	2516
1985	2623
1985	2625
1985	2643
1985	2646
1985	2655
1985	2674
1985	2828
1985	2830
1985	2834
1985	3099
1985	3253
1985	3307
1985	3404
1985	3443
1985	3460
1985	3464
1985	3650
1985	3956
1985	4485
1985	4735
1985	4808
1985	5817
1985	8290
1986	761
1986	908
1986	993
1986	1585
1986	1772
1986	1787
1986	1835
1986	1888
1986	1985
1986	1987
1986	2145
1986	2193
1986	2211
1986	2504
1986	4037
1986	4110
1986	4735
1988	1622
1989	1622
1990	1074
1990	1239
1990	1352
1990	1385
1990	1549
1990	1622
1990	2066
1990	2324
1990	2398
1990	2565
1990	2693
1990	3007
1990	3562
1990	3646
1990	3785
1990	3830
1990	3919
1990	4065
1990	4233
1990	4384
1990	4709
1990	4712
1990	4735
1990	5037
1990	5188
1990	5210
1990	5285
1990	5950
1990	6501
1990	6552
1990	6570
1990	6599
1990	6613
1990	6707
1990	6739
1990	8294
1991	56
1991	350
1991	403
1991	425
1991	633
1991	765
1991	993
1991	1049
1991	1267
1991	1291
1991	1374
1991	1384
1991	1419
1991	1482
1991	1521
1991	1622
1991	1633
1991	1637
1991	1646
1991	1653
1991	1705
1991	1723
1991	1734
1991	1754
1991	1792
1991	1808
1991	1814
1991	1842
1991	1956
1991	1992
1991	2097
1991	2102
1991	2120
1991	2174
1991	2225
1991	2256
1991	2264
1991	2322
1991	2375
1991	2410
1991	2547
1991	2593
1991	2599
1991	2625
1991	2665
1991	2685
1991	2707
1991	2768
1991	2777
1991	2794
1991	2805
1991	2809
1991	2814
1991	2828
1991	2830
1991	2834
1991	2856
1991	2922
1991	2955
1991	2963
1991	2968
1991	3130
1991	3140
1991	3150
1991	3251
1991	3253
1992	56
1992	764
1992	937
1992	1384
1992	1492
1992	1622
1992	1700
1992	1808
1992	2117
1992	2120
1992	2128
1992	2504
1992	2594
1992	2625
1992	2665
1992	3253
1993	946
1993	1622
1993	3059
1994	1151
1995	1151
1995	1919
1995	7497
1996	1151
1997	56
1997	332
1997	415
1997	587
1997	665
1997	761
1997	764
1997	836
1997	873
1997	937
1997	947
1997	968
1997	975
1997	1018
1997	1031
1997	1035
1997	1061
1997	1097
1997	1111
1997	1137
1997	1151
1997	1186
1997	1285
1997	1297
1997	1353
1997	1378
1997	1407
1997	1482
1997	1492
1997	1542
1997	1547
1997	1585
1997	1608
1997	1613
1997	1621
1997	1697
1997	1700
1997	1707
1997	1717
1997	1730
1997	1749
1997	1757
1997	1772
1997	1783
1997	1787
1997	1835
1997	1842
1997	1848
1997	1919
1997	1965
1997	1977
1997	1991
1997	2004
1997	2062
1997	2066
1997	2071
1997	2073
1997	2079
1997	2085
1997	2095
1997	2097
1997	2106
1997	2109
1997	2117
1997	2119
1997	2128
1997	2151
1997	2157
1997	2165
1997	2168
1997	2178
1997	2181
1997	2202
1997	2210
1997	2240
1997	2241
1997	2246
1997	2273
1997	2332
1997	2435
1997	2475
1997	2504
1997	2579
1997	2587
1997	2593
1997	2604
1997	3136
1997	8290
1794	1018
1794	1166
1794	1393
1794	1482
1794	1633
1794	1706
1794	1814
1794	1847
1794	1919
1794	2071
1794	2135
1794	2225
1794	2246
1794	2251
1794	2297
1794	2324
1794	2375
1794	2475
1794	2565
1794	2580
1794	2625
1794	2794
1794	2828
1794	3034
1794	3892
1794	3970
2000	1482
2001	415
2001	764
2001	1159
2001	1482
2001	1492
2001	1700
2001	1783
2001	1991
2001	2004
2001	2071
2001	2241
2001	2625
2001	3089
2001	3191
2001	3393
2001	3554
2001	3897
2001	3910
2001	3976
2001	4355
2001	4361
2001	4448
2001	4666
2001	5022
2001	5392
2001	5452
2001	5459
2001	5568
2001	5651
2001	5828
2001	5863
2001	5886
2001	5963
2001	5994
2001	6029
2001	7012
2001	8042
2001	8121
2001	8290
2002	2004
2005	415
2008	665
2009	350
2009	665
2009	762
2009	946
2009	1026
2009	1166
2009	1211
2009	1267
2009	1357
2009	1707
2009	1717
2009	1835
2009	1918
2009	1964
2009	1992
2009	2014
2009	2083
2009	2091
2009	2135
2009	2174
2009	2193
2009	2237
2009	2257
2009	2297
2009	2328
2009	2456
2009	2470
2009	2485
2009	2504
2009	2516
2009	2599
2009	2646
2009	2651
2009	2660
2009	2669
2009	2809
2009	2830
2009	3033
2009	3173
2009	3251
2009	3334
2009	3352
2009	3408
2009	3443
2009	3455
2009	3460
2009	3464
2009	3473
2009	3680
2009	3755
2009	3871
2009	4037
2009	4289
2009	4687
2009	4811
2009	4828
2009	5028
2009	5162
2009	5341
2009	5421
2009	6624
2009	7279
2009	7553
2040	665
2010	665
2010	2095
2010	2101
2010	2470
2010	2658
2010	3310
2010	3352
2010	4687
2010	5020
2010	5079
2010	5301
2010	5466
2010	5529
2010	5839
2010	5933
2010	6320
2010	6523
2010	6560
2010	7021
2010	7277
2010	7443
2010	7694
2010	7726
2010	7795
2010	7803
2010	7946
2010	7992
2011	665
2011	4687
2011	5162
2012	665
2012	2014
2012	2135
2013	665
2042	665
2042	2470
2014	665
2014	1267
2014	2095
2014	2135
2014	2237
2014	2253
2014	2470
2014	2909
2014	3452
2014	3607
2015	665
2016	15
2016	417
2016	665
2016	1315
2016	2237
2016	2371
2016	2643
2016	2653
2016	2697
2016	3026
2016	3059
2016	3748
2016	3892
2017	665
2018	665
2018	2470
2019	665
2020	665
2021	665
2044	665
2044	2470
2023	665
2024	665
2025	665
2026	665
2027	665
2045	665
2029	665
2029	2135
2030	665
2031	665
2032	665
2033	72
2033	665
2033	1026
2033	1473
2033	1548
2033	2398
2033	2542
2033	2654
2033	3084
2033	3192
2033	3352
2033	3408
2033	3835
2033	4276
2033	4338
2033	4510
2033	5123
2033	5254
2033	5341
2033	5452
2033	5484
2033	5511
2034	665
2035	665
2036	665
2036	2470
2037	665
2037	2643
2037	5103
2037	5140
2037	5524
2037	5543
2037	6111
2037	6481
698	665
698	2066
698	2323
698	2508
698	2595
698	2653
698	2966
698	3117
698	3260
698	4110
698	4216
2038	665
2038	1031
2038	2341
2038	2350
2038	2877
2049	974
2049	1697
2049	2657
2050	1697
2050	1730
2050	2322
2050	4335
2051	1697
2052	946
2052	968
2052	993
2052	1097
2052	1186
2052	1697
2052	1717
2052	1835
2052	2117
2052	2193
2052	2246
2052	2475
2052	2570
2052	8291
2053	1200
2054	1564
2054	2055
2054	2066
2056	1550
2057	1550
2058	1550
2059	2060
2059	2576
2059	6907
2059	6980
2061	765
2061	1585
2061	1646
2061	1888
2062	72
2062	285
2062	332
2062	587
2062	722
2062	761
2062	764
2062	836
2062	873
2062	937
2062	946
2062	947
2062	959
2062	975
2062	993
2062	1031
2062	1035
2062	1061
2062	1111
2062	1166
2062	1243
2062	1267
2062	1285
2062	1297
2062	1353
2062	1378
2062	1444
2062	1492
2062	1542
2062	1565
2062	1566
2062	1583
2062	1585
2062	1613
2062	1621
2062	1633
2062	1678
2062	1700
2062	1707
2062	1714
2062	1717
2062	1749
2062	1754
2062	1757
2062	1772
2062	1783
2062	1836
2062	1842
2062	1848
2062	1888
2062	1919
2062	1965
2062	1977
2062	1985
2062	1991
2062	1997
2062	2066
2062	2071
2062	2073
2062	2079
2062	2085
2062	2091
2062	2095
2062	2097
2062	2109
2062	2114
2062	2119
2062	2121
2062	2128
2062	2137
2062	2145
2062	2151
2062	2157
2062	2165
2062	2168
2062	2178
2062	2181
2062	2182
2062	2193
2062	2195
2062	2202
2062	2205
2062	2206
2062	2210
2062	2211
2062	2241
2062	2246
2062	2253
2062	2273
2062	2277
2062	2285
2062	2297
2062	2322
2062	2325
2062	2328
2062	2329
2062	2333
2062	2339
2062	2341
2062	2350
2062	2381
2062	2385
2062	2397
2062	2400
2062	2593
2062	2594
2062	2625
2062	2651
2062	2654
2062	2693
2062	2877
2062	2923
2062	3007
2062	3014
2062	3117
2062	3192
2062	3265
2062	3803
2062	7478
2062	8290
2062	8291
2063	937
2063	1186
2063	1285
2063	1378
2063	1564
2063	1585
2063	1707
2063	1730
2063	1835
2063	1965
2063	1977
2063	2079
2063	2101
2063	2117
2063	2425
2063	2470
2063	2475
2063	2593
2063	2625
2063	2643
2063	2685
2064	2066
2064	4191
2065	465
2065	633
2065	959
2065	993
2065	1111
2065	1166
2065	1297
2065	1315
2065	1323
2065	1549
2065	1633
2065	1772
2065	1808
2065	1842
2065	1919
2065	1956
2065	2066
2065	2225
2065	2240
2065	2328
2065	2385
2065	2508
2065	2542
2065	2619
2065	2623
2065	2660
2065	2736
2065	2871
2065	3002
2065	3018
2065	3130
2065	3164
2065	3192
2065	3253
2065	3260
2065	3291
2065	3443
2065	3454
2065	3456
2065	3458
2065	3587
2065	3769
2065	3843
2065	3970
2065	4138
2065	4338
2065	5100
2065	5254
2065	6566
2065	8290
2069	1049
2069	1250
2069	1323
2069	1608
2069	1717
2069	1964
2069	2076
2069	2339
2069	2470
2069	2475
2069	2570
2069	2571
2069	2580
2069	2587
2069	2593
2069	2685
2069	2946
2068	1783
2068	2069
2068	2242
2068	4981
2071	1378
2071	1992
2071	2066
2071	2073
2071	2145
2071	2211
2071	2625
2070	2073
2072	56
2072	285
2072	332
2072	350
2072	722
2072	859
2072	873
2072	946
2072	947
2072	959
2072	993
2072	1012
2072	1018
2072	1031
2072	1035
2072	1049
2072	1097
2072	1137
2072	1186
2072	1250
2072	1285
2072	1291
2072	1297
2072	1374
2072	1378
2072	1384
2072	1390
2072	1419
2072	1444
2072	1492
2072	1521
2072	1542
2072	1547
2072	1583
2072	1592
2072	1596
2072	1608
2072	1621
2072	1637
2072	1646
2072	1653
2072	1700
2072	1707
2072	1717
2072	1723
2072	1730
2072	1749
2072	1757
2072	1772
2072	1787
2072	1808
2072	1835
2072	1836
2072	1842
2072	1847
2072	1848
2072	1888
2072	1918
2072	1956
2072	1964
2072	1977
2072	1985
2072	1991
2072	1997
2072	2062
2072	2073
2072	2091
2072	2097
2072	2102
2072	2106
2072	2117
2072	2128
2072	2137
2072	2151
2072	2157
2072	2178
2072	2193
2072	2210
2072	2240
2072	2256
2072	2264
2072	2322
2072	2323
2072	2397
2072	2400
2072	2410
2072	2426
2072	2470
2072	2475
2072	2479
2072	2517
2072	2560
2072	2571
2072	2593
2072	2599
2072	2604
2072	2618
2072	2619
2072	2625
2072	2643
2072	2665
2072	2669
2072	2707
2072	2721
2072	2754
2072	2777
2072	2785
2072	2787
2072	2794
2072	2801
2072	2809
2072	2814
2072	2815
2072	2834
2072	2838
2072	2968
2072	2999
2072	3029
2072	3033
2072	8290
2072	8291
2077	1991
2081	1707
2082	1707
2083	2322
2083	3548
2095	2182
2095	2185
2095	2193
2095	2470
2095	2504
2095	5162
2084	1997
2084	2085
2084	2091
2084	2092
2084	2095
2084	2185
2084	2244
2084	2247
2084	2470
2084	5200
2085	968
2085	1018
2085	1049
2085	1111
2085	1250
2085	1419
2085	1521
2085	1608
2085	1792
2085	1835
2085	1919
2085	1992
2085	2076
2085	2091
2085	2095
2085	2117
2085	2128
2085	2264
2085	2322
2085	2332
2085	2400
2085	2435
2085	2504
2085	2579
2085	2593
2085	2685
2085	2834
2085	5162
2086	2095
2087	2095
2088	1997
2088	2085
2088	2091
2088	2095
2088	2112
2088	2470
2089	2095
2090	2095
2091	1307
2091	1836
2091	2095
2091	2193
2091	2210
2091	2328
2091	2470
2091	2643
2092	2085
2092	2091
2092	2095
2092	2185
2092	2247
2092	2470
2092	5162
2093	285
2093	350
2093	993
2093	1049
2093	1097
2093	1186
2093	1250
2093	1315
2093	1374
2093	1416
2093	1564
2093	1566
2093	1608
2093	1717
2093	1772
2093	1792
2093	1835
2093	1847
2093	1964
2093	1992
2093	2095
2093	2117
2093	2119
2093	2137
2093	2157
2093	2174
2093	2240
2093	2323
2093	2435
2093	2470
2093	2475
2093	2547
2093	2560
2093	2579
2093	2587
2093	2593
2093	2604
2093	2607
2093	2625
2093	2643
2093	2685
2093	2707
2093	2720
2093	2790
2093	2830
2093	2922
2093	2966
2093	2972
2093	3029
2093	3106
2093	3117
2093	3253
2093	3351
2093	4709
2093	7979
2096	1730
2096	5799
2097	993
2097	1012
2097	1018
2097	2182
2097	2422
2097	2490
2097	2607
2100	2101
2099	1297
2099	1353
2099	1547
2099	1565
2099	1700
2099	1997
2099	2062
2099	2085
2099	2091
2099	2092
2099	2101
2099	2182
2099	2185
2099	2193
2099	2244
2099	2247
2099	2290
2099	2348
2099	2385
2099	2470
2099	2504
2099	8290
2102	285
2102	762
2102	778
2102	825
2102	993
2102	1012
2102	1166
2102	1211
2102	1243
2102	1291
2102	1416
2102	1473
2102	1492
2102	1549
2102	1596
2102	1633
2102	1769
2102	1777
2102	1808
2102	2106
2102	2323
2102	2328
2102	2474
2102	2535
2102	2542
2102	2565
2102	2576
2102	2594
2102	2638
2102	2707
2102	2790
2102	2815
2102	2968
2102	3080
2102	3171
2102	3843
2102	3912
2102	3976
2102	4335
2102	4351
2102	5176
2102	5459
2102	5683
2102	5780
2102	5947
2104	1407
2104	2106
2103	1035
2103	2106
2105	761
2105	873
2105	1111
2105	2106
2105	2157
2105	2174
2105	2206
2105	2231
2105	3114
2105	3681
2105	8290
2109	762
2109	1186
2109	1211
2109	1453
2109	1744
2109	2066
2109	2210
2109	2350
2109	2354
2109	2398
2109	2411
2109	2508
2109	2516
2109	2535
2109	2565
2109	2775
2109	2859
2109	3007
2109	3117
2109	3192
2109	3393
2109	3394
2109	3443
2109	3480
2109	3489
2109	3562
2109	3843
2109	3926
2109	3946
2109	4021
2109	4044
2109	4201
2109	4234
2109	4247
2109	4266
2109	4338
2109	4424
2109	4463
2109	4510
2109	4536
2109	4661
2109	4666
2109	4735
2109	5100
2109	5327
2109	5392
2109	5790
2108	1186
2108	2109
2108	2625
2108	2651
2110	762
2110	1407
2110	7890
2111	1407
2111	1688
2111	2871
2111	3030
2112	2185
2114	290
2114	1291
2114	1706
2114	1734
2114	1754
2114	1777
2114	1781
2114	1919
2114	1965
2114	2016
2114	2251
2114	2323
2114	2585
2114	2593
2114	2617
2114	2625
2114	2727
2114	2815
2114	2830
2114	2968
2114	2993
2114	2999
2114	3007
2114	3026
2114	3028
2114	3029
2114	3034
2114	3050
2114	3056
2114	3059
2114	3068
2114	3084
2114	3099
2114	3117
2114	3140
2114	3404
2114	3576
2114	3680
2114	3970
2115	1186
2115	1211
2115	1285
2115	1310
2115	1835
2115	1965
2115	2210
2115	2576
2115	2645
2115	2785
2115	2871
2115	4574
2115	5459
2115	5721
2115	5828
2115	6094
2116	350
2116	587
2116	1166
2116	1723
2116	1888
2116	1977
2116	2114
2116	2117
2116	2206
2116	2234
2116	2256
2116	2273
2116	2504
2116	2579
2116	2721
2116	2794
2116	3005
2116	3034
2116	3529
2116	3804
2119	765
2119	856
2119	1814
2119	2625
2119	3251
2117	204
2117	968
2117	993
2117	1049
2117	2066
2117	2119
2117	2182
2117	2364
2117	2375
2117	2398
2117	2456
2117	2470
2117	2504
2117	2517
2117	2535
2117	2966
2117	4037
2117	4735
2117	4808
2117	4811
2117	4820
2117	4827
2117	4875
2118	350
2118	417
2118	737
2118	764
2118	765
2118	968
2118	993
2118	1018
2118	1049
2118	1097
2118	1239
2118	1285
2118	1492
2118	1547
2118	1565
2118	1566
2118	1571
2118	1633
2118	1646
2118	1700
2118	1714
2118	1769
2118	1772
2118	1792
2118	1847
2118	1888
2118	1919
2118	2071
2118	2114
2118	2119
2118	2128
2118	2209
2118	2240
2118	2246
2118	2256
2118	2323
2118	2324
2118	2328
2118	2332
2118	2338
2118	2345
2118	2381
2118	2385
2118	2400
2118	2435
2118	2456
2118	2511
2118	2550
2118	2579
2118	2580
2118	2585
2118	2587
2118	2594
2118	2617
2118	2651
2118	2653
2118	2655
2118	2657
2118	2667
2118	2685
2118	2693
2118	2696
2118	2707
2118	2727
2118	2774
2118	2775
2118	2777
2118	2805
2118	2811
2118	2822
2118	2828
2118	2851
2118	2856
2118	2900
2118	2909
2118	2958
2118	2966
2118	2968
2118	2977
2118	2999
2118	3125
2118	3253
2118	3351
2118	3352
2118	3408
2118	3417
2118	3433
2118	3439
2118	3454
2118	3580
2118	3607
2118	3752
2118	3806
2118	3812
2118	3892
2118	3898
2118	3939
2118	4037
2118	4201
2118	4297
2118	4299
2118	4400
2118	4448
2118	4463
2118	4735
2118	5092
2118	5130
2118	5412
2118	5459
2118	5524
2118	5605
2118	5886
2118	8290
2121	1111
2120	332
2120	417
2120	737
2120	764
2120	765
2120	975
2120	993
2120	1012
2120	1024
2120	1049
2120	1140
2120	1166
2120	1353
2120	1492
2120	1549
2120	1596
2120	1608
2120	1621
2120	1700
2120	1714
2120	1772
2120	1781
2120	1783
2120	1842
2120	1848
2120	1997
2120	2001
2120	2071
2120	2117
2120	2121
2120	2128
2120	2145
2120	2165
2120	2195
2120	2205
2120	2206
2120	2211
2120	2225
2120	2234
2120	2242
2120	2246
2120	2276
2120	2281
2120	2285
2120	2290
2120	2307
2120	2323
2120	2325
2120	2328
2120	2329
2120	2333
2120	2350
2120	2426
2120	2484
2120	2501
2120	2504
2120	2517
2120	2575
2120	2579
2120	2589
2120	2591
2120	2594
2120	2607
2120	2619
2120	2625
2120	2650
2120	2657
2120	2667
2120	2720
2120	2724
2120	2751
2120	2774
2120	2781
2120	2797
2120	2799
2120	2811
2120	2834
2120	2900
2120	2902
2120	2926
2120	2974
2120	2979
2120	2996
2120	3056
2120	3068
2120	3082
2120	3089
2120	3104
2120	3126
2120	3193
2120	3243
2120	3258
2120	3320
2120	3324
2120	3409
2120	3429
2120	3459
2120	3480
2120	3538
2120	3548
2120	3835
2120	4179
2120	4261
2120	4466
2120	4536
2120	4735
2120	4780
2120	5072
2120	5079
2120	5412
2120	5638
2120	6321
2120	6388
2120	6980
2120	7146
2120	7277
2120	7323
2120	7632
2120	7839
2120	7994
2120	8225
2120	8290
2125	1566
2125	1836
2125	2145
2126	993
2127	15
2127	993
2127	2625
2128	764
2128	993
2128	1992
2129	978
2129	993
2129	1990
2129	2144
2129	2210
2129	2328
2129	2398
2129	2565
2129	2625
2129	2657
2129	3024
2129	3026
2129	3034
2129	3144
2129	3404
2129	3439
2129	3454
2129	3529
2129	3557
2129	3568
2129	3645
2129	3724
2129	3800
2129	3812
2129	3903
2129	3958
2129	4049
2129	4138
2129	4234
2129	4290
2129	4299
2129	4335
2129	4424
2129	4463
2129	4510
2129	4528
2129	4531
2129	4547
2129	4578
2129	4735
2129	4808
2129	5891
2129	8293
2129	8294
2130	290
2130	993
2130	1646
2130	1723
2130	1977
2130	2375
2130	2470
2130	2955
2131	993
2132	993
2133	56
2133	214
2133	332
2133	350
2133	403
2133	722
2133	765
2133	859
2133	946
2133	947
2133	959
2133	968
2133	993
2133	1018
2133	1031
2133	1035
2133	1049
2133	1097
2133	1186
2133	1211
2133	1243
2133	1250
2133	1291
2133	1297
2133	1374
2133	1384
2133	1390
2133	1419
2133	1492
2133	1521
2133	1547
2133	1565
2133	1596
2133	1608
2133	1621
2133	1637
2133	1646
2133	1653
2133	1700
2133	1705
2133	1717
2133	1723
2133	1772
2133	1808
2133	1835
2133	1836
2133	1842
2133	1847
2133	1888
2133	1918
2133	1956
2133	1964
2133	1977
2133	1992
2133	2062
2133	2076
2133	2102
2133	2117
2133	2120
2133	2174
2133	2193
2133	2240
2133	2322
2133	2323
2133	2329
2133	2332
2133	2340
2133	2341
2133	2345
2133	2350
2133	2375
2133	2385
2133	2397
2133	2400
2133	2410
2133	2425
2133	2435
2133	2470
2133	2475
2133	2479
2133	2490
2133	2504
2133	2547
2133	2560
2133	2570
2133	2579
2133	2580
2133	2587
2133	2593
2133	2599
2133	2604
2133	2619
2133	2625
2133	2643
2133	2646
2133	2665
2133	2669
2133	2685
2133	2707
2133	2720
2133	2721
2133	2754
2133	2768
2133	2777
2133	2781
2133	2794
2133	2797
2133	2805
2133	2809
2133	2814
2133	2815
2133	2828
2133	2834
2133	2838
2133	2877
2133	2880
2133	2922
2133	2926
2133	2955
2133	2963
2133	2968
2133	2972
2133	2979
2133	2993
2133	2999
2133	3029
2133	3755
2133	8290
2133	8291
2134	993
2134	1990
2134	2144
2134	2328
2134	3125
2134	3192
2134	4191
2134	4256
2134	4289
2134	4290
2134	4299
2134	4323
2134	4365
2134	4386
2135	15
2135	737
2135	741
2135	762
2135	825
2135	993
2135	1247
2135	1267
2135	1297
2135	1419
2135	1453
2135	1473
2135	1633
2135	1729
2135	1792
2135	1837
2135	1972
2135	1982
2135	2014
2135	2117
2135	2120
2135	2145
2135	2174
2135	2225
2135	2251
2135	2256
2135	2289
2135	2322
2135	2323
2135	2324
2135	2328
2135	2375
2135	2381
2135	2398
2135	2433
2135	2456
2135	2470
2135	2485
2135	2508
2135	2516
2135	2517
2135	2535
2135	2560
2135	2565
2135	2594
2135	2625
2135	2651
2135	2654
2135	2657
2135	2658
2135	2693
2135	2707
2135	2747
2135	2763
2135	2774
2135	2775
2135	2790
2135	2794
2135	2830
2135	2844
2135	2851
2135	2900
2135	2909
2135	2912
2135	2963
2135	3010
2135	3020
2135	3033
2135	3034
2135	3089
2135	3117
2135	3126
2135	3237
2135	3238
2135	3253
2135	3276
2135	3321
2135	3338
2135	3352
2135	3371
2135	3393
2135	3452
2135	3456
2135	3480
2135	3537
2135	3568
2135	3614
2135	3691
2135	3724
2135	3748
2135	3787
2135	3792
2135	3807
2135	3873
2135	3880
2135	3887
2135	4037
2135	4099
2135	4124
2135	4179
2135	4191
2135	4234
2135	4266
2135	4335
2135	4448
2135	4463
2135	4530
2135	4534
2135	4536
2135	4604
2135	4661
2135	4712
2135	4735
2135	4748
2135	4777
2135	4811
2135	4820
2135	4827
2135	4846
2135	4899
2135	4953
2135	5002
2135	5100
2135	5155
2135	5222
2135	5254
2135	5404
2135	5412
2135	5449
2135	5454
2135	5459
2135	5463
2135	5484
2135	5539
2135	5568
2135	5651
2135	5683
2135	5743
2135	5963
2135	6218
2135	6262
2135	6337
2135	6496
2135	7587
2135	7632
2135	7908
2136	2137
2138	1285
2139	285
2139	2151
2139	8290
2141	1772
2141	2151
2142	1186
2142	2151
2143	2151
2144	15
2144	417
2144	737
2144	2151
2144	2210
2144	2328
2144	2398
2144	2653
2144	3454
2144	3456
2144	3459
2144	3660
2144	3720
2144	4037
2144	4051
2144	4218
2144	4266
2144	4349
2144	4687
2144	4735
2144	5285
2144	7632
2144	8294
2145	204
2145	737
2145	947
2145	974
2145	1166
2145	1549
2145	1608
2145	1637
2145	1653
2145	1679
2145	1705
2145	1734
2145	1814
2145	1847
2145	1888
2145	1982
2145	2066
2145	2120
2145	2144
2145	2151
2145	2210
2145	2258
2145	2289
2145	2297
2145	2323
2145	2328
2145	2356
2145	2364
2145	2375
2145	2398
2145	2411
2145	2456
2145	2504
2145	2516
2145	2535
2145	2565
2145	2594
2145	2620
2145	2651
2145	2747
2145	2774
2145	2775
2145	2790
2145	2794
2145	2811
2145	2822
2145	2831
2145	2871
2145	2912
2145	2922
2145	2981
2145	3002
2145	3005
2145	3024
2145	3084
2145	3125
2145	3130
2145	3140
2145	3260
2145	3265
2145	3291
2145	3320
2145	3334
2145	3338
2145	3376
2145	3393
2145	3439
2145	3473
2145	3537
2145	3587
2145	3631
2145	3645
2145	3664
2145	3787
2145	3800
2145	3807
2145	3843
2145	3873
2145	3903
2145	4037
2145	4191
2145	4234
2145	4266
2145	4289
2145	4335
2145	4384
2145	4400
2145	4424
2145	4485
2145	4574
2145	4587
2145	4687
2145	4735
2145	4792
2145	4798
2145	4827
2145	4875
2145	4953
2145	5020
2145	5058
2145	5079
2145	5092
2145	5130
2145	5200
2145	5210
2145	5226
2145	5254
2145	5273
2145	5288
2145	5404
2145	5412
2145	5463
2145	5543
2145	5563
2145	5800
2145	5811
2145	5827
2145	5828
2145	5837
2145	5902
2145	6006
2145	6096
2145	6097
2145	6166
2145	6221
2145	6299
2145	6330
2145	6414
2145	6437
2145	6441
2145	6498
2145	6554
2145	6634
2145	6784
2145	6855
2145	6901
2145	7279
2145	7632
2145	7651
2145	7699
2145	7757
2145	7924
2145	8290
2145	8293
2145	8297
2146	2151
2147	2151
2148	2151
2149	975
2149	2151
2150	2151
2152	1757
2152	2085
2152	2165
2152	2181
2156	761
2156	762
2156	946
2156	1012
2156	1035
2156	1061
2156	1140
2156	1353
2156	1492
2156	1549
2156	1608
2156	1621
2156	1678
2156	1700
2156	1772
2156	1888
2156	1992
2156	2071
2156	2157
2156	2165
2156	2182
2156	2195
2156	2205
2156	2211
2156	2233
2156	2241
2156	2294
2156	2329
2156	2362
2156	2378
2156	2484
2156	2490
2156	2499
2156	2517
2156	2580
2156	2589
2156	2670
2156	2736
2156	3745
2156	8290
2156	8291
2155	2157
2159	764
2159	1140
2159	1444
2159	1749
2159	1783
2159	1848
2159	1888
2159	1919
2159	1997
2159	2071
2159	2091
2159	2128
2159	2145
2159	2210
2159	2241
2159	2246
2159	2253
2159	8290
2160	15
2160	761
2160	762
2160	1297
2160	1416
2160	1549
2160	2066
2160	2328
2160	2371
2160	2398
2160	2470
2160	2508
2160	2535
2160	2900
2160	3089
2160	3140
2160	3145
2160	3150
2160	3164
2160	3253
2160	3562
2160	3776
2160	3812
2160	5254
2160	5829
2160	8290
2161	761
2161	2409
2161	8290
2163	761
2163	873
2164	761
2168	350
2168	2174
2168	2977
2167	2168
2169	946
2169	1031
2169	1035
2169	1211
2169	1374
2169	1390
2169	1521
2169	1621
2169	1705
2169	1772
2169	1836
2169	1842
2169	1888
2169	1977
2169	1997
2169	2117
2169	2120
2169	2174
2169	2202
2169	2241
2169	2246
2169	2285
2169	2294
2169	2322
2169	2329
2169	2580
2169	2669
2169	2685
2169	2902
2169	8290
2169	8291
2169	8292
2170	1772
2170	2544
2171	1297
2171	1679
2171	1772
2171	2416
2171	2651
2171	2660
2171	2708
2171	2754
2171	2790
2171	3021
2171	3030
2171	3307
2171	3319
2171	3338
2171	3351
2171	4713
2172	15
2172	332
2172	873
2172	968
2172	1111
2172	1250
2172	1384
2172	1608
2172	1772
2172	1956
2172	1964
2172	2163
2172	2479
2172	2484
2172	2535
2172	2570
2172	2685
2172	2777
2172	2794
2172	2801
2172	2877
2172	3034
2172	3479
2172	3614
2172	3897
2172	4037
2172	4980
2172	6328
2172	6407
2173	1772
2174	214
2174	1154
2174	1353
2174	1374
2174	1564
2174	1583
2174	1592
2174	1621
2174	1808
2174	2066
2174	2102
2174	2120
2174	2160
2174	2210
2174	2256
2174	2276
2174	2328
2174	2332
2174	2339
2174	2410
2174	2411
2174	2435
2174	2470
2174	2504
2174	2570
2174	2576
2174	2585
2174	2594
2174	2607
2174	2618
2174	2619
2174	2620
2174	2625
2174	2651
2174	2751
2174	2754
2174	2770
2174	2775
2174	2777
2174	2801
2174	2809
2174	2821
2174	2825
2174	2828
2174	2838
2174	2877
2174	2928
2174	2946
2174	2955
2174	3007
2174	3030
2174	3155
2174	3253
2174	3351
2174	3439
2174	3486
2174	3516
2174	3903
2174	4231
2174	4269
2174	4687
2174	5626
2174	6498
2174	7620
2174	8291
2175	2163
2176	762
2176	856
2176	873
2176	1211
2176	1792
2176	2205
2176	2237
2176	2322
2176	2411
2176	2651
2176	2654
2176	2662
2176	2700
2176	2856
2176	3099
2176	3164
2176	3307
2177	873
2177	2991
2177	2993
2178	15
2178	2285
2178	2625
2181	2475
2181	4983
2179	2181
2180	2181
2182	2185
2183	2185
2184	2085
2184	2185
2184	2264
2186	741
2186	1026
2186	1111
2186	1291
2186	1315
2186	1403
2186	1419
2186	1705
2186	1769
2186	1808
2186	1918
2186	1919
2186	2174
2186	2209
2186	2264
2186	2375
2186	2547
2186	2599
2186	2665
2186	2727
2186	2747
2186	2775
2186	2814
2186	2922
2186	2963
2186	2968
2186	2977
2186	2979
2186	2999
2186	3021
2186	3029
2186	3089
2186	3148
2186	3192
2186	3238
2186	3321
2186	3351
2186	3352
2186	3408
2186	3607
2186	3969
2186	4269
2186	4338
2186	4574
2186	4604
2186	4828
2186	5103
2186	5199
2186	5404
2186	5423
2186	5584
2186	5680
2186	5848
2186	6006
2186	6098
2186	6229
2186	6299
2186	6832
2186	6913
2186	7073
2186	7108
2187	1111
2188	1111
2188	1548
2188	5254
2189	1111
2190	1111
2191	1111
2192	1315
2192	2195
2192	6914
2192	7131
2192	7803
2193	1031
2193	1211
2193	1297
2193	1492
2193	1836
2193	1935
2193	2062
2193	2195
2193	2240
2193	2398
2193	2991
2193	3811
2194	2145
2194	2195
2194	2242
2196	2085
2196	4179
2196	7890
2197	859
2197	1835
2197	2085
2197	2470
2198	2085
2198	2091
2198	2247
2199	2085
2200	2202
2200	2504
2201	2202
2203	975
2204	975
2206	1097
2206	1154
2206	1374
2206	1608
2206	1956
2206	2233
2206	2234
2206	2340
2206	2411
2206	2499
2206	2504
2206	2672
2206	2720
2206	2777
2209	204
2209	350
2209	974
2209	1166
2209	1357
2209	1416
2209	1564
2209	1633
2209	1646
2209	1653
2209	1787
2209	2120
2209	2252
2209	2338
2209	2410
2209	2504
2209	2542
2209	2594
2209	2657
2209	2720
2209	2805
2209	2819
2209	2900
2209	3018
2209	3020
2209	3148
2209	3201
2209	3473
2209	3489
2209	3580
2209	3587
2210	1061
2210	1140
2210	1749
2210	1787
2210	2066
2210	2211
2210	2246
2210	2253
2210	2544
2210	2790
2210	3084
2210	3394
2210	3562
2210	4013
2210	4233
2210	4735
2210	5412
2212	1985
2213	1985
2214	1985
2214	1997
2214	3136
2215	1211
2215	1444
2215	1714
2215	2397
2215	2456
2215	2470
2215	3018
2215	3027
2215	3334
2215	3792
2215	4384
2215	4735
2215	5463
2215	6296
2215	7108
2216	1714
2217	825
2217	1714
2217	3125
2217	3276
2217	3562
2217	3568
2217	3785
2217	3787
2217	4384
2217	5426
2217	5631
2218	1444
2219	1444
2221	1613
2222	1613
2223	1613
2223	2398
2223	2547
2223	3084
2223	3125
2223	3720
2223	3892
2223	4071
2223	4401
2223	4798
2223	5022
2223	7553
2223	8033
2223	8148
2223	8294
2224	2102
2224	2128
2224	2625
2225	15
2225	764
2225	856
2225	1049
2225	1492
2225	1564
2225	1700
2225	1992
2225	2071
2225	2117
2225	2128
2225	2135
2225	2145
2225	2323
2225	2328
2225	2474
2225	2625
2225	2651
2225	2775
2225	2856
2225	2951
2225	3007
2225	3020
2225	3034
2225	3089
2225	3238
2225	3253
2225	3265
2225	3452
2225	3755
2225	5022
2225	5335
2225	5412
2225	8168
2226	1018
2226	1166
2226	1374
2226	1571
2226	2128
2226	2456
2226	2504
2226	2517
2226	2790
2226	3253
2226	3352
2226	3459
2226	3607
2226	4037
2226	4266
2226	4661
2226	4827
2226	5773
2226	5800
2226	6299
2226	6330
2226	6523
2226	6634
2226	7890
2226	7924
2226	7961
2226	8168
2226	8291
2227	1808
2227	2071
2227	2128
2227	2375
2234	825
2234	1267
2234	2116
2234	2285
2234	2654
2234	2724
2234	2856
2234	2900
2234	3089
2234	3145
2234	3150
2234	3313
2234	3321
2234	8293
2228	2234
2230	214
2230	332
2230	417
2230	744
2230	1297
2230	1419
2230	1608
2230	1633
2230	1700
2230	1792
2230	1808
2230	1847
2230	1964
2230	2117
2230	2120
2230	2135
2230	2182
2230	2231
2230	2234
2230	2240
2230	2256
2230	2375
2230	2411
2230	2484
2230	2504
2230	2585
2230	2591
2230	2594
2230	2619
2230	2625
2230	2638
2230	2651
2230	2654
2230	2685
2230	2794
2230	2926
2230	2996
2230	3005
2230	3033
2230	3059
2230	3080
2230	3084
2230	3104
2230	3130
2230	3320
2230	3541
2230	3623
2230	3680
2230	3875
2231	15
2231	332
2231	744
2231	968
2231	1012
2231	1018
2231	1186
2231	1250
2231	1492
2231	1596
2231	1608
2231	1637
2231	1706
2231	1835
2231	1964
2231	2117
2231	2182
2231	2234
2231	2294
2231	2332
2231	2340
2231	2366
2231	2400
2231	2426
2231	2435
2231	2490
2231	2499
2231	2504
2231	2517
2231	2570
2231	2571
2231	2575
2231	2579
2231	2587
2231	2589
2231	2591
2231	2594
2231	2604
2231	2607
2231	2618
2231	2629
2231	2643
2231	2650
2231	2657
2231	2670
2231	2720
2231	2736
2231	2801
2231	2818
2231	2821
2231	2825
2231	2918
2231	2977
2231	2979
2231	3030
2231	3050
2231	3056
2231	3068
2231	3104
2231	3171
2231	3201
2231	3614
2231	3976
2231	5412
2231	5963
2231	6251
2229	285
2229	350
2229	633
2229	762
2229	856
2229	968
2229	974
2229	1097
2229	1157
2229	1166
2229	1186
2229	1250
2229	1267
2229	1357
2229	1385
2229	1393
2229	1416
2229	1437
2229	1549
2229	1564
2229	1679
2229	1717
2229	1729
2229	1734
2229	1754
2229	1792
2229	1814
2229	1835
2229	1990
2229	2116
2229	2117
2229	2129
2229	2135
2229	2209
2229	2225
2229	2231
2229	2234
2229	2237
2229	2252
2229	2289
2229	2325
2229	2328
2229	2356
2229	2371
2229	2416
2229	2474
2229	2475
2229	2504
2229	2517
2229	2550
2229	2565
2229	2570
2229	2571
2229	2575
2229	2579
2229	2580
2229	2587
2229	2589
2229	2591
2229	2593
2229	2594
2229	2597
2229	2604
2229	2607
2229	2612
2229	2625
2229	2629
2229	2646
2229	2651
2229	2654
2229	2662
2229	2674
2229	2697
2229	2700
2229	2708
2229	2713
2229	2720
2229	2724
2229	2754
2229	2830
2229	2856
2229	2900
2229	2912
2229	2951
2229	3018
2229	3020
2229	3021
2229	3030
2229	3089
2229	3126
2229	3140
2229	3144
2229	3145
2229	3148
2229	3150
2229	3155
2229	3164
2229	3173
2229	3192
2229	3235
2229	3243
2229	3251
2229	3253
2229	3265
2229	3276
2229	3307
2229	3319
2229	3320
2229	3324
2229	3338
2229	3346
2229	3348
2229	3351
2229	3371
2229	3376
2229	3394
2229	3408
2229	3520
2229	3537
2229	3568
2229	3580
2229	3587
2229	3645
2229	3660
2229	3661
2229	3813
2229	4191
2229	4234
2229	4256
2229	4289
2229	4290
2229	4297
2229	4323
2229	4349
2229	4365
2229	4373
2229	4384
2229	4385
2229	4402
2229	4411
2229	4417
2229	4422
2229	4424
2232	332
2232	1956
2232	2234
2232	2425
2232	2426
2232	2589
2232	2591
2232	2618
2232	2629
2232	2647
2232	2720
2232	2781
2233	56
2233	332
2233	859
2233	959
2233	968
2233	1035
2233	1097
2233	1186
2233	1250
2233	1492
2233	1547
2233	1608
2233	1717
2233	1919
2233	1956
2233	2117
2233	2193
2233	2234
2233	2251
2233	2332
2233	2345
2233	2385
2233	2400
2233	2475
2233	2504
2233	2575
2233	2587
2233	2593
2233	2604
2233	2625
2233	2801
2233	2809
2233	3033
2233	3056
2233	3238
2233	7695
2235	1783
2236	633
2236	762
2236	764
2236	856
2236	946
2236	1061
2236	1267
2236	1291
2236	1357
2236	1393
2236	1416
2236	1679
2236	1734
2236	1754
2236	1781
2236	1783
2236	1792
2236	1814
2236	1848
2236	1919
2236	2071
2236	2116
2236	2135
2236	2145
2236	2225
2236	2231
2236	2241
2236	2246
2236	2251
2236	2256
2236	2273
2236	2323
2236	2325
2236	2356
2236	2411
2236	2474
2236	2550
2236	2593
2236	2625
2236	2651
2236	2654
2236	2662
2236	2697
2236	2700
2236	2708
2236	2713
2236	2721
2236	2724
2236	2754
2236	2830
2236	2856
2236	2900
2236	2912
2236	2951
2236	2966
2236	2968
2236	3020
2236	3030
2236	3033
2236	3034
2236	3089
2236	3099
2236	3117
2236	3126
2236	3140
2236	3145
2236	3150
2236	3164
2236	3243
2236	3251
2236	3253
2236	3258
2236	3265
2236	3320
2236	8291
2237	15
2237	204
2237	465
2237	608
2237	737
2237	762
2237	974
2237	1166
2237	1185
2237	1291
2237	1297
2237	1305
2237	1315
2237	1357
2237	1416
2237	1549
2237	1633
2237	1637
2237	1688
2237	1706
2237	1729
2237	1734
2237	1744
2237	1754
2237	1769
2237	1781
2237	1919
2237	1990
2237	2014
2237	2016
2237	2091
2237	2114
2237	2134
2237	2144
2237	2145
2237	2182
2237	2209
2237	2251
2237	2252
2237	2256
2237	2257
2237	2276
2237	2289
2237	2290
2237	2297
2237	2324
2237	2328
2237	2381
2237	2398
2237	2456
2237	2470
2237	2485
2237	2510
2237	2517
2237	2535
2237	2544
2237	2550
2237	2565
2237	2576
2237	2585
2237	2592
2237	2593
2237	2594
2237	2595
2237	2612
2237	2619
2237	2646
2237	2651
2237	2654
2237	2657
2237	2660
2237	2667
2237	2674
2237	2686
2237	2693
2237	2696
2237	2697
2237	2700
2237	2707
2237	2746
2237	2747
2237	2760
2237	2790
2237	2811
2237	2815
2237	2819
2237	2830
2237	2831
2237	2871
2237	2909
2237	2932
2237	2955
2237	2968
2237	2973
2237	2996
2237	2999
2237	3005
2237	3010
2237	3014
2237	3021
2237	3024
2237	3026
2237	3028
2237	3029
2237	3033
2237	3034
2237	3059
2237	3084
2237	3089
2237	3114
2237	3117
2237	3125
2237	3140
2237	3144
2237	3148
2237	3150
2237	3164
2237	3192
2237	3260
2237	3284
2237	3291
2237	3307
2237	3309
2237	3321
2237	3334
2237	3338
2237	3352
2237	3394
2237	3404
2237	3408
2237	3417
2237	3433
2237	3439
2237	3443
2237	3447
2237	3453
2237	3454
2237	3456
2237	3464
2237	3480
2237	3498
2237	3529
2237	3537
2237	3541
2237	3557
2237	3568
2237	3580
2237	3615
2237	3635
2237	3643
2237	3645
2237	3650
2237	3660
2237	3661
2237	3680
2237	3748
2237	3800
2237	3807
2237	3812
2237	3847
2237	3871
2237	3887
2237	3892
2237	3903
2237	3956
2237	3958
2237	3970
2237	4011
2237	4040
2237	4044
2237	4072
2237	4103
2237	4124
2237	4191
2237	4212
2237	4234
2237	4256
2237	4261
2237	4263
2237	4266
2237	4269
2237	4276
2237	4289
2237	4290
2237	4299
2237	4335
2237	4365
2237	4384
2237	4417
2237	4422
2237	4424
2237	4448
2237	4453
2237	4463
2237	4485
2237	4510
2237	4528
2237	4551
2237	4574
2237	4578
2237	4600
2237	4613
2237	4653
2237	4661
2237	4662
2237	4666
2237	4687
2237	4719
2237	4735
2237	4781
2237	4796
2237	4808
2237	4811
2237	4814
2237	4824
2237	4827
2237	4828
2237	4938
2237	4962
2237	5061
2237	5092
2237	5100
2237	5130
2237	5155
2237	5162
2237	5178
2237	5262
2237	5412
2237	5430
2237	5449
2237	5459
2237	5482
2237	5509
2237	5511
2237	5640
2237	5844
2237	5848
2237	5886
2237	6229
2237	6624
2237	8293
2238	2091
2241	1097
2241	1186
2241	1353
2241	1492
2241	1621
2241	1700
2241	1888
2241	1992
2241	1997
2241	2117
2241	2504
2241	2587
2241	2604
2241	2665
2239	2241
2240	15
2240	204
2240	285
2240	737
2240	856
2240	947
2240	974
2240	1018
2240	1026
2240	1031
2240	1074
2240	1186
2240	1243
2240	1297
2240	1307
2240	1393
2240	1492
2240	1549
2240	1565
2240	1608
2240	1633
2240	1842
2240	1888
2240	2066
2240	2071
2240	2102
2240	2117
2240	2120
2240	2160
2240	2174
2240	2209
2240	2237
2240	2241
2240	2256
2240	2285
2240	2322
2240	2325
2240	2328
2240	2341
2240	2356
2240	2362
2240	2398
2240	2409
2240	2435
2240	2499
2240	2504
2240	2535
2240	2575
2240	2591
2240	2594
2240	2625
2240	2651
2240	2657
2240	2665
2240	2746
2240	2951
2240	3005
2240	3014
2240	3020
2240	3024
2240	3030
2240	3130
2240	3238
2240	3260
2240	3408
2240	3580
2240	3615
2240	3796
2240	3842
2240	3962
2240	3976
2240	4037
2240	4065
2240	4099
2240	4183
2240	4256
2240	4351
2240	4471
2240	4528
2240	4536
2240	4981
2240	5079
2240	5254
2240	5321
2240	5524
2240	5605
2240	5814
2240	5827
2240	5871
2240	6327
2240	6337
2240	6567
2240	6576
2240	6634
2240	6774
2240	6832
2240	6913
2240	7517
2240	7620
2240	7651
2240	7662
2240	7992
2240	8083
2240	8168
2240	8290
2240	8291
2240	8293
2240	8294
2242	1140
2242	1749
2242	1848
2041	1140
2041	1378
2041	2595
2041	2654
2041	3352
2041	3408
2243	2242
2246	1919
2246	2210
2246	2323
2246	2535
2246	3130
2246	4735
2246	5412
2246	5714
2249	946
2249	1353
2249	1403
2249	1565
2249	1608
2249	2071
2249	2145
2249	2281
2249	2322
2249	2338
2249	2397
2249	2400
2249	2618
2249	2625
2249	2754
2249	2851
2249	3291
2249	3346
2249	3348
2249	3479
2249	3726
2249	4361
2249	5199
2249	5233
2249	5378
2249	5404
2249	5432
2249	5439
2249	5582
2249	6299
2249	6417
2249	6503
2249	6599
2249	6736
2249	6913
2249	6976
2249	7295
2249	7301
2250	2071
2250	2246
2250	8291
2251	587
2251	856
2251	1061
2251	1542
2251	1679
2251	1977
2251	2071
2251	2231
2251	2332
2251	2435
2251	2625
2251	2651
2251	2654
2251	2707
2251	2721
2251	2814
2251	2815
2251	2968
2251	2972
2251	2977
2251	2999
2251	3020
2251	3056
2251	3265
2251	8291
2252	825
2252	1549
2252	1744
2252	2251
2252	2253
2252	2422
2252	2585
2252	2652
2252	2654
2252	2674
2252	2693
2252	2747
2252	3005
2252	3026
2252	3461
2252	3520
2252	3576
2252	3629
2252	3745
2252	3811
2252	3946
2252	3970
2254	946
2254	1847
2254	1888
2254	1992
2254	2504
2254	2805
2255	722
2255	859
2255	946
2255	947
2255	959
2255	1031
2255	1243
2255	1291
2255	1390
2255	1492
2255	1547
2255	1565
2255	1700
2255	1836
2255	1842
2255	1888
2255	1919
2255	1964
2255	2193
2255	2290
2255	2323
2255	2333
2255	2350
2255	2385
2255	2397
2255	2400
2255	2560
2255	2707
2255	2815
2255	2963
2255	2999
2256	15
2256	56
2256	214
2256	350
2256	403
2256	425
2256	741
2256	765
2256	778
2256	827
2256	946
2256	968
2256	1012
2256	1049
2256	1100
2256	1291
2256	1297
2256	1374
2256	1384
2256	1419
2256	1521
2256	1549
2256	1564
2256	1565
2256	1592
2256	1596
2256	1608
2256	1637
2256	1646
2256	1653
2256	1705
2256	1723
2256	1744
2256	1777
2256	1808
2256	1814
2256	1847
2256	1918
2256	1935
2256	1990
2256	1992
2256	2053
2256	2066
2256	2072
2256	2076
2256	2102
2256	2117
2256	2120
2256	2134
2256	2145
2256	2174
2256	2225
2256	2240
2256	2264
2256	2294
2256	2307
2256	2322
2256	2329
2256	2340
2256	2341
2256	2375
2256	2410
2256	2411
2256	2416
2256	2435
2256	2475
2256	2501
2256	2504
2256	2516
2256	2517
2256	2535
2256	2544
2256	2547
2256	2560
2256	2579
2256	2587
2256	2591
2256	2593
2256	2594
2256	2599
2256	2619
2256	2625
2256	2647
2256	2650
2256	2651
2256	2652
2256	2654
2256	2657
2256	2667
2256	2669
2256	2670
2256	2685
2256	2687
2256	2707
2256	2720
2256	2736
2256	2747
2256	2751
2256	2754
2256	2763
2256	2770
2256	2774
2256	2777
2256	2781
2256	2785
2256	2787
2256	2790
2256	2794
2256	2797
2256	2799
2256	2805
2256	2809
2256	2814
2256	2815
2256	2818
2256	2821
2256	2825
2256	2828
2256	2844
2256	2859
2256	2877
2256	2900
2256	2902
2256	2918
2256	2922
2256	2926
2256	2928
2256	2955
2256	2958
2256	2963
2256	2974
2256	2979
2256	2993
2256	2999
2256	3005
2256	3023
2256	3028
2256	3030
2256	3089
2256	3117
2256	3200
2256	3243
2256	3253
2256	3256
2256	3258
2256	3266
2256	3276
2256	3291
2256	3301
2256	3324
2256	3338
2256	3352
2256	3371
2256	3376
2256	3404
2256	3409
2256	3410
2256	3429
2256	3435
2256	3443
2256	3446
2256	3456
2256	3461
2256	3473
2256	3479
2256	3483
2256	3486
2256	3489
2256	3520
2256	3547
2256	3555
2256	3562
2256	3576
2256	3587
2256	3609
2256	3614
2256	3616
2256	3635
2256	3643
2256	3646
2256	3670
2256	3720
2256	3737
2256	3769
2256	3776
2256	3785
2256	3787
2256	3800
2256	3803
2256	3811
2256	3822
2256	3849
2256	3871
2256	3893
2256	3897
2256	3973
2256	3980
2256	4037
2256	4041
2256	4047
2256	4051
2256	4055
2256	4078
2256	4110
2256	4111
2256	4173
2256	4179
2256	4181
2256	4201
2256	4218
2256	4231
2256	4247
2256	4335
2256	4400
2256	4677
2256	4678
2256	4735
2256	4780
2256	4795
2256	4797
2256	4798
2256	4809
2256	4811
2256	4946
2256	5178
2256	5200
2256	5233
2256	5412
2256	5423
2256	5457
2256	5638
2256	5709
2256	6029
2256	6296
2256	6302
2256	6306
2256	6328
2256	6334
2256	6337
2256	6388
2256	6409
2256	6422
2256	6432
2256	6806
2256	8291
2256	8293
2256	8294
2257	737
2257	765
2257	1018
2257	1166
2257	1734
2257	1823
2257	1919
2257	2120
2257	2135
2257	2144
2257	2145
2257	2225
2257	2246
2257	2381
2257	2397
2257	2440
2257	2544
2257	2576
2257	2593
2257	2667
2257	2686
2257	2708
2257	2764
2257	3117
2257	3253
2257	3291
2257	3321
2257	3352
2257	3408
2257	3435
2257	3439
2257	3464
2257	3465
2257	3473
2257	3680
2257	3796
2257	3885
2257	3892
2257	4191
2257	4719
2257	4827
2257	4938
2257	5072
2257	5239
2257	5459
2257	5506
2257	5651
2257	5732
2257	5806
2258	762
2258	1026
2258	1166
2258	1297
2258	1549
2258	1648
2258	1733
2258	1842
2258	2066
2258	2145
2258	2246
2258	2328
2258	2411
2258	2456
2258	2508
2258	2511
2258	2565
2258	2576
2258	2605
2258	2625
2258	2727
2258	2760
2258	2774
2258	2775
2258	2859
2258	2871
2258	2981
2258	3089
2258	3200
2258	3253
2258	3321
2258	3334
2258	3480
2258	3568
2258	3586
2258	3631
2258	3873
2258	3970
2258	4011
2258	4037
2258	4043
2258	4349
2258	4510
2258	4666
2258	4712
2258	4715
2258	4781
2258	4980
2258	4994
2258	5072
2258	5121
2258	5182
2258	5199
2258	5200
2258	5226
2258	5233
2258	5273
2258	5437
2258	5466
2258	5482
2258	5693
2258	5721
2258	5732
2258	5753
2258	5760
2258	5773
2258	5784
2258	5790
2258	5798
2258	5804
2258	5828
2258	5863
2258	5891
2258	5925
2258	5947
2258	5963
2258	6124
2258	6229
2258	6251
2258	6328
2258	6330
2258	6414
2258	6571
2258	6595
2258	6790
2258	7119
2258	7143
2258	7373
2258	7422
2258	7478
2258	7810
2258	7946
2258	8083
2258	8198
2258	8294
2259	2246
2260	8291
2261	8291
2262	8291
2153	2594
2153	2625
2153	7168
2153	8291
2264	1024
2264	1049
2264	1186
2264	1353
2264	1357
2264	1403
2264	1473
2264	1549
2264	1653
2264	1729
2264	1961
2264	2328
2264	2381
2264	2385
2264	2433
2264	2654
2264	2697
2264	2774
2264	2775
2264	2794
2264	2834
2264	2856
2264	3293
2264	3352
2264	3456
2264	3660
2264	3691
2264	3843
2264	3926
2264	3937
2264	3942
2264	3958
2264	4124
2264	4234
2264	4247
2264	4261
2264	4417
2264	4510
2264	4530
2264	4706
2264	4712
2264	4797
2264	5100
2264	5254
2264	5289
2264	5454
2264	5714
2264	5775
2264	6029
2264	6243
2264	6458
2264	6554
2264	6594
2264	6714
2264	6784
2264	6833
2264	7115
2264	7620
2266	587
2267	2273
2268	2273
2269	2273
2269	3348
2270	2273
2274	332
2274	425
2274	722
2274	744
2274	856
2274	859
2274	947
2274	1012
2274	1018
2274	1250
2274	1267
2274	1437
2274	1492
2274	1608
2274	1700
2274	1835
2274	1888
2274	1919
2274	1964
2274	2117
2274	2135
2274	2145
2274	2182
2274	2240
2274	2307
2274	2329
2274	2332
2274	2385
2274	2411
2274	2423
2274	2425
2274	2426
2274	2435
2274	2484
2274	2490
2274	2571
2274	2575
2274	2579
2274	2580
2274	2625
2274	2654
2274	2946
2274	3080
2274	3130
2274	3155
2274	3193
2274	3235
2274	5936
2276	15
2276	72
2276	840
2276	896
2276	1026
2276	2398
2276	2433
2276	3334
2276	3459
2276	3614
2276	3897
2276	4110
2276	4298
2276	4400
2276	4795
2276	5254
2276	5393
2276	5638
2276	5963
2276	5969
2276	5973
2276	6004
2276	6156
2276	6422
2276	6725
2276	6739
2276	6803
2276	7059
2276	7478
2276	7490
2276	7632
2276	7839
2277	2354
2277	3089
2277	3643
2277	4335
2277	5412
2277	6813
2277	8175
2277	8291
2278	2276
2278	2917
2278	5543
2278	8291
2280	1664
2281	2193
2281	2625
2282	1542
2282	1997
2282	2285
2282	2397
2282	8290
2283	1542
2286	1035
2286	1297
2286	1492
2286	1621
2286	1700
2286	1997
2285	1393
2285	1633
2285	1679
2285	1997
2285	2135
2285	2210
2285	2231
2285	2398
2285	2485
2285	2592
2285	2625
2285	2713
2285	3258
2285	3321
2285	3371
2285	3408
2285	7478
2287	1492
2287	1997
2287	2504
2287	2968
2290	204
2290	825
2290	827
2290	974
2290	1100
2290	1157
2290	1166
2290	1297
2290	1307
2290	1385
2290	1549
2290	1744
2290	1777
2290	1990
2290	2114
2290	2144
2290	2209
2290	2210
2290	2252
2290	2257
2290	2289
2290	2297
2290	2324
2290	2411
2290	2485
2290	2510
2290	2535
2290	2565
2290	2595
2290	2597
2290	2619
2290	2651
2290	2652
2290	2653
2290	2654
2290	2655
2290	2657
2290	2660
2290	2667
2290	2674
2290	2686
2290	2687
2290	2693
2290	2727
2290	2746
2290	2747
2290	2819
2290	2900
2290	2923
2290	2973
2290	2974
2290	3005
2290	3007
2290	3009
2290	3010
2290	3024
2290	3059
2290	3114
2290	3117
2290	3148
2290	3173
2290	3200
2290	3258
2290	3260
2290	3301
2290	3404
2290	3480
2290	3516
2290	3520
2290	3529
2290	3537
2290	3541
2290	3547
2290	3548
2290	3556
2290	3557
2290	3567
2290	3568
2290	3580
2290	3587
2290	3609
2290	3629
2290	3646
2290	3670
2290	3671
2290	3680
2290	3681
2290	3717
2290	3720
2290	3737
2290	3745
2290	3769
2290	3772
2290	3800
2290	3803
2290	3807
2290	3809
2290	3811
2290	3812
2290	3822
2290	3843
2290	3847
2290	3849
2290	3867
2290	3887
2290	3892
2290	3903
2290	3946
2290	3970
2290	3973
2290	3980
2290	4011
2290	4021
2290	4088
2290	4110
2290	4191
2290	4384
2290	4402
2290	6055
2290	8293
2288	2290
2289	1385
2289	1888
2289	1977
2289	2237
2289	2290
2289	2364
2289	2504
2289	2669
2289	2811
2289	3117
2289	3352
2289	3568
2289	4124
2289	4876
2291	1977
2292	1977
2265	1977
2293	1888
2293	1977
2294	1977
2294	2619
2294	2625
2294	2638
2294	2665
2294	2856
2294	2990
2294	5254
2294	6229
2295	1888
2295	5963
2296	214
2296	1888
2297	15
2297	204
2297	214
2297	332
2297	417
2297	425
2297	465
2297	608
2297	737
2297	825
2297	1166
2297	1267
2297	1297
2297	1307
2297	1315
2297	1357
2297	1374
2297	1384
2297	1416
2297	1571
2297	1633
2297	1700
2297	1723
2297	1734
2297	1754
2297	1792
2297	1814
2297	1847
2297	1888
2297	1956
2297	1990
2297	2066
2297	2072
2297	2117
2297	2134
2297	2144
2297	2145
2297	2174
2297	2193
2297	2209
2297	2210
2297	2225
2297	2240
2297	2290
2297	2328
2297	2333
2297	2338
2297	2398
2297	2440
2297	2456
2297	2474
2297	2485
2297	2504
2297	2506
2297	2508
2297	2510
2297	2535
2297	2542
2297	2547
2297	2570
2297	2594
2297	2619
2297	2625
2297	2651
2297	2654
2297	2657
2297	2660
2297	2667
2297	2685
2297	2693
2297	2727
2297	2746
2297	2774
2297	2775
2297	2794
2297	2797
2297	2801
2297	2856
2297	2859
2297	2871
2297	2958
2297	3005
2297	3009
2297	3014
2297	3020
2297	3024
2297	3026
2297	3033
2297	3034
2297	3059
2297	3089
2297	3150
2297	3192
2297	3253
2297	3258
2297	3260
2297	3265
2297	3307
2297	3338
2297	3352
2297	3435
2297	3454
2297	3456
2297	3473
2297	3489
2297	3516
2297	3529
2297	3537
2297	3562
2297	3568
2297	3576
2297	3587
2297	3607
2297	3615
2297	3650
2297	3661
2297	3770
2297	3807
2297	3926
2297	3946
2297	3976
2297	4013
2297	4021
2297	4055
2297	4099
2297	4103
2297	4124
2297	4162
2297	4179
2297	4191
2297	4233
2297	4263
2297	4269
2297	4299
2297	4338
2297	4400
2297	4453
2297	4510
2297	4528
2297	4578
2297	4604
2297	4687
2297	4706
2297	4811
2297	4981
2297	4983
2297	5055
2297	5061
2297	5412
2297	5584
2297	5714
2297	5828
2297	6337
2297	6437
2297	6442
2297	6566
2297	6914
2297	6979
2297	7168
2297	7341
2297	7587
2297	7632
2297	8209
2297	8293
2298	1012
2298	1211
2298	1385
2298	1792
2298	1837
2298	1888
2298	1964
2298	2129
2298	2289
2298	2328
2298	2501
2298	2504
2298	2535
2298	2547
2298	2560
2298	2575
2298	2646
2298	2654
2298	2794
2298	2797
2298	2900
2298	2926
2298	2932
2298	2993
2298	3028
2298	3117
2298	3144
2298	3145
2298	3235
2298	3253
2298	3276
2298	3291
2298	3352
2298	3483
2298	3660
2298	3724
2298	3806
2298	4031
2298	4199
2298	4201
2298	4231
2298	4269
2298	4289
2298	4297
2298	4349
2298	4365
2298	4417
2298	4424
2299	56
2299	856
2299	1390
2299	1549
2299	2120
2299	2251
2299	2256
2299	2322
2299	2328
2299	2398
2299	2410
2299	2485
2299	2547
2299	2560
2299	2565
2299	2585
2299	2619
2299	2620
2299	2625
2299	2651
2299	2665
2299	2687
2299	2700
2299	2746
2299	2754
2299	2794
2299	2809
2299	2851
2299	2909
2299	2972
2299	2999
2299	3026
2299	3030
2299	3117
2299	3251
2299	3265
2299	3351
2299	3459
2299	3541
2299	3580
2299	3615
2299	3892
2299	3903
2299	4024
2299	4044
2299	4138
2299	4448
2299	4587
2299	4824
2299	5148
2299	5215
2299	5226
2299	5246
2299	5323
2299	5714
2299	5814
2299	5827
2299	5829
2299	6032
2299	6832
2299	7021
2299	7092
2299	8083
2299	8174
2299	8178
2299	8192
2299	8294
2300	1390
2301	1390
2302	1390
2304	2305
2307	2585
2307	2746
2307	3024
2307	3117
2307	3616
2307	3650
2307	4024
2308	2285
2310	2285
2311	2285
2312	2285
2313	2285
2314	1297
2314	2285
2314	8293
2315	2285
2309	2285
2309	3321
2309	8293
2316	2285
2316	5375
2316	8293
2317	2285
2317	8293
2318	2285
2318	8293
2319	2285
2319	2325
2319	8293
2320	2285
2320	8293
2321	2285
2321	5375
2321	8293
2322	332
2322	1031
2322	1297
2322	1547
2322	1621
2322	1700
2322	1835
2322	1992
2322	2182
2322	2289
2322	2350
2322	2504
2322	2619
2322	2625
2322	2643
2322	2814
2322	3645
2322	4349
2322	6227
2323	15
2323	72
2323	204
2323	290
2323	346
2323	417
2323	608
2323	737
2323	827
2323	959
2323	1157
2323	1243
2323	1297
2323	1307
2323	1385
2323	1492
2323	1549
2323	1571
2323	1633
2323	1729
2323	1744
2323	1777
2323	1836
2323	1847
2323	1935
2323	1984
2323	1990
2323	2066
2323	2114
2323	2174
2323	2193
2323	2210
2323	2225
2323	2240
2323	2252
2323	2297
2323	2369
2323	2398
2323	2411
2323	2416
2323	2485
2323	2516
2323	2535
2323	2565
2323	2576
2323	2580
2323	2585
2323	2594
2323	2625
2323	2651
2323	2653
2323	2654
2323	2657
2323	2660
2323	2746
2323	2747
2323	2794
2323	2815
2323	2838
2323	2859
2323	2900
2323	2923
2323	2958
2323	3005
2323	3007
2323	3014
2323	3018
2323	3020
2323	3028
2323	3103
2323	3130
2323	3243
2323	3260
2323	3352
2323	3371
2323	3443
2323	3456
2323	3480
2323	3516
2323	3541
2323	3562
2323	3580
2323	3724
2323	3803
2323	3847
2323	3871
2323	3897
2323	3926
2323	3937
2323	3942
2323	3946
2323	4011
2323	4103
2323	4179
2323	4191
2323	4385
2323	4400
2323	4510
2323	4531
2323	4687
2323	4820
2323	5079
2323	5412
2323	5415
2323	5449
2323	5799
2323	5817
2323	6255
2323	7277
2323	8294
2323	8295
2324	1565
2324	2485
2324	2535
2326	204
2326	285
2326	417
2326	608
2326	762
2326	825
2326	827
2326	974
2326	1031
2326	1100
2326	1140
2326	1157
2326	1166
2326	1239
2326	1297
2326	1307
2326	1310
2326	1385
2326	1453
2326	1549
2326	1571
2326	1621
2326	1633
2326	1688
2326	1706
2326	1729
2326	1744
2326	1769
2326	1777
2326	1935
2326	1990
2326	2016
2326	2066
2326	2114
2326	2129
2326	2134
2326	2144
2326	2145
2326	2209
2326	2210
2326	2252
2326	2257
2326	2289
2326	2290
2326	2297
2326	2307
2326	2324
2326	2325
2326	2328
2326	2329
2326	2338
2326	2339
2326	2341
2326	2348
2326	2350
2326	2356
2326	2384
2326	2398
2326	2411
2326	2416
2326	2433
2326	2485
2326	2506
2326	2508
2326	2510
2326	2516
2326	2535
2326	2542
2326	2544
2326	2565
2326	2576
2326	2585
2326	2592
2326	2594
2326	2595
2326	2597
2326	2612
2326	2619
2326	2623
2326	2646
2326	2653
2326	2654
2326	2655
2326	2657
2326	2660
2326	2667
2326	2674
2326	2686
2326	2687
2326	2693
2326	2727
2326	2746
2326	2747
2326	2790
2326	2799
2326	2819
2326	2859
2326	2871
2326	2900
2326	2918
2326	2923
2326	2932
2326	2958
2326	2973
2326	2981
2326	3005
2326	3007
2326	3009
2326	3010
2326	3020
2326	3021
2326	3024
2326	3026
2326	3028
2326	3030
2326	3059
2326	3084
2326	3114
2326	3117
2326	3148
2326	3173
2326	3180
2326	3192
2326	3200
2326	3258
2326	3260
2326	3276
2326	3291
2326	3307
2326	3313
2326	3338
2326	3346
2326	3348
2326	3351
2326	3352
2326	3371
2326	3376
2326	3404
2326	3408
2326	3435
2326	3439
2326	3443
2326	3446
2326	3455
2326	3460
2326	3473
2326	3480
2326	3483
2326	3486
2326	3489
2326	3506
2326	3516
2326	3520
2326	3529
2326	3537
2326	3538
2326	3541
2326	3548
2326	3557
2326	3562
2326	3567
2326	3568
2326	3580
2326	3587
2326	3615
2326	3616
2326	3629
2326	3631
2326	3645
2326	3646
2326	3650
2326	3660
2326	3661
2326	3670
2326	3680
2326	3681
2326	3717
2326	3720
2326	3745
2326	3769
2326	3787
2326	3800
2326	3804
2326	3807
2326	3812
2326	3813
2326	3843
2326	3847
2326	3871
2326	3887
2326	3892
2326	3898
2326	3903
2326	3921
2326	3926
2326	3933
2326	3937
2326	3967
2326	3970
2326	3976
2326	4011
2326	4013
2326	4021
2326	4024
2326	4031
2326	4043
2326	4055
2326	4058
2326	4110
2326	4117
2326	4124
2326	4138
2326	4162
2326	4173
2326	4179
2326	4181
2326	4183
2326	4188
2326	4189
2326	4191
2326	4201
2326	4233
2326	4235
2326	4247
2326	4256
2326	4263
2326	4269
2326	4290
2326	4297
2326	4298
2326	4323
2326	4349
2326	4373
2326	4384
2326	4402
2326	4411
2326	4417
2326	4424
2326	4468
2326	4480
2326	4500
2326	4578
2326	4735
2326	4811
2326	4938
2326	4962
2326	5083
2326	5092
2326	5100
2326	5106
2326	8293
2326	8294
2328	332
2328	350
2328	403
2328	465
2328	722
2328	744
2328	765
2328	825
2328	859
2328	947
2328	959
2328	968
2328	974
2328	978
2328	1012
2328	1018
2328	1035
2328	1049
2328	1097
2328	1166
2328	1186
2328	1211
2328	1239
2328	1297
2328	1384
2328	1492
2328	1521
2328	1547
2328	1549
2328	1564
2328	1608
2328	1621
2328	1637
2328	1646
2328	1653
2328	1700
2328	1723
2328	1808
2328	1835
2328	1836
2328	1842
2328	1847
2328	1956
2328	1964
2328	1990
2328	1992
2328	2053
2328	2062
2328	2066
2328	2076
2328	2117
2328	2120
2328	2134
2328	2160
2328	2174
2328	2193
2328	2209
2328	2210
2328	2240
2328	2252
2328	2257
2328	2264
2328	2297
2328	2322
2328	2324
2328	2329
2328	2332
2328	2341
2328	2345
2328	2350
2328	2385
2328	2397
2328	2400
2328	2410
2328	2411
2328	2435
2328	2470
2328	2475
2328	2479
2328	2485
2328	2504
2328	2506
2328	2508
2328	2510
2328	2517
2328	2535
2328	2544
2328	2547
2328	2565
2328	2570
2328	2579
2328	2585
2328	2587
2328	2593
2328	2595
2328	2597
2328	2599
2328	2604
2328	2619
2328	2620
2328	2643
2328	2652
2328	2653
2328	2654
2328	2657
2328	2660
2328	2665
2328	2667
2328	2669
2328	2685
2328	2693
2328	2707
2328	2727
2328	2746
2328	2747
2328	2754
2328	2763
2328	2768
2328	2774
2328	2781
2328	2794
2328	2805
2328	2809
2328	2814
2328	2818
2328	2821
2328	2825
2328	2834
2328	2877
2328	2932
2328	2958
2328	2973
2328	2981
2328	3005
2328	3010
2328	3014
2328	3024
2328	3026
2328	3028
2328	3034
2328	3114
2328	3148
2328	3192
2328	3258
2328	3260
2328	3291
2328	3352
2328	3394
2328	3459
2328	3479
2328	3480
2328	3529
2328	3537
2328	3562
2328	3568
2328	3587
2328	3607
2328	3615
2328	3629
2328	3650
2328	3661
2328	3670
2328	3713
2328	3769
2328	3800
2328	3892
2328	3903
2328	3926
2328	3970
2328	4021
2328	4037
2328	4043
2328	4065
2328	4099
2328	4134
2328	4162
2328	4247
2328	4256
2328	4269
2328	4323
2328	4483
2328	4604
2328	4709
2328	4712
2328	4717
2328	4791
2328	4795
2328	4994
2328	5188
2328	5524
2328	5697
2328	5714
2328	5800
2328	5806
2328	5814
2328	5822
2328	5829
2328	5902
2328	6123
2328	6296
2328	6327
2328	6347
2328	6576
2328	6665
2328	6770
2328	6774
2328	6783
2328	6832
2328	7131
2328	7400
2328	7414
2328	7553
2328	8291
2328	8293
2328	8294
2330	2333
2330	6914
1561	2333
2331	2333
2331	5714
2332	633
2332	968
2332	1012
2332	1018
2332	1049
2332	1250
2332	1835
2332	2116
2332	2333
2332	2411
2332	2416
2332	2589
2332	2591
2332	2594
2332	2625
2332	2651
2332	2653
2332	2657
2332	2708
2332	2754
2332	2912
2332	3018
2332	3020
2332	3251
2332	3253
2332	3319
2332	3320
2332	3324
2332	3408
2332	3409
2332	3410
2332	3429
2332	3548
2332	3556
2332	3562
2332	8293
2334	2339
2335	2339
2336	2339
2337	2339
2340	56
2340	2341
2340	2593
2340	2809
2342	1211
2342	1918
2342	2345
2342	2651
2342	4191
2343	1250
2343	1992
2343	2345
2343	2589
2343	2591
2343	2643
2343	2650
2344	2345
2349	2350
2349	2625
2351	1031
2352	1031
2352	3117
2354	1031
2353	1031
2272	56
2272	959
2272	1031
2272	1166
2272	1211
2272	1297
2272	1492
2272	1521
2272	1633
2272	1653
2272	1700
2272	1792
2272	1992
2272	2117
2272	2120
2272	2193
2272	2225
2272	2385
2272	2398
2272	2400
2272	2576
2272	2593
2272	2619
2272	2625
2272	2643
2272	2651
2272	2654
2272	2785
2272	2877
2272	3034
2272	3089
2357	947
2357	1035
2357	1267
2357	1492
2357	1521
2357	1547
2357	1700
2357	1754
2357	1964
2357	2625
2357	3755
2357	8290
2359	1621
2359	3265
2360	1621
2360	2653
2360	3005
2361	2362
2363	1035
2363	1315
2363	1393
2363	2193
2364	762
2364	1035
2364	1679
2364	2290
2364	2440
2364	2660
2364	2667
2364	2819
2364	2923
2364	3538
2364	3809
2364	3885
2364	4037
2364	4424
2365	15
2365	762
2365	856
2365	1035
2365	1297
2365	1357
2365	1453
2365	1521
2365	1571
2365	1705
2365	1706
2365	1754
2365	1792
2365	1992
2365	2053
2365	2066
2365	2174
2365	2252
2365	2256
2365	2297
2365	2328
2365	2385
2365	2411
2365	2510
2365	2593
2365	2594
2365	2599
2365	2618
2365	2646
2365	2651
2365	2657
2365	2660
2365	2665
2365	2685
2365	2727
2365	2746
2365	2754
2365	2775
2365	2801
2365	2856
2365	2859
2365	2951
2365	3005
2365	3009
2365	3020
2365	3028
2365	3030
2365	3117
2365	3180
2365	3253
2365	3260
2365	3291
2365	3443
2365	3516
2365	3580
2365	3680
2365	3812
2365	3958
2365	4013
2365	4021
2365	4031
2365	4071
2365	4099
2365	4110
2365	4510
2365	4528
2365	4530
2365	4536
2365	4719
2365	4735
2365	5285
2365	5671
2365	5721
2365	5773
2365	5775
2365	5780
2365	8002
2366	1097
2366	1374
2366	1835
2366	2625
2366	2643
2366	2665
2366	2736
2367	1097
2367	2475
2367	2579
2367	2587
2367	2593
2367	2604
2367	2625
2367	2643
2368	15
2368	290
2368	1097
2368	2508
2368	2560
2368	2565
2368	2594
2368	2599
2368	2760
2368	3018
2368	3021
2368	3117
2368	3307
2368	3351
2368	3352
2368	3371
2368	3443
2338	1964
2338	2323
2338	2504
2338	2508
2338	2654
2338	3348
2369	15
2369	332
2369	737
2369	840
2369	896
2369	1026
2369	1352
2369	1493
2369	1799
2369	1964
2369	1982
2369	2014
2369	2160
2369	2276
2369	2354
2369	2364
2369	2398
2369	2411
2369	2552
2369	2785
2369	2787
2369	2822
2369	2909
2369	3002
2369	3106
2369	3238
2369	3334
2369	3393
2369	3417
2369	3447
2369	3456
2369	3459
2369	3498
2369	3541
2369	3554
2369	3634
2369	3643
2369	3755
2369	3796
2369	3808
2369	3813
2369	3830
2369	3897
2369	3898
2369	3910
2369	3976
2369	4037
2369	4124
2369	4191
2369	4219
2369	4276
2369	4297
2369	4310
2369	4315
2369	4401
2369	4432
2369	4448
2369	4507
2369	4530
2369	4536
2369	4547
2369	4587
2369	4712
2369	4791
2369	4795
2369	4824
2369	4828
2369	4875
2369	4929
2369	4964
2369	4977
2369	4983
2369	5020
2369	5022
2369	5037
2369	5055
2369	5079
2369	5083
2369	5123
2369	5148
2369	5176
2369	5179
2369	5182
2369	5189
2369	5208
2369	5210
2369	5215
2369	5226
2369	5231
2369	5233
2369	5254
2369	5255
2369	5303
2369	5305
2369	5321
2369	5327
2369	5375
2369	5404
2369	5412
2369	5415
2369	5452
2369	5454
2369	5457
2369	5467
2369	5484
2369	5545
2369	5563
2369	5564
2369	5584
2369	5605
2369	5624
2369	5638
2369	5664
2369	5673
2369	5680
2369	5714
2369	5739
2369	5745
2369	5775
2369	5799
2369	5811
2369	5886
2369	5902
2369	5963
2369	5977
2369	6001
2369	6041
2369	6044
2369	6107
2369	6111
2369	6156
2369	6166
2369	6227
2369	6235
2369	6306
2369	6327
2369	6328
2369	6414
2369	6447
2369	6458
2369	6523
2369	6566
2369	6571
2369	6576
2369	6596
2369	6632
2369	6634
2369	6665
2369	6720
2369	6725
2369	6736
2369	6765
2369	6789
2369	6875
2369	6955
2369	7047
2369	7050
2369	7052
2369	7088
2369	7092
2369	7116
2369	7131
2369	7146
2369	7168
2369	7214
2369	7238
2369	7279
2369	7386
2369	7389
2369	7512
2369	7553
2369	7620
2369	7632
2369	7649
2369	7666
2369	7810
2369	7839
2369	7855
2369	7860
2369	7862
2369	7871
2369	7908
2369	7924
2369	7928
2369	8002
2369	8083
2369	8212
2369	8224
2369	8295
2370	1964
2370	2484
2371	214
2371	722
2371	762
2371	856
2371	959
2371	1012
2371	1166
2371	1186
2371	1211
2371	1250
2371	1267
2371	1291
2371	1297
2371	1315
2371	1357
2371	1416
2371	1437
2371	1453
2371	1492
2371	1596
2371	1705
2371	1734
2371	1754
2371	1781
2371	1792
2371	1808
2371	1814
2371	1837
2371	1847
2371	1918
2371	1919
2371	1964
2371	2053
2371	2117
2371	2174
2371	2225
2371	2251
2371	2256
2371	2264
2371	2323
2371	2324
2371	2354
2371	2375
2371	2400
2371	2411
2371	2416
2371	2426
2371	2470
2371	2485
2371	2504
2371	2517
2371	2547
2371	2550
2371	2560
2371	2565
2371	2579
2371	2587
2371	2593
2371	2625
2371	2646
2371	2653
2371	2654
2371	2657
2371	2662
2371	2696
2371	2697
2371	2707
2371	2724
2371	2815
2371	2830
2371	2856
2371	2877
2371	2880
2371	2900
2371	2902
2371	2918
2371	2922
2371	2926
2371	2955
2371	2963
2371	2968
2371	2972
2371	2973
2371	2977
2371	2979
2371	2993
2371	2996
2371	2999
2371	3007
2371	3026
2371	3029
2371	3033
2371	3034
2371	3056
2371	3059
2371	3068
2371	3080
2371	3104
2371	3117
2371	3126
2371	3140
2371	3144
2371	3150
2371	3164
2371	3173
2371	3192
2371	3235
2371	3237
2371	3516
2371	3537
2371	3634
2371	3748
2371	3796
2371	3887
2371	4124
2371	4256
2371	4323
2371	4361
2371	4653
2371	4964
2371	5412
2371	5459
2371	7561
2371	7632
2372	1700
2372	1835
2372	1964
2372	2182
2372	2470
2372	2479
2372	2517
2374	1964
2375	741
2375	762
2375	765
2375	1018
2375	1049
2375	1157
2375	1185
2375	1186
2375	1250
2375	1384
2375	1419
2375	1521
2375	1564
2375	1608
2375	1637
2375	1653
2375	1688
2375	1918
2375	1964
2375	2066
2375	2120
2375	2240
2375	2256
2375	2470
2375	2479
2375	2504
2375	2565
2375	2579
2375	2599
2375	2612
2375	2685
2375	2828
2375	2880
2375	3192
2375	3394
2375	3724
2375	4289
2375	4331
2375	4365
2375	4384
2375	4500
2375	4528
2375	4712
2375	4875
2375	5233
2375	5415
2375	5568
2375	6004
2375	6441
2376	290
2376	1374
2376	1964
2376	2066
2376	2237
2376	2240
2376	2398
2376	2474
2376	2535
2376	2594
2376	2620
2376	3005
2376	3024
2376	3117
2376	3755
2376	4191
2376	5233
2376	5262
2376	5482
2376	5822
2376	6006
2376	6218
2376	6437
2376	6441
2376	6774
2376	8246
2378	2062
2378	2400
2378	2504
2378	2571
2381	762
2381	1297
2381	1385
2381	1549
2381	1680
2381	1956
2381	2062
2381	2066
2381	2117
2381	2252
2381	2297
2381	2323
2381	2398
2381	2508
2381	2516
2381	2535
2381	2570
2381	2625
2381	2643
2381	2651
2381	2790
2381	3007
2381	3034
2381	3089
2381	3192
2381	3334
2381	3352
2381	3394
2381	3443
2381	3456
2381	3459
2381	3479
2381	3607
2381	3631
2381	3720
2381	3892
2381	3976
2381	4013
2381	4037
2381	4110
2381	4191
2381	4201
2381	4247
2381	4269
2381	4315
2381	4335
2381	4453
2381	4547
2381	4687
2381	4735
2381	4875
2381	4977
2381	5020
2381	5079
2381	5254
2381	5449
2381	5452
2381	5697
2381	5721
2381	5743
2381	5799
2381	6330
2381	6400
2381	6498
2381	6613
2381	6665
2381	6720
2381	6833
2381	7961
2381	8292
2381	8294
2379	762
2379	1307
2379	1688
2379	1744
2379	1777
2379	2062
2379	2114
2379	2134
2379	2257
2379	2328
2379	2397
2379	2411
2379	2485
2379	2516
2379	2565
2379	2859
2379	2900
2379	2923
2379	2932
2379	2958
2379	2981
2379	3005
2379	3099
2379	3192
2379	3200
2379	3291
2379	3480
2379	3483
2379	3541
2379	3615
2379	3631
2379	3772
2379	3787
2379	4013
2379	4110
2379	4162
2379	4179
2379	4201
2379	4233
2379	4247
2379	4269
2379	4480
2379	4552
2379	4557
2379	5631
2380	2062
2382	1297
2384	15
2384	72
2384	1166
2384	1315
2384	1385
2384	1416
2384	2237
2384	2256
2384	2328
2384	2354
2384	2371
2384	2385
2384	2398
2384	2416
2384	2511
2384	2516
2384	2565
2384	2625
2384	2760
2384	2822
2384	2871
2384	2909
2384	3007
2384	3028
2384	3192
2384	3238
2384	3291
2384	3321
2384	3417
2384	3435
2384	3443
2384	3498
2384	3516
2384	3631
2384	3787
2384	3796
2384	3871
2384	3976
2384	4037
2384	4099
2384	4201
2384	4233
2384	4247
2384	4289
2384	4536
2384	4600
2384	4687
2384	4781
2384	4797
2384	4828
2384	4999
2384	5022
2384	5061
2384	5079
2384	5106
2384	5162
2384	5226
2384	5341
2384	5459
2384	5482
2384	5511
2384	5637
2384	5651
2384	5693
2384	5753
2384	5775
2384	5790
2384	6029
2384	6624
2384	7694
2384	7946
2384	8293
2387	72
2387	737
2387	762
2387	1648
2387	1680
2387	2193
2387	2354
2387	2398
2387	2470
2387	2775
2387	2822
2387	2909
2387	3014
2387	3089
2387	3274
2387	3417
2387	3456
2387	3460
2387	3554
2387	3643
2387	3724
2387	3796
2387	3897
2387	3910
2387	3958
2387	4098
2387	4276
2387	4315
2387	4335
2387	4400
2387	4448
2387	4574
2387	4587
2387	4600
2387	4653
2387	4712
2387	4828
2387	4846
2387	4875
2387	4964
2387	5061
2387	5189
2387	5204
2387	5226
2387	5239
2387	5263
2387	5341
2387	5354
2387	5392
2387	5404
2387	5412
2387	5430
2387	5449
2387	5511
2387	5527
2387	5559
2387	5780
2387	5848
2387	5886
2387	5925
2387	5936
2387	5994
2387	6148
2387	7143
2387	7144
2387	7561
2388	2193
2389	2193
2390	2193
2390	2506
2392	2397
2391	2397
2394	2397
2395	2397
2396	2397
2393	1836
2393	2332
2393	2397
2393	2484
2398	72
2398	465
2398	968
2398	974
2398	1012
2398	1250
2398	1549
2398	1571
2398	1706
2398	1734
2398	1847
2398	2144
2398	2209
2398	2210
2398	2297
2398	2326
2398	2400
2398	2504
2398	2506
2398	2516
2398	2585
2398	2597
2398	2619
2398	2625
2398	2638
2398	2651
2398	2655
2398	2660
2398	2686
2398	2746
2398	2790
2398	2871
2398	3024
2398	3026
2398	3084
2398	3117
2398	3130
2398	3180
2398	3260
2398	3352
2398	3443
2398	3454
2398	3516
2398	3555
2398	3580
2398	3609
2398	3650
2398	3720
2398	3800
2398	3892
2398	3903
2398	3926
2398	3937
2398	3970
2398	3976
2398	4191
2398	4528
2398	4578
2398	4735
2398	4811
2398	5412
2398	8293
2399	1700
2399	2400
2401	1323
2402	1100
2402	1323
2403	1842
2403	2542
2404	1842
2405	1842
2406	1842
2406	2356
2407	332
2407	722
2407	1608
2407	1842
2410	15
2410	737
2410	1492
2410	1700
2410	1799
2410	2507
2410	2576
2410	2794
2410	2825
2410	3027
2410	3456
2410	3586
2410	3962
2410	4071
2410	4098
2410	4310
2410	4400
2410	4929
2410	5079
2410	5178
2410	5392
2410	5412
2410	5415
2410	5459
2410	5524
2410	5539
2410	5721
2410	5743
2410	5994
2410	6151
2410	6414
2410	7632
2410	7839
2410	7910
2306	1049
2306	1492
2306	2504
2306	2643
2411	417
2411	465
2411	825
2411	974
2411	1140
2411	1166
2411	1297
2411	1385
2411	1419
2411	1453
2411	1492
2411	1571
2411	1596
2411	1633
2411	1680
2411	1700
2411	1754
2411	1777
2411	1915
2411	1918
2411	1919
2411	1935
2411	1990
2411	1992
2411	2016
2411	2066
2411	2114
2411	2120
2411	2129
2411	2144
2411	2209
2411	2210
2411	2251
2411	2252
2411	2256
2411	2290
2411	2307
2411	2325
2411	2375
2411	2433
2411	2474
2411	2510
2411	2535
2411	2544
2411	2560
2411	2576
2411	2585
2411	2595
2411	2653
2411	2654
2411	2657
2411	2660
2411	2667
2411	2674
2411	2686
2411	2687
2411	2708
2411	2713
2411	2724
2411	2727
2411	2746
2411	2777
2411	2790
2411	2794
2411	2797
2411	2799
2411	2809
2411	2859
2411	2900
2411	2955
2411	2958
2411	2974
2411	3005
2411	3014
2411	3024
2411	3028
2411	3029
2411	3030
2411	3034
2411	3050
2411	3084
2411	3089
2411	3104
2411	3117
2411	3126
2411	3140
2411	3148
2411	3253
2411	3291
2411	3307
2411	3319
2411	3324
2411	3338
2411	3376
2411	3408
2411	3439
2411	3446
2411	3473
2411	3483
2411	3486
2411	3489
2411	3506
2411	3529
2411	3537
2411	3538
2411	3548
2411	3580
2411	3587
2411	3609
2411	3615
2411	3635
2411	3645
2411	3650
2411	3669
2411	3680
2411	3681
2411	3772
2411	3893
2411	3898
2411	3967
2411	4011
2411	4021
2411	4024
2411	4051
2411	4110
2411	4124
2411	4218
2411	4231
2411	4233
2411	4247
2411	4299
2411	4323
2411	4386
2411	4412
2411	4500
2411	4531
2411	4547
2411	5484
2411	7304
2411	8293
2411	8294
2412	1492
2412	2504
2412	6243
2413	1492
2413	2747
2414	1700
2414	1865
2414	1956
2414	2625
2414	2643
2414	6788
2416	332
2416	762
2416	1012
2416	1018
2416	1211
2416	1291
2416	1633
2416	1723
2416	1835
2416	2120
2416	2323
2416	2375
2416	2426
2416	2580
2416	2647
2416	2708
2416	2721
2416	2763
2416	2781
2416	2902
2416	2926
2416	2946
2416	2966
2416	2968
2416	2993
2416	3029
2416	3068
2416	3080
2416	3099
2416	3150
2416	3251
2416	3276
2416	3338
2416	3348
2416	3371
2416	3587
2416	8291
2417	290
2417	332
2417	2643
2417	2721
2417	2991
2417	6628
2417	7168
2418	332
2113	1154
2113	2420
2113	2625
2113	2685
2113	2880
2113	4072
2113	7561
2419	2420
2424	2425
2428	859
2429	859
2429	2323
2427	859
2427	1608
2427	2237
2427	2240
2427	2416
2427	2470
2427	2629
2427	2880
2427	3479
2427	4687
2427	6417
2435	56
2435	1211
2435	1297
2435	1374
2435	1564
2435	1592
2435	1633
2435	1637
2435	1646
2435	1723
2435	1956
2435	1992
2435	2117
2435	2174
2435	2231
2435	2240
2435	2256
2435	2340
2435	2490
2435	2587
2435	2594
2435	2618
2435	2625
2435	2654
2435	2657
2435	2754
2435	2770
2435	2781
2435	2794
2435	2801
2435	2809
2435	2900
2435	3030
2435	3034
2435	3089
2433	2435
2433	3439
2434	2435
2434	2963
2437	2470
2437	4687
2373	2135
2373	2470
2438	2470
2462	1250
2462	1608
2462	2182
2462	2470
2463	2470
2439	2470
2440	15
2440	465
2440	737
2440	896
2440	1982
2440	2237
2440	2257
2440	2470
2440	2654
2440	3007
2440	3026
2440	3034
2440	3084
2440	3238
2440	3321
2440	3334
2440	3352
2440	3456
2440	3643
2440	3664
2440	3892
2440	3962
2440	3976
2440	4099
2440	4191
2440	4261
2440	4400
2440	4646
2440	4687
2440	4712
2440	4735
2440	4827
2440	4828
2440	4875
2440	4981
2440	5210
2440	5335
2440	5412
2440	5584
2440	5605
2440	5760
2440	5819
2440	6111
2440	6414
2440	6699
2440	6918
2440	7050
2440	7620
2440	7908
2440	7927
2441	2470
2442	2470
2443	2470
2444	2237
2444	2384
2444	2470
2444	4037
2444	4600
2444	5022
2445	2470
2446	2470
2094	2470
2447	2470
2448	2470
2449	2470
2450	2470
2451	2470
2451	4687
2452	1026
2452	1982
2452	2470
2452	4037
2452	4341
2452	4361
2452	4401
2452	4875
2452	5079
2452	5179
2452	5233
2452	5378
2452	5432
2452	5800
2452	5811
2452	5814
2452	5839
2452	5902
2452	6123
2452	6280
2452	6417
2452	6555
2452	6772
2452	6784
2452	6832
2452	7005
2452	7047
2452	7050
2452	7116
2452	7225
2452	7351
2452	7393
2452	7414
2452	7553
2452	7587
2452	7632
2452	7662
2452	7683
2452	7701
2452	7924
2452	8044
2452	8174
2453	2470
2454	2470
2455	2470
2456	72
2456	2285
2456	2440
2456	2470
2456	2504
2456	3238
2456	3498
2456	3607
2456	3842
2456	3873
2456	4037
2456	4531
2456	4689
2456	4735
2456	4781
2456	4981
2456	4983
2456	5028
2456	5273
2456	5671
2456	5760
2456	6414
2456	6437
2456	6458
2456	6570
2456	6576
2456	6589
2456	6770
2456	7115
2456	7624
2456	7912
2465	2470
2457	2470
2466	2470
2458	2237
2458	2470
2458	5210
2458	5902
2458	6442
2458	6600
2459	2470
2460	2470
2461	2470
2475	3026
2475	4261
2471	2475
2472	56
2472	214
2472	350
2472	633
2472	765
2472	856
2472	1049
2472	1154
2472	1267
2472	1315
2472	1357
2472	1393
2472	1416
2472	1419
2472	1437
2472	1521
2472	1549
2472	1592
2472	1637
2472	1705
2472	1723
2472	1734
2472	1754
2472	1781
2472	1808
2472	1918
2472	2076
2472	2102
2472	2116
2472	2120
2472	2174
2472	2225
2472	2237
2472	2264
2472	2322
2472	2323
2472	2375
2472	2470
2472	2475
2472	2547
2472	2550
2472	2560
2472	2593
2472	2599
2472	2618
2472	2662
2472	2685
2472	2697
2472	2707
2472	2713
2472	2754
2472	2763
2472	2768
2472	2770
2472	2805
2472	2809
2472	2814
2472	2815
2472	2828
2472	2830
2472	2834
2472	2877
2472	2922
2472	2946
2472	2955
2472	2963
2472	2999
2472	3089
2472	3099
2472	3117
2472	3150
2472	3164
2472	3251
2472	8291
2472	8293
2473	290
2473	350
2473	403
2473	633
2473	765
2473	856
2473	1049
2473	1267
2473	1291
2473	1315
2473	1374
2473	1384
2473	1393
2473	1419
2473	1521
2473	1596
2473	1637
2473	1646
2473	1653
2473	1688
2473	1705
2473	1723
2473	1734
2473	1754
2473	1781
2473	1792
2473	1808
2473	1814
2473	1847
2473	1918
2473	1919
2473	1956
2473	1992
2473	2102
2473	2116
2473	2117
2473	2120
2473	2135
2473	2174
2473	2225
2473	2251
2473	2256
2473	2264
2473	2322
2473	2371
2473	2375
2473	2410
2473	2416
2473	2475
2473	2547
2473	2560
2473	2593
2473	2599
2473	2625
2473	2662
2473	2669
2473	2685
2473	2697
2473	2707
2473	2713
2473	2721
2473	2724
2473	2751
2473	2754
2473	2763
2473	2768
2473	2794
2473	2805
2473	2809
2473	2814
2473	2815
2473	2818
2473	2821
2473	2825
2473	2828
2473	2830
2473	2834
2473	2856
2473	2900
2473	2902
2473	2918
2473	2922
2473	2926
2473	2955
2473	2963
2473	2968
2473	2979
2473	2993
2473	2999
2473	3029
2473	3033
2473	3050
2473	3056
2473	3068
2473	3099
2473	3126
2473	3145
2473	3251
2473	3253
2473	3812
2473	4528
2473	4531
2473	8291
2476	290
2476	1291
2476	1357
2476	1416
2476	1705
2476	1734
2476	1754
2476	1919
2476	2225
2476	2264
2476	2323
2476	2411
2476	2416
2476	2479
2476	2550
2476	2593
2476	2617
2476	2707
2476	2724
2476	2815
2476	2830
2476	2856
2476	2900
2476	2918
2476	2968
2476	2999
2476	3029
2476	3033
2476	3034
2476	3056
2476	3068
2476	3099
2476	3140
2476	3145
2476	3150
2477	2479
2478	2120
2478	2252
2478	2479
2478	2499
2478	2650
2478	8292
2480	1608
2480	2369
2480	3320
2480	4315
2480	4536
2480	4735
2480	5936
2481	155
2481	1608
2481	3293
2481	4536
2481	4632
2481	6634
2481	6955
2481	7649
2482	1250
2482	1608
2482	2570
2485	204
2485	290
2485	417
2485	465
2485	737
2485	762
2485	765
2485	825
2485	856
2485	896
2485	974
2485	1166
2485	1185
2485	1239
2485	1267
2485	1291
2485	1307
2485	1315
2485	1357
2485	1360
2485	1393
2485	1403
2485	1453
2485	1473
2485	1549
2485	1571
2485	1596
2485	1637
2485	1648
2485	1688
2485	1705
2485	1723
2485	1729
2485	1754
2485	1769
2485	1792
2485	1808
2485	1982
2485	1984
2485	1990
2485	2014
2485	2016
2485	2066
2485	2114
2485	2116
2485	2120
2485	2135
2485	2145
2485	2174
2485	2225
2485	2237
2485	2256
2485	2257
2485	2289
2485	2297
2485	2323
2485	2325
2485	2328
2485	2364
2485	2371
2485	2375
2485	2384
2485	2398
2485	2411
2485	2433
2485	2456
2485	2484
2485	2506
2485	2508
2485	2510
2485	2511
2485	2542
2485	2547
2485	2550
2485	2560
2485	2565
2485	2576
2485	2585
2485	2593
2485	2594
2485	2595
2485	2597
2485	2605
2485	2619
2485	2625
2485	2646
2485	2647
2485	2653
2485	2654
2485	2655
2485	2657
2485	2660
2485	2667
2485	2674
2485	2686
2485	2696
2485	2700
2485	2713
2485	2727
2485	2746
2485	2747
2485	2819
2485	2830
2485	2831
2485	2856
2485	2871
2485	2877
2485	2900
2485	2902
2485	2909
2485	2918
2485	2923
2485	2928
2485	2940
2485	2955
2485	2958
2485	2966
2485	2972
2485	2993
2485	3005
2485	3007
2485	3009
2485	3010
2485	3014
2485	3018
2485	3020
2485	3024
2485	3026
2485	3027
2485	3028
2485	3029
2485	3034
2485	3056
2485	3059
2485	3073
2485	3089
2485	3103
2485	3114
2485	3117
2485	3125
2485	3144
2485	3145
2485	3148
2485	3164
2485	3173
2485	3192
2485	3238
2485	3243
2485	3258
2485	3260
2485	3274
2485	3309
2485	3319
2485	3321
2485	3324
2485	3351
2485	3352
2485	3371
2485	3393
2485	3404
2485	3409
2485	3417
2485	3443
2485	3452
2485	3458
2485	3459
2485	3473
2485	3480
2485	3489
2485	3498
2485	3516
2485	3529
2485	3537
2485	3557
2485	3562
2485	3568
2485	3580
2485	3587
2485	3615
2485	3645
2485	3650
2485	3660
2485	3680
2485	3748
2485	3752
2485	3796
2485	3800
2485	3854
2485	3873
2485	3892
2485	3897
2485	3903
2485	3970
2485	4011
2485	4013
2485	4037
2485	4040
2485	4055
2485	4071
2485	4099
2485	4124
2485	4162
2485	4175
2485	4179
2485	4181
2485	4191
2485	4212
2485	4247
2485	4256
2485	4266
2485	4290
2485	4338
2485	4361
2485	4384
2485	4432
2485	4485
2485	4510
2485	4536
2485	4574
2485	4578
2485	4600
2485	4613
2485	4653
2485	4666
2485	4712
2485	4781
2485	4814
2485	4827
2485	4828
2485	4899
2485	4938
2485	4964
2485	4977
2485	5002
2485	5020
2485	5022
2485	5026
2485	5028
2485	5061
2485	5096
2485	5100
2485	5103
2485	5106
2485	5144
2485	5178
2485	5189
2485	5233
2485	5254
2485	5289
2485	5323
2485	5404
2485	5412
2485	5430
2485	5445
2485	5452
2485	5454
2485	5459
2485	5482
2485	5484
2485	5506
2485	5509
2485	5529
2485	5543
2485	5584
2485	5637
2485	5640
2485	5651
2485	5683
2485	5693
2485	5721
2485	5790
2485	5804
2485	5806
2485	5818
2485	5872
2485	5902
2485	5922
2485	5925
2485	5932
2485	6032
2485	6043
2485	6123
2485	6124
2485	6148
2485	6151
2485	6227
2485	6229
2485	6327
2485	6347
2485	6417
2485	6523
2485	6560
2485	6600
2485	6780
2485	6832
2485	6875
2485	6897
2485	6914
2485	6934
2485	6976
2485	7092
2485	7351
2485	7400
2485	7422
2485	7478
2485	7510
2485	7561
2485	7620
2485	7624
2485	7649
2485	7795
2485	7809
2485	7833
2485	7855
2485	7862
2485	7890
2485	7927
2485	7961
2485	7965
2485	8163
2485	8174
2485	8192
2485	8212
2485	8295
2487	2240
2488	825
2488	1166
2488	1633
2488	1769
2488	1919
2488	2102
2488	2120
2488	2144
2488	2145
2488	2240
2488	2328
2488	2625
2488	2912
2488	3018
2488	3607
2488	3873
2488	3892
2488	4072
2488	4201
2488	4646
2488	4827
2489	2490
2491	2182
2492	2182
2493	2182
2493	3291
2493	3634
2493	4748
2493	6474
2493	6505
2494	2182
2495	2182
2496	2182
2496	4261
2497	1166
2497	1211
2497	1744
2497	1814
2497	2117
2497	2120
2497	2174
2497	2225
2497	2256
2497	2297
2497	2485
2497	2499
2497	2501
2497	2510
2497	2593
2497	2594
2497	2625
2497	2657
2497	2662
2497	2685
2497	2693
2497	2720
2497	3010
2497	3050
2497	3089
2497	3104
2497	3193
2497	3255
2497	3258
2497	3265
2497	3324
2497	3489
2497	3529
2497	3547
2497	3548
2497	3629
2497	3745
2497	3772
2500	2501
2500	2591
2500	2629
2502	214
2502	1018
2502	1186
2502	1549
2502	1835
2502	2174
2502	2297
2502	2323
2502	2506
2502	2542
2502	2576
2502	2655
2502	2660
2502	2770
2502	2918
2502	3002
2502	3018
2502	3408
2502	3459
2502	4110
2502	5210
2502	5254
2502	5773
2502	5828
2502	6634
2502	6833
2502	7054
2502	7115
2502	8141
2502	8178
2503	1835
2503	2607
2504	15
2504	737
2504	762
2504	825
2504	1185
2504	1453
2504	1769
2504	1799
2504	1835
2504	2066
2504	2144
2504	2252
2504	2256
2504	2297
2504	2323
2504	2328
2504	2338
2504	2354
2504	2364
2504	2381
2504	2398
2504	2508
2504	2542
2504	2544
2504	2547
2504	2576
2504	2585
2504	2605
2504	2619
2504	2655
2504	2660
2504	2775
2504	2794
2504	2830
2504	2940
2504	3002
2504	3009
2504	3020
2504	3034
2504	3050
2504	3068
2504	3084
2504	3092
2504	3117
2504	3443
2504	3452
2504	3454
2504	3456
2504	3568
2504	3607
2504	3650
2504	3720
2504	3800
2504	3843
2504	3892
2504	3903
2504	3926
2504	3956
2504	3971
2504	4024
2504	4037
2504	4043
2504	4099
2504	4191
2504	4256
2504	4263
2504	4400
2504	4485
2504	4827
2504	4846
2504	4875
2504	4953
2504	4962
2504	4981
2504	4999
2504	5079
2504	5092
2504	5189
2504	5233
2504	5412
2504	5449
2504	5484
2504	5527
2504	5828
2504	5886
2504	6006
2504	6094
2504	6123
2504	6124
2504	6156
2504	6296
2504	6560
2504	6770
2504	6918
2504	7092
2504	7839
2504	7908
2504	7924
2504	8174
2504	8296
2505	1835
2506	350
2506	1186
2506	1706
2506	1835
2506	2016
2506	2066
2506	2145
2506	2251
2506	2323
2506	2474
2506	2535
2506	2657
2506	2658
2506	2727
2506	2774
2506	2859
2506	2871
2506	2932
2506	3014
2506	3443
2506	3479
2506	3480
2506	3541
2506	3631
2506	3892
2506	4011
2506	4013
2506	4055
2506	4124
2506	4289
2506	4412
2506	4510
2506	4983
2506	5055
2506	5200
2506	5208
2506	5311
2506	6306
2506	6347
2506	6422
2506	6634
2506	6759
2506	6979
2506	7778
2506	7860
2506	7979
2507	15
2507	633
2507	765
2507	1297
2507	1352
2507	1357
2507	1393
2507	1416
2507	1633
2507	1646
2507	1781
2507	1814
2507	1835
2507	1847
2507	1919
2507	1992
2507	2102
2507	2116
2507	2117
2507	2120
2507	2135
2507	2225
2507	2231
2507	2264
2507	2322
2507	2324
2507	2325
2507	2356
2507	2375
2507	2410
2507	2474
2507	2504
2507	2510
2507	2576
2507	2593
2507	2594
2507	2617
2507	2625
2507	2651
2507	2693
2507	2713
2507	2724
2507	2794
2507	2805
2507	2828
2507	2834
2507	2844
2507	2856
2507	2912
2507	2928
2507	2955
2507	2963
2507	2973
2507	3005
2507	3015
2507	3021
2507	3033
2507	3034
2507	3251
2507	3253
2507	3265
2507	3307
2507	3351
2507	3408
2507	5254
2507	5262
2507	5445
2507	5624
2507	6164
2508	214
2508	290
2508	1374
2508	1835
2508	2323
2508	2470
2508	2542
2508	2625
2508	2669
2508	3562
2508	3892
2508	5083
2508	6004
2509	1374
2509	1384
2509	1835
2509	2340
2509	2619
2509	2625
2509	2638
2509	2685
2509	2720
2509	2770
2509	2801
2510	403
2510	765
2510	1166
2510	1186
2510	1250
2510	1267
2510	1297
2510	1416
2510	1437
2510	1633
2510	1648
2510	1653
2510	1792
2510	1808
2510	1814
2510	1847
2510	1992
2510	2102
2510	2117
2510	2120
2510	2134
2510	2174
2510	2231
2510	2294
2510	2328
2510	2371
2510	2410
2510	2474
2510	2485
2510	2504
2510	2542
2510	2565
2510	2587
2510	2593
2510	2594
2510	2617
2510	2625
2510	2651
2510	2654
2510	2660
2510	2674
2510	2693
2510	2700
2510	2707
2510	2727
2510	2754
2510	2794
2510	2801
2510	2805
2510	2828
2510	2834
2510	2999
2510	3005
2510	3030
2510	3034
2510	3130
2510	3253
2510	3265
2510	3276
2510	3394
2510	3404
2510	3489
2510	3516
2510	3529
2510	3557
2510	4124
2510	4256
2510	5412
2511	1018
2511	1026
2511	3084
2511	3238
2511	6241
2511	7647
2511	7649
2511	7688
2517	1310
2517	1918
2517	2117
2517	2120
2517	2996
2512	2517
2514	2517
2513	2517
2515	2517
2516	2517
2516	2576
2516	2579
2516	2587
2516	2605
2516	2657
2516	2912
2516	3026
2516	3265
2516	3456
2516	3479
2516	3664
2516	3680
2516	3792
2516	3892
2516	3976
2516	4574
2516	4706
2516	4808
2516	4875
2516	5037
2516	5130
2516	5245
2516	5273
2516	5459
2516	5463
2516	5605
2516	5683
2516	5697
2516	5743
2516	5814
2516	5827
2516	5844
2516	5863
2516	5926
2516	5931
2516	5947
2516	6009
2516	6481
2516	6532
2516	6589
2516	6634
2516	8128
2516	8295
2518	1186
2518	2510
2518	3024
2518	7115
2519	1186
2355	1186
2520	1186
2530	1186
2531	1186
2531	2256
2521	1186
2522	1186
2523	968
2523	1186
2523	2999
2523	4175
2523	7890
2534	1186
2526	1186
2527	1186
2527	2625
2528	1186
2535	15
2535	204
2535	1186
2535	1453
2535	1549
2535	2066
2535	2145
2535	2160
2535	2240
2535	2326
2535	2354
2535	2381
2535	2775
2535	2790
2535	2805
2535	2981
2535	3103
2535	3309
2535	3352
2535	3443
2535	3454
2535	3456
2535	3458
2535	3607
2535	3643
2535	3897
2535	3976
2535	4040
2535	4044
2535	4098
2535	4219
2535	4233
2535	4335
2535	4480
2535	4808
2535	5020
2535	5100
2535	5123
2535	5254
2535	5335
2535	5375
2535	5412
2535	5683
2535	5817
2535	6156
2535	6832
2535	8293
2536	1186
2537	1186
2538	1186
2529	1186
2540	1186
1181	1186
2541	204
2541	290
2541	762
2541	974
2541	1211
2541	1297
2541	1549
2541	1754
2541	1918
2541	2144
2541	2251
2541	2256
2541	2323
2541	2398
2541	2504
2541	2617
2541	2625
2541	2651
2541	2708
2541	2724
2541	2799
2541	2818
2541	2821
2541	2926
2541	2963
2541	2991
2541	3029
2541	3050
2541	3068
2541	3082
2541	3089
2541	3099
2541	3307
2541	3348
2541	3408
2541	3946
2541	8293
2542	72
2542	204
2542	403
2542	417
2542	765
2542	1100
2542	1267
2542	1297
2542	1307
2542	1453
2542	1549
2542	1637
2542	1723
2542	1956
2542	1990
2542	2016
2542	2066
2542	2102
2542	2120
2542	2145
2542	2174
2542	2225
2542	2231
2542	2252
2542	2264
2542	2290
2542	2297
2542	2323
2542	2328
2542	2356
2542	2398
2542	2456
2542	2504
2542	2508
2542	2576
2542	2597
2542	2599
2542	2623
2542	2660
2542	2693
2542	2707
2542	2746
2542	2768
2542	2787
2542	2805
2542	2819
2542	2828
2542	2834
2542	2859
2542	2871
2542	2968
2542	3018
2542	3021
2542	3028
2542	3260
2542	3291
2542	3301
2542	3371
2542	3408
2542	3435
2542	3443
2542	3473
2542	3580
2542	3587
2542	3804
2542	3812
2542	3847
2542	3871
2542	3903
2542	3926
2542	3946
2542	3976
2542	4013
2542	4138
2542	4175
2542	4191
2542	4233
2542	4247
2542	4261
2542	4338
2542	4361
2542	4463
2542	4510
2542	4604
2542	4687
2542	4735
2542	4981
2542	5584
2542	5714
2542	5828
2542	5902
2542	6229
2542	8294
2543	2504
2498	2504
2545	2504
2545	2508
2545	3026
2545	3480
2545	5671
2545	6437
2545	6458
2546	968
2546	1357
2546	1416
2546	1419
2546	1549
2546	1633
2546	1734
2546	1956
2546	2066
2546	2102
2546	2145
2546	2174
2546	2297
2546	2322
2546	2338
2546	2340
2546	2504
2546	2542
2546	2570
2546	2576
2546	2579
2546	2638
2546	2654
2546	2660
2546	2665
2546	2674
2546	2693
2546	2794
2546	2801
2546	2828
2546	2900
2546	3034
2546	3443
2546	3567
2547	204
2547	762
2547	1357
2547	1437
2547	1549
2547	1596
2547	1679
2547	1777
2547	1792
2547	1808
2547	2209
2547	2290
2547	2297
2547	2325
2547	2328
2547	2371
2547	2398
2547	2411
2547	2440
2547	2474
2547	2485
2547	2504
2547	2542
2547	2560
2547	2576
2547	2625
2547	2646
2547	2653
2547	2654
2547	2660
2547	2662
2547	2667
2547	2674
2547	2687
2547	2724
2547	2768
2547	2777
2547	2790
2547	2794
2547	2797
2547	2799
2547	2819
2547	2900
2547	2912
2547	2914
2547	2946
2547	2972
2547	2991
2547	2993
2547	2996
2547	3014
2547	3034
2547	3050
2547	3056
2547	3068
2547	3089
2547	3099
2547	3126
2547	3150
2547	3235
2547	3253
2547	3276
2547	3352
2547	3439
2547	3443
2547	3516
2547	3557
2547	3580
2547	3587
2547	3650
2547	3976
2547	4021
2547	4124
2547	4199
2547	4266
2547	4297
2547	4349
2547	4402
2547	4453
2547	4662
2547	4687
2547	4706
2547	4715
2547	4719
2547	4735
2547	4798
2547	4811
2547	4875
2547	5072
2547	5073
2547	5487
2547	5524
2547	5543
2547	5638
2547	6098
2547	6337
2547	6407
2547	6435
2547	6481
2547	6566
2547	6699
2547	7115
2547	8293
2547	8294
2547	8295
2548	1847
2548	2117
2548	2144
2548	2504
2548	2585
2548	2646
2548	2657
2548	2794
2548	2923
2548	3005
2548	3568
2548	3645
2549	290
2549	762
2549	1211
2549	1357
2549	1648
2549	1734
2549	1754
2549	1808
2549	1918
2549	1919
2549	1956
2549	2251
2549	2256
2549	2323
2549	2371
2549	2474
2549	2504
2549	2510
2549	2565
2549	2576
2549	2585
2549	2593
2549	2727
2549	2746
2549	2877
2549	2923
2549	2932
2549	2955
2549	2958
2549	2963
2549	3002
2549	3005
2549	3007
2549	3024
2549	3029
2549	3033
2549	3117
2549	3238
2549	3615
2549	3650
2549	3752
2549	3812
2549	3937
2549	4037
2549	4482
2549	4531
2549	4536
2549	4587
2549	4777
2549	4797
2549	4814
2549	4929
2549	5022
2549	5079
2549	5263
2549	5301
2549	5412
2549	5459
2549	5527
2549	5651
2549	5743
2549	5773
2549	5784
2549	5790
2549	5828
2549	5928
2549	6914
2549	7092
2549	7131
2549	7803
2550	765
2550	1357
2550	1416
2550	1437
2550	1549
2550	1717
2550	1956
2550	2116
2550	2174
2550	2233
2550	2264
2550	2371
2550	2501
2550	2504
2550	2579
2550	2589
2550	2591
2550	2697
2550	2794
2550	2797
2550	2834
2550	2902
2550	2918
2550	3164
2550	3171
2550	8291
2552	2504
2552	4828
2552	6094
2552	6124
2552	7005
2551	1211
2551	2504
899	403
899	1592
899	1637
899	1646
899	1653
899	1723
899	1956
899	2120
899	2225
899	2410
899	2618
899	2754
899	2768
899	2777
899	2794
899	2801
899	2805
899	2809
899	2814
899	2818
899	2821
899	2828
899	2834
899	8292
2555	765
2555	1653
2555	1956
2555	2102
2555	2120
2555	2322
2555	2410
2555	2794
2555	2801
2555	2809
2555	2828
2555	8292
2556	1956
2566	15
2566	762
2566	1374
2566	1549
2566	1792
2566	1956
2566	2066
2566	2102
2566	2354
2566	2535
2566	2595
2566	2654
2566	2660
2566	2674
2566	2900
2566	2972
2566	3320
2566	3348
2566	3394
2566	3479
2566	3529
2566	3562
2566	3843
2566	4138
2566	4191
2566	4201
2566	4335
2566	4712
2566	4994
2566	5130
2566	6464
2566	8292
2557	56
2557	214
2557	403
2557	765
2557	1154
2557	1310
2557	1315
2557	1419
2557	1596
2557	1637
2557	1646
2557	1705
2557	1723
2557	1769
2557	1918
2557	1956
2557	2053
2557	2102
2557	2120
2557	2174
2557	2264
2557	2322
2557	2323
2557	2340
2557	2411
2557	2416
2557	2470
2557	2547
2557	2560
2557	2599
2557	2618
2557	2707
2557	2763
2557	2768
2557	2770
2557	2777
2557	2781
2557	2785
2557	2794
2557	2797
2557	2801
2557	2805
2557	2809
2557	2814
2557	2815
2557	2828
2557	2834
2557	2871
2557	2877
2557	2880
2557	2918
2557	2922
2557	2955
2557	2963
2557	2966
2557	2972
2557	2977
2557	2979
2557	2996
2557	2999
2557	3014
2557	3276
2557	3443
2557	3607
2557	3643
2557	3854
2557	3898
2557	3958
2557	4220
2557	4298
2557	4551
2557	4613
2557	4792
2557	4953
2557	4999
2557	8290
2557	8292
2469	350
2469	1956
2469	2794
2567	15
2567	1211
2567	1956
2567	2398
2567	8292
2558	1956
2558	3020
2559	214
2559	290
2559	403
2559	417
2559	633
2559	762
2559	765
2559	974
2559	1166
2559	1211
2559	1291
2559	1297
2559	1385
2559	1729
2559	1734
2559	1744
2559	1754
2559	1792
2559	1814
2559	1847
2559	1956
2559	1961
2559	2053
2559	2066
2559	2120
2559	2225
2559	2252
2559	2256
2559	2289
2559	2290
2559	2324
2559	2356
2559	2398
2559	2411
2559	2470
2559	2508
2559	2510
2559	2542
2559	2565
2559	2617
2559	2625
2559	2651
2559	2654
2559	2662
2559	2674
2559	2721
2559	2785
2559	2794
2559	2805
2559	2809
2559	2828
2559	2856
2559	2859
2559	2951
2559	2958
2559	2968
2559	3029
2559	3034
2559	3117
2559	3140
2559	3148
2559	3173
2559	3253
2559	3307
2559	3371
2559	3394
2559	3516
2559	3562
2559	3568
2559	3580
2559	3629
2559	3680
2559	4051
2559	4110
2559	4201
2559	4290
2559	4365
2559	4384
2559	4453
2559	4463
2559	8292
2559	8294
2560	204
2560	290
2560	346
2560	417
2560	825
2560	827
2560	856
2560	1024
2560	1026
2560	1157
2560	1211
2560	1239
2560	1291
2560	1297
2560	1305
2560	1307
2560	1360
2560	1549
2560	1571
2560	1596
2560	1744
2560	1754
2560	1777
2560	1915
2560	1956
2560	2016
2560	2066
2560	2114
2560	2129
2560	2144
2560	2210
2560	2231
2560	2252
2560	2256
2560	2323
2560	2324
2560	2340
2560	2398
2560	2411
2560	2485
2560	2508
2560	2565
2560	2593
2560	2595
2560	2597
2560	2617
2560	2619
2560	2646
2560	2653
2560	2654
2560	2655
2560	2686
2560	2708
2560	2727
2560	2794
2560	2799
2560	2809
2560	2859
2560	2912
2560	2917
2560	2918
2560	2923
2560	2926
2560	2951
2560	2963
2560	2968
2560	2972
2560	2979
2560	2993
2560	2996
2560	2999
2560	3009
2560	3024
2560	3034
2560	3050
2560	3056
2560	3073
2560	3084
2560	3089
2560	3099
2560	3114
2560	3140
2560	3145
2560	3164
2560	3173
2560	3180
2560	3238
2560	3253
2560	3276
2560	3291
2560	3310
2560	3346
2560	3394
2560	3417
2560	3439
2560	3473
2560	3480
2560	3506
2560	3516
2560	3520
2560	3537
2560	3557
2560	3567
2560	3580
2560	3615
2560	3646
2560	3650
2560	3661
2560	3670
2560	3681
2560	3717
2560	3770
2560	3803
2560	3812
2560	3843
2560	3847
2560	3926
2560	3937
2560	3949
2560	3967
2560	4012
2560	4021
2560	4044
2560	4138
2560	4189
2560	4191
2560	4201
2560	4233
2560	4256
2560	4289
2560	4290
2560	4298
2560	4311
2560	4323
2560	4341
2560	4365
2560	4384
2560	4507
2560	4706
2560	4811
2560	4999
2560	5096
2560	5148
2560	5341
2560	5406
2560	5671
2560	6043
2560	6320
2560	6330
2560	6422
2560	6523
2560	6560
2560	6665
2560	6918
2560	6980
2560	7052
2560	7059
2560	7277
2560	7400
2560	7443
2560	7544
2560	7587
2560	7647
2560	7648
2560	7649
2560	7651
2560	7652
2560	7694
2560	7695
2560	7699
2560	7707
2560	7726
2560	7778
2560	7788
2560	7795
2560	7803
2560	7809
2560	7813
2560	7965
2560	8293
2561	1956
2561	2809
2562	1956
2562	5254
2563	1956
2563	2777
2564	15
2564	72
2564	204
2564	608
2564	737
2564	974
2564	1315
2564	1352
2564	1473
2564	1799
2564	1956
2564	2066
2564	2134
2564	2237
2564	2324
2564	2456
2564	2508
2564	2576
2564	2657
2564	2660
2564	2693
2564	2940
2564	2981
2564	3027
2564	3164
2564	3371
2564	3456
2564	3537
2564	3635
2564	3680
2564	3720
2564	3830
2564	4099
2564	4191
2564	4247
2564	4297
2564	4338
2564	4712
2564	4953
2564	5239
2564	5637
2564	5714
2564	5848
2564	6328
2564	6337
2564	6437
2564	6442
2564	6600
2564	6833
2564	6897
2565	56
2565	155
2565	204
2565	214
2565	285
2565	290
2565	346
2565	403
2565	417
2565	425
2565	465
2565	633
2565	737
2565	762
2565	765
2565	825
2565	827
2565	840
2565	856
2565	938
2565	967
2565	974
2565	1024
2565	1026
2565	1100
2565	1154
2565	1157
2565	1166
2565	1185
2565	1191
2565	1211
2565	1239
2565	1247
2565	1267
2565	1291
2565	1297
2565	1305
2565	1307
2565	1310
2565	1315
2565	1357
2565	1360
2565	1374
2565	1384
2565	1385
2565	1393
2565	1403
2565	1416
2565	1419
2565	1437
2565	1493
2565	1498
2565	1548
2565	1549
2565	1571
2565	1596
2565	1633
2565	1637
2565	1646
2565	1653
2565	1679
2565	1680
2565	1688
2565	1705
2565	1706
2565	1723
2565	1729
2565	1734
2565	1744
2565	1754
2565	1769
2565	1777
2565	1781
2565	1792
2565	1799
2565	1808
2565	1814
2565	1865
2565	1915
2565	1918
2565	1919
2565	1935
2565	1956
2565	1982
2565	1990
2565	2014
2565	2016
2565	2053
2565	2066
2565	2102
2565	2114
2565	2116
2565	2120
2565	2133
2565	2134
2565	2135
2565	2144
2565	2145
2565	2160
2565	2174
2565	2209
2565	2210
2565	2223
2565	2225
2565	2231
2565	2237
2565	2240
2565	2251
2565	2252
2565	2256
2565	2257
2565	2258
2565	2264
2565	2289
2565	2290
2565	2297
2565	2307
2565	2322
2565	2323
2565	2324
2565	2325
2565	2328
2565	2338
2565	2354
2565	2356
2565	2364
2565	2369
2565	2371
2565	2375
2565	2381
2565	2384
2565	2386
2565	2398
2565	2410
2565	2411
2565	2416
2565	2426
2565	2433
2565	2456
2565	2470
2565	2474
2565	2485
2565	2501
2565	2506
2565	2508
2565	2510
2565	2511
2565	2516
2565	2517
2565	2535
2565	2542
2565	2544
2565	2547
2565	2550
2565	2560
2565	2576
2565	2585
2565	2592
2565	2593
2565	2594
2565	2595
2565	2597
2565	2599
2565	2605
2565	2612
2565	2617
2565	2623
2565	2625
2565	2646
2565	2647
2565	2651
2565	2652
2565	2653
2565	2654
2565	2655
2565	2657
2565	2658
2565	2660
2565	2662
2565	2667
2565	2674
2565	2686
2565	2687
2565	2689
2565	2693
2565	2696
2565	2697
2565	2700
2565	2707
2565	2708
2565	2713
2565	2721
2565	2724
2565	2727
2565	2746
2565	2747
2565	2754
2565	2763
2565	2764
2565	2768
2565	2770
2565	2775
2565	2777
2565	2785
2565	2787
2565	2790
2565	2794
2565	2799
2565	2805
2565	2809
2565	2811
2565	2814
2565	2815
2565	2819
2565	2822
2565	2825
2565	2828
2565	2830
2565	2831
2565	2834
2565	2838
2565	2844
2565	2851
2565	2856
2565	2859
2565	2871
2565	2877
2565	2880
2565	2900
2565	2902
2565	2909
2565	2912
2565	2917
2565	2918
2565	2922
2565	2923
2565	2926
2565	2932
2565	2940
2565	2946
2565	2951
2565	2955
2565	2958
2565	2963
2565	2966
2565	2968
2565	2972
2565	2973
2565	2974
2565	2977
2565	2979
2565	2981
2565	2991
2565	2993
2565	2999
2565	3000
2565	3002
2565	3005
2565	3007
2565	3009
2565	3010
2565	3018
2565	3020
2565	3021
2565	3024
2565	3026
2565	3027
2565	3028
2565	3029
2565	3030
2565	3033
2565	3034
2565	3050
2565	3056
2565	3059
2565	3068
2565	3073
2565	3084
2565	3089
2565	3092
2565	3099
2565	3103
2565	3106
2565	3114
2565	3117
2565	3125
2565	3126
2565	3140
2565	3144
2565	3145
2565	3148
2565	3150
2565	3164
2565	3173
2565	3192
2565	3200
2565	3235
2565	3238
2565	3243
2565	3251
2565	3253
2565	3258
2565	3260
2565	3265
2565	3276
2565	3284
2565	3293
2565	3297
2565	3307
2565	3309
2565	3310
2565	3313
2565	3319
2565	3320
2565	3321
2565	3324
2565	3334
2565	3338
2565	3346
2565	3348
2565	3351
2565	3352
2565	3371
2565	3381
2565	3393
2565	3394
2565	3404
2565	3408
2565	3417
2565	3435
2565	3439
2565	3443
2565	3447
2565	3452
2565	3453
2565	3454
2565	3455
2565	3456
2565	3458
2565	3459
2565	3460
2565	3461
2565	3464
2565	3473
2565	3480
2565	3483
2565	3486
2565	3489
2565	3506
2565	3516
2565	3520
2565	3529
2565	3537
2565	3538
2565	3541
2565	3547
2565	3548
2565	3557
2565	3562
2565	3567
2565	3568
2565	3576
2565	3580
2565	3587
2565	3607
2565	3609
2565	3615
2565	3631
2565	3635
2565	3643
2565	3645
2565	3646
2565	3650
2565	3660
2565	3661
2565	3664
2565	3670
2565	3680
2565	3681
2565	3691
2565	3717
2565	3720
2565	3726
2565	3748
2565	3752
2565	3769
2565	3770
2565	3787
2565	3792
2565	3796
2565	3803
2565	3804
2565	3806
2565	3807
2565	3812
2565	3813
2565	3816
2565	3843
2565	3847
2565	3849
2565	3854
2565	3856
2565	3867
2565	3871
2565	3885
2565	3887
2565	3892
2565	3893
2565	3898
2565	3903
2565	3910
2565	3926
2565	3937
2565	3946
2565	3956
2565	3958
2565	3962
2565	3967
2565	3969
2565	3976
2565	4011
2565	4013
2565	4021
2565	4024
2565	4031
2565	4037
2565	4040
2565	4043
2565	4044
2565	4051
2565	4055
2565	4058
2565	4065
2565	4071
2565	4072
2565	4088
2565	4098
2565	4103
2565	4110
2565	4117
2565	4124
2565	4127
2565	4134
2565	4138
2565	4162
2565	4179
2565	4189
2565	4191
2565	4199
2565	4201
2565	4212
2565	4231
2565	4233
2565	4234
2565	4247
2565	4256
2565	4261
2565	4263
2565	4266
2565	4269
2565	4289
2565	4290
2565	4297
2565	4298
2565	4299
2565	4315
2565	4331
2565	4335
2565	4341
2565	4349
2565	4355
2565	4361
2565	4365
2565	4373
2565	4384
2565	4385
2565	4386
2565	4400
2565	4401
2565	4412
2565	4417
2565	4422
2565	4424
2565	4432
2565	4435
2565	4448
2565	4453
2565	4463
2565	4468
2565	4482
2565	4485
2565	4488
2565	4500
2565	4507
2565	4510
2565	4528
2565	4530
2565	4531
2565	4536
2565	4547
2565	4551
2565	4557
2565	4558
2565	4562
2565	4578
2565	4583
2565	4587
2565	4588
2565	4600
2565	4605
2565	4613
2565	4620
2565	4631
2565	4632
2565	4646
2565	4648
2565	4653
2565	4661
2565	4662
2565	4666
2565	4706
2565	4709
2565	4713
2565	4719
2565	4735
2565	4764
2565	4777
2565	4778
2565	4780
2565	4792
2565	4796
2565	4808
2565	4811
2565	4814
2565	4820
2565	4824
2565	4827
2565	4846
2565	4875
2565	4884
2565	4929
2565	4938
2565	4940
2565	4944
2565	4953
2565	4964
2565	4981
2565	4983
2565	4986
2565	4999
2565	5002
2565	5012
2565	5020
2565	5022
2565	5026
2565	5028
2565	5037
2565	5055
2565	5058
2565	5073
2565	5079
2565	5092
2565	5096
2565	5100
2565	5106
2565	5130
2565	5132
2565	5144
2565	5148
2565	5162
2565	5179
2565	5189
2565	5199
2565	5204
2565	5210
2565	5215
2565	5222
2565	5233
2565	5239
2565	5245
2565	5246
2565	5288
2565	5289
2565	5295
2565	5321
2565	5335
2565	5341
2565	5364
2565	5378
2565	5384
2565	5392
2565	5404
2565	5406
2565	5412
2565	5421
2565	5423
2565	5430
2565	5432
2565	5449
2565	5452
2565	5454
2565	5459
2565	5465
2565	5466
2565	5484
2565	5500
2565	5506
2565	5509
2565	5511
2565	5524
2565	5529
2565	5539
2565	5543
2565	5545
2565	5559
2565	5563
2565	5568
2565	5582
2565	5592
2565	5596
2565	5605
2565	5614
2565	5637
2565	5640
2565	5650
2565	5651
2565	5671
2565	5683
2565	5693
2565	5697
2565	5714
2565	5739
2565	5760
2565	5772
2565	5773
2565	5776
2565	5800
2565	5802
2565	5806
2565	5807
2565	5811
2565	5812
2565	5814
2565	5817
2565	5818
2565	5822
2565	5829
2565	5835
2565	5839
2565	5871
2565	5872
2565	5887
2565	5897
2565	5902
2565	5922
2565	5932
2565	5933
2565	5998
2565	6000
2565	6004
2565	6032
2565	6043
2565	6044
2565	6097
2565	6123
2565	6151
2565	6174
2565	6198
2565	6227
2565	6241
2565	6243
2565	6270
2565	6272
2565	6299
2565	6305
2565	6320
2565	6327
2565	6330
2565	6347
2565	6388
2565	6414
2565	6417
2565	6422
2565	6424
2565	6442
2565	6496
2565	6503
2565	6523
2565	6555
2565	6560
2565	6596
2565	6613
2565	6618
2565	6624
2565	6634
2565	6665
2565	6712
2565	6714
2565	6720
2565	6736
2565	6737
2565	6759
2565	6765
2565	6770
2565	6774
2565	6780
2565	6783
2565	6789
2565	6790
2565	6832
2565	6833
2565	6850
2565	6855
2565	6860
2565	6869
2565	6873
2565	6875
2565	6897
2565	6901
2565	6907
2565	6913
2565	6914
2565	6918
2565	6923
2565	6930
2565	6933
2565	6934
2565	6942
2565	6945
2565	6946
2565	6948
2565	6953
2565	6955
2565	6976
2565	6979
2565	6980
2565	6982
2565	6993
2565	6994
2565	7005
2565	7012
2565	7021
2565	7047
2565	7050
2565	7052
2565	7054
2565	7059
2565	7063
2565	7073
2565	7088
2565	7092
2565	7094
2565	7101
2565	7108
2565	7110
2565	7115
2565	7116
2565	7119
2565	7120
2565	7131
2565	7143
2565	7144
2565	7186
2565	7201
2565	7214
2565	7225
2565	7233
2565	7237
2565	7238
2565	7277
2565	7279
2565	7280
2565	7295
2565	7301
2565	7319
2565	7341
2565	7351
2565	7362
2565	7373
2565	7378
2565	7381
2565	7386
2565	7389
2565	7391
2565	7400
2565	7414
2565	7422
2565	7442
2565	7443
2565	7450
2565	7478
2565	7497
2565	7510
2565	7512
2565	7517
2565	7529
2565	7544
2565	7553
2565	7561
2565	7567
2565	7574
2565	7587
2565	7588
2565	7593
2565	7618
2565	7620
2565	7624
2565	7632
2565	7634
2565	7646
2565	7649
2565	7651
2565	7658
2565	7662
2565	7666
2565	7668
2565	7673
2565	7683
2565	7694
2565	7695
2565	7699
2565	7701
2565	7707
2565	7726
2565	7757
2565	7763
2565	7778
2565	7788
2565	7791
2565	7795
2565	7799
2565	7803
2565	7809
2565	7810
2565	7813
2565	7819
2565	7833
2565	7835
2565	7839
2565	7855
2565	7857
2565	7860
2565	7862
2565	7871
2565	7879
2565	7882
2565	7890
2565	7908
2565	7910
2565	7912
2565	7921
2565	7924
2565	7927
2565	7928
2565	7946
2565	7961
2565	7965
2565	7979
2565	7992
2565	7994
2565	7996
2565	8037
2565	8042
2565	8044
2565	8051
2565	8068
2565	8073
2565	8083
2565	8121
2565	8122
2565	8124
2565	8128
2565	8130
2565	8132
2565	8134
2565	8141
2565	8148
2565	8163
2565	8168
2565	8169
2565	8174
2565	8178
2565	8192
2565	8198
2565	8209
2565	8212
2565	8219
2565	8224
2565	8237
2565	8249
2565	8292
2565	8293
2565	8294
2570	1717
2569	56
2569	1049
2569	1374
2569	2294
2569	2570
2572	1935
2572	2575
2572	2579
2572	2587
2572	2607
2572	2629
2572	4051
2573	2575
2574	2575
2574	2625
2576	56
2576	765
2576	974
2576	1159
2576	1166
2576	1211
2576	1297
2576	1315
2576	1357
2576	1416
2576	1633
2576	1679
2576	1680
2576	1688
2576	1705
2576	1781
2576	1865
2576	1919
2576	2001
2576	2053
2576	2102
2576	2144
2576	2160
2576	2174
2576	2231
2576	2251
2576	2285
2576	2324
2576	2338
2576	2354
2576	2375
2576	2381
2576	2398
2576	2411
2576	2416
2576	2470
2576	2474
2576	2507
2576	2542
2576	2579
2576	2592
2576	2594
2576	2620
2576	2625
2576	2646
2576	2651
2576	2654
2576	2660
2576	2662
2576	2674
2576	2687
2576	2689
2576	2693
2576	2697
2576	2700
2576	2713
2576	2724
2576	2760
2576	2765
2576	2768
2576	2805
2576	2809
2576	2814
2576	2822
2576	2825
2576	2828
2576	2871
2576	2877
2576	2880
2576	2912
2576	2918
2576	2926
2576	2973
2576	3005
2576	3021
2576	3033
2576	3084
2576	3089
2576	3092
2576	3099
2576	3106
2576	3117
2576	3125
2576	3148
2576	3256
2576	3265
2576	3274
2576	3307
2576	3408
2576	3443
2576	3473
2576	3489
2576	3516
2576	3643
2576	3670
2576	3769
2576	3813
2576	3956
2576	3958
2576	3962
2576	4037
2576	4065
2576	4071
2576	4072
2576	4298
2576	4536
2576	4613
2576	4797
2576	4981
2576	5148
2576	5210
2576	5245
2576	5254
2576	5301
2576	5305
2576	5459
2576	5605
2576	5713
2576	5721
2576	5732
2576	5739
2576	5802
2576	5814
2576	5819
2576	6029
2576	6044
2576	6174
2576	6320
2576	6437
2576	6523
2576	6552
2576	6918
2576	6980
2576	7052
2576	7120
2576	7443
2576	7620
2576	7699
2576	7757
2576	7763
2576	7809
2576	7871
2576	7882
2576	7910
2576	8293
2576	8295
2577	2579
2577	2580
2578	765
2578	1646
2578	1653
2578	1717
2578	2117
2578	2323
2578	2410
2578	2579
2578	2587
2578	2617
2578	2625
2578	3130
2587	72
2587	2576
2587	2617
2587	2625
2587	2775
2587	3568
2587	4349
2587	4661
2587	5226
2587	5459
2587	5524
2587	5684
2581	2587
2582	2587
2583	2587
2583	2625
2584	2587
2585	15
2585	762
2585	1549
2585	2066
2585	2120
2585	2160
2585	2210
2585	2252
2585	2328
2585	2338
2585	2398
2585	2535
2585	2544
2585	2587
2585	2594
2585	2625
2585	2651
2585	2653
2585	2746
2585	2790
2585	2958
2585	3005
2585	3024
2585	3028
2585	3030
2585	3089
2585	3117
2585	3192
2585	3260
2585	3276
2585	3351
2585	3394
2585	3439
2585	3454
2585	3537
2585	3562
2585	3580
2585	3615
2585	3645
2585	3842
2585	3873
2585	3892
2585	3976
2585	4013
2585	4021
2585	4037
2585	4191
2585	4448
2585	4528
2585	4574
2585	4735
2585	5121
2585	5273
2585	5288
2585	5412
2585	5891
2585	6124
2585	7168
2585	8293
2585	8294
2586	2587
2586	2643
2592	1799
2592	2117
2592	2237
2592	2375
2592	2416
2592	2928
2592	4098
2592	4191
2592	4587
2592	4625
2592	4846
2592	5123
2592	5484
2593	56
2593	350
2593	765
2593	1049
2593	1374
2593	1521
2593	1734
2593	1754
2593	1847
2593	2102
2593	2117
2593	2294
2593	2322
2593	2328
2593	2411
2593	2625
2593	2654
2593	2693
2593	2727
2593	2751
2593	2801
2593	2805
2593	2809
2593	2844
2593	2902
2593	2958
2593	2990
2593	3026
2593	3082
2593	3117
2593	3650
2593	8292
2594	15
2594	417
2594	465
2594	737
2594	856
2594	974
2594	1166
2594	1297
2594	1847
2594	2001
2594	2066
2594	2117
2594	2120
2594	2174
2594	2256
2594	2264
2594	2322
2594	2398
2594	2410
2594	2501
2594	2544
2594	2576
2594	2585
2594	2619
2594	2625
2594	2665
2594	2700
2594	2746
2594	2751
2594	2797
2594	2831
2594	2958
2594	3005
2594	3030
2594	3082
2594	3089
2594	3104
2594	3130
2594	3321
2594	3439
2594	3562
2594	3580
2594	4021
2594	4124
2594	5412
2595	15
2595	608
2595	1297
2595	1357
2595	1548
2595	1808
2595	2117
2595	2134
2595	2174
2595	2237
2595	2264
2595	2276
2595	2328
2595	2354
2595	2398
2595	2516
2595	2560
2595	2585
2595	2625
2595	2657
2595	2665
2595	2746
2595	2794
2595	3034
2595	3089
2595	3117
2595	3258
2595	3352
2595	3443
2595	3456
2595	3537
2595	3586
2595	3615
2595	3650
2595	4030
2595	4049
2595	4162
2595	4179
2595	4276
2595	4338
2595	4875
2595	5178
2595	5254
2595	5484
2595	5760
2595	6006
2595	6437
2595	7362
2595	7478
2596	765
2596	1646
2596	2117
2596	2593
2596	2625
2596	2643
2596	2790
2596	2805
2596	3073
2596	3276
2596	3284
2596	4536
2596	4735
2597	2117
2597	3145
2598	1847
2598	1992
2598	2117
2598	2251
2598	2593
2598	2625
2598	2643
2474	56
2474	204
2474	290
2474	403
2474	417
2474	425
2474	633
2474	737
2474	762
2474	765
2474	1049
2474	1267
2474	1291
2474	1307
2474	1357
2474	1374
2474	1384
2474	1393
2474	1416
2474	1419
2474	1549
2474	1592
2474	1646
2474	1705
2474	1723
2474	1734
2474	1754
2474	1781
2474	1792
2474	1808
2474	1814
2474	1847
2474	1919
2474	1992
2474	2066
2474	2116
2474	2117
2474	2120
2474	2135
2474	2145
2474	2174
2474	2210
2474	2225
2474	2229
2474	2231
2474	2240
2474	2251
2474	2256
2474	2264
2474	2294
2474	2297
2474	2322
2474	2328
2474	2340
2474	2371
2474	2375
2474	2398
2474	2410
2474	2501
2474	2506
2474	2547
2474	2550
2474	2576
2474	2593
2474	2594
2474	2599
2474	2617
2474	2618
2474	2619
2474	2625
2474	2638
2474	2646
2474	2650
2474	2651
2474	2654
2474	2662
2474	2665
2474	2669
2474	2670
2474	2685
2474	2697
2474	2707
2474	2721
2474	2736
2474	2763
2474	2774
2474	2794
2474	2805
2474	2809
2474	2811
2474	2814
2474	2815
2474	2825
2474	2828
2474	2830
2474	2834
2474	2856
2474	2877
2474	2902
2474	2912
2474	2922
2474	2928
2474	2951
2474	2955
2474	2963
2474	2968
2474	2993
2474	3007
2474	3024
2474	3029
2474	3033
2474	3034
2474	3068
2474	3117
2474	3251
2474	3253
2474	3258
2474	3265
2474	3443
2474	3562
2474	3631
2474	3755
2474	3898
2474	4013
2474	4021
2474	4051
2474	4055
2474	4058
2474	4078
2474	4124
2474	4191
2474	4261
2474	4266
2474	4510
2474	4735
2474	5055
2474	5200
2474	5311
2474	5539
2474	6347
2474	7168
2474	8294
2599	417
2599	762
2599	2117
2599	2665
2599	3009
2599	4400
2599	5412
2599	6251
2599	7632
2603	2604
2605	403
2605	1166
2605	1297
2605	1688
2605	1808
2605	1992
2605	2001
2605	2120
2605	2144
2605	2174
2605	2251
2605	2323
2605	2381
2605	2516
2605	2542
2605	2547
2605	2576
2605	2594
2605	2620
2605	2625
2605	2707
2605	2871
2605	2922
2605	2963
2605	2996
2605	3029
2605	3033
2605	3104
2605	3251
2605	3376
2605	3417
2605	3489
2605	3568
2605	3643
2605	3660
2605	3807
2605	3812
2605	3856
2605	4191
2605	4335
2605	4483
2605	4653
2605	4986
2605	5106
2605	5188
2605	5189
2605	5226
2605	5301
2605	5321
2605	5404
2605	5449
2605	5459
2605	5624
2605	5637
2605	5650
2605	5651
2605	5693
2605	5713
2605	5721
2605	6006
2605	6080
2605	6501
2605	6552
2605	6600
2606	2625
2607	2625
2608	765
2608	1419
2608	1723
2608	2174
2608	2264
2608	2322
2608	2366
2608	2410
2608	2470
2608	2560
2608	2625
2608	2814
2608	2828
2608	2979
2609	2620
2609	2625
2609	2720
2609	2805
2609	3002
2609	4482
2609	4712
2610	2625
2611	2323
2611	2535
2611	2617
2611	2625
2611	3130
2611	4037
2611	4261
2612	737
2612	765
2612	1291
2612	1297
2612	1548
2612	2323
2612	2375
2612	2398
2612	2516
2612	2565
2612	2593
2612	2594
2612	2625
2612	2877
2612	2900
2612	2912
2612	2922
2612	3408
2612	3439
2612	3454
2612	3458
2612	3555
2612	3587
2612	3813
2612	3897
2612	3958
2612	4290
2612	5387
2612	8293
2613	737
2613	762
2613	1777
2613	2114
2613	2237
2613	2535
2613	2625
2613	2674
2613	2686
2613	2727
2613	2790
2613	2811
2613	2900
2613	3059
2613	3480
2613	3541
2613	3803
2613	3807
2613	3976
2613	4191
2613	4201
2613	4808
2613	4828
2613	5484
2613	6098
2614	2625
2614	3130
2614	3680
2614	3847
2614	3849
2615	2625
2615	3130
2616	2625
2617	15
2617	765
2617	1646
2617	1653
2617	1918
2617	2102
2617	2231
2617	2323
2617	2410
2617	2535
2617	2625
2617	2667
2617	2697
2617	2775
2617	2794
2617	2814
2617	3029
2617	3117
2617	3130
2617	3580
2617	4037
2617	4980
2618	762
2618	856
2618	974
2618	1166
2618	1267
2618	1549
2618	1734
2618	1814
2618	1847
2618	1992
2618	2066
2618	2120
2618	2174
2618	2209
2618	2231
2618	2240
2618	2252
2618	2256
2618	2375
2618	2410
2618	2510
2618	2585
2618	2594
2618	2625
2618	2646
2618	2651
2618	2653
2618	2657
2618	2660
2618	2665
2618	2669
2618	2713
2618	2746
2618	2747
2618	2751
2618	2790
2618	2958
2618	2973
2618	3030
2618	3130
2618	3148
2618	3164
2618	3260
2618	3307
2618	3473
2618	3562
2618	3755
2618	3974
2618	4014
2618	4191
2618	4796
2618	8293
2618	8294
2623	15
2623	204
2623	350
2623	403
2623	406
2623	737
2623	741
2623	1297
2623	1453
2623	1571
2623	1633
2623	1919
2623	2209
2623	2257
2623	2324
2623	2375
2623	2398
2623	2416
2623	2501
2623	2535
2623	2565
2623	2585
2623	2597
2623	2620
2623	2625
2623	2652
2623	2653
2623	2667
2623	2746
2623	2799
2623	2838
2623	2900
2623	2918
2623	2926
2623	2996
2623	3024
2623	3253
2623	3255
2623	3258
2623	3284
2623	3320
2623	3324
2623	3516
2623	3547
2623	3549
2623	3586
2623	3615
2623	3772
2623	3856
2623	3867
2623	3892
2623	3914
2623	3921
2623	3933
2623	4011
2623	4012
2623	4037
2623	4098
2623	4124
2623	4138
2623	4254
2623	4298
2623	4315
2623	4338
2623	4385
2623	4527
2623	4529
2623	4666
2623	4687
2623	4777
2623	4875
2623	5002
2623	5083
2623	5121
2623	5176
2623	5210
2623	5233
2623	5240
2623	5254
2623	5412
2623	5415
2623	5457
2623	5484
2623	5524
2623	5533
2623	5559
2623	5568
2623	5605
2623	5630
2623	5705
2623	5772
2623	5817
2623	5936
2623	5956
2623	5972
2623	6094
2623	6109
2623	6124
2623	6130
2623	6261
2623	6279
2623	6306
2623	6311
2623	6447
2623	6523
2623	6555
2623	6994
2623	8293
2619	15
2619	825
2619	1357
2619	1416
2619	1549
2619	1754
2619	1781
2619	1808
2619	1847
2619	1982
2619	2328
2619	2371
2619	2474
2619	2485
2619	2535
2619	2547
2619	2560
2619	2585
2619	2625
2619	2657
2619	2665
2619	2697
2619	2963
2619	2972
2619	3028
2619	3084
2619	3103
2619	3164
2619	3671
2619	3752
2619	3800
2619	3962
2619	4712
2619	5079
2619	5563
2619	6784
2619	6790
2619	6914
2619	6955
2619	6980
2619	7021
2619	7040
2619	7092
2619	7277
2619	7381
2619	7809
2620	1564
2620	2120
2620	2294
2620	2550
2620	2576
2620	2594
2620	2618
2620	2625
2620	2665
2620	3193
2620	3919
2620	5254
2620	5800
2620	5829
2620	5871
2620	6305
2620	6388
2620	6555
2620	6560
2620	6765
2620	6833
2620	6850
2620	6901
2620	7040
2627	1717
2626	1374
2626	1717
2626	2763
2630	2593
2630	2968
2631	2593
2632	2593
2633	2643
1863	2643
2634	2643
2635	2643
2636	2643
2637	2643
2639	2643
2640	2643
2638	2643
2641	2643
2642	2643
2645	3192
2645	3394
2645	3439
2645	4191
2645	4218
2645	4289
2645	4351
2644	2645
2628	1847
2646	425
2646	765
2646	1049
2646	1291
2646	1437
2646	1596
2646	1734
2646	1808
2646	1823
2646	1847
2646	2120
2646	2256
2646	2366
2646	2547
2646	2560
2646	2593
2646	2617
2646	2620
2646	2625
2646	2665
2646	2720
2646	2721
2646	2830
2646	2877
2646	2963
2646	2968
2646	2972
2646	2979
2646	2993
2646	3029
2646	3056
2646	3099
2646	3144
2646	3307
2646	3473
2646	3645
2646	4422
2646	6599
2646	8293
2647	56
2647	214
2647	1291
2647	1521
2647	1564
2647	1646
2647	1847
2647	1992
2647	2053
2647	2174
2647	2264
2647	2416
2647	2470
2647	2501
2647	2797
2647	2814
2647	2902
2647	3755
2648	2365
2649	2650
2651	15
2651	204
2651	285
2651	290
2651	403
2651	417
2651	465
2651	608
2651	737
2651	762
2651	825
2651	856
2651	974
2651	1140
2651	1166
2651	1185
2651	1297
2651	1305
2651	1360
2651	1385
2651	1416
2651	1437
2651	1453
2651	1549
2651	1571
2651	1688
2651	1706
2651	1729
2651	1744
2651	1754
2651	1769
2651	1777
2651	1918
2651	1935
2651	1990
2651	2001
2651	2016
2651	2066
2651	2144
2651	2145
2651	2174
2651	2209
2651	2225
2651	2231
2651	2240
2651	2252
2651	2256
2651	2257
2651	2289
2651	2290
2651	2322
2651	2324
2651	2328
2651	2338
2651	2375
2651	2384
2651	2398
2651	2411
2651	2416
2651	2499
2651	2506
2651	2510
2651	2517
2651	2535
2651	2542
2651	2544
2651	2565
2651	2576
2651	2585
2651	2594
2651	2597
2651	2612
2651	2619
2651	2623
2651	2625
2651	2652
2651	2653
2651	2657
2651	2660
2651	2662
2651	2665
2651	2667
2651	2686
2651	2693
2651	2707
2651	2713
2651	2727
2651	2746
2651	2747
2651	2760
2651	2811
2651	2814
2651	2819
2651	2838
2651	2871
2651	2900
2651	2918
2651	2958
2651	2973
2651	2981
2651	3005
2651	3007
2651	3009
2651	3010
2651	3020
2651	3021
2651	3024
2651	3026
2651	3028
2651	3029
2651	3030
2651	3059
2651	3084
2651	3114
2651	3117
2651	3125
2651	3130
2651	3140
2651	3144
2651	3148
2651	3180
2651	3200
2651	3235
2651	3251
2651	3253
2651	3258
2651	3260
2651	3276
2651	3284
2651	3301
2651	3309
2651	3321
2651	3334
2651	3346
2651	3351
2651	3352
2651	3394
2651	3404
2651	3408
2651	3409
2651	3410
2651	3433
2651	3435
2651	3439
2651	3446
2651	3453
2651	3454
2651	3473
2651	3483
2651	3486
2651	3489
2651	3506
2651	3516
2651	3541
2651	3547
2651	3548
2651	3562
2651	3567
2651	3576
2651	3580
2651	3607
2651	3609
2651	3615
2651	3629
2651	3631
2651	3635
2651	3645
2651	3650
2651	3661
2651	3680
2651	3681
2651	3691
2651	3769
2651	3772
2651	3785
2651	3787
2651	3800
2651	3803
2651	3807
2651	3809
2651	3811
2651	3822
2651	3825
2651	3847
2651	3849
2651	3854
2651	3856
2651	3867
2651	3871
2651	3887
2651	3898
2651	3903
2651	3910
2651	3911
2651	3914
2651	3926
2651	3933
2651	3956
2651	3958
2651	3967
2651	4013
2651	4030
2651	4037
2651	4043
2651	4047
2651	4051
2651	4055
2651	4072
2651	4103
2651	4110
2651	4111
2651	4162
2651	4179
2651	4181
2651	4191
2651	4201
2651	4211
2651	4231
2651	4247
2651	4254
2651	4256
2651	4261
2651	4263
2651	4266
2651	4269
2651	4290
2651	4299
2651	4365
2651	4400
2651	4422
2651	4424
2651	4448
2651	4453
2651	4463
2651	4485
2651	4530
2651	4536
2651	4547
2651	4551
2651	4578
2651	4620
2651	4646
2651	4648
2651	4662
2651	4735
2651	4778
2651	4780
2651	4792
2651	4797
2651	4827
2651	4899
2651	4938
2651	4962
2651	4993
2651	4999
2651	5079
2651	5092
2651	5100
2651	5130
2651	5412
2651	5445
2651	5775
2651	5780
2651	5819
2651	5844
2651	5848
2651	7632
2651	8293
2651	8294
2653	204
2653	417
2653	608
2653	737
2653	778
2653	825
2653	1166
2653	1267
2653	1297
2653	1307
2653	1453
2653	1549
2653	1688
2653	1734
2653	1915
2653	2016
2653	2066
2653	2144
2653	2206
2653	2209
2653	2237
2653	2252
2653	2257
2653	2328
2653	2354
2653	2371
2653	2398
2653	2411
2653	2485
2653	2535
2653	2544
2653	2565
2653	2576
2653	2585
2653	2594
2653	2619
2653	2625
2653	2652
2653	2654
2653	2657
2653	2660
2653	2674
2653	2686
2653	2693
2653	2696
2653	2727
2653	2747
2653	2871
2653	2909
2653	2918
2653	2958
2653	3005
2653	3007
2653	3009
2653	3024
2653	3026
2653	3028
2653	3059
2653	3084
2653	3114
2653	3117
2653	3125
2653	3173
2653	3192
2653	3260
2653	3276
2653	3301
2653	3404
2653	3435
2653	3439
2653	3443
2653	3454
2653	3456
2653	3461
2653	3480
2653	3483
2653	3516
2653	3529
2653	3537
2653	3548
2653	3568
2653	3580
2653	3587
2653	3609
2653	3615
2653	3634
2653	3645
2653	3650
2653	3680
2653	3748
2653	3772
2653	3800
2653	3807
2653	3813
2653	3854
2653	3875
2653	3903
2653	3939
2653	3970
2653	4043
2653	4124
2653	4162
2653	4179
2653	4183
2653	4191
2653	4256
2653	4299
2653	4510
2653	4578
2653	4827
2653	5026
2653	5817
2653	8294
2655	15
2655	72
2655	762
2655	896
2655	1159
2655	1211
2655	1307
2655	1315
2655	1792
2655	2210
2655	2326
2655	2371
2655	2560
2655	2652
2655	2660
2655	2775
2655	2981
2655	3023
2655	3089
2655	3321
2655	3334
2655	3352
2655	3443
2655	3452
2655	3835
2655	4037
2655	4040
2655	4201
2655	4687
2655	4712
2655	4735
2655	4795
2655	4827
2655	5079
2655	5233
2655	5412
2655	5423
2655	5449
2655	5624
2655	5684
2655	6006
2655	6337
2655	6422
2655	6441
2655	6498
2655	6543
2655	6715
2655	7063
2655	8293
2656	2652
2657	15
2657	204
2657	974
2657	1297
2657	1352
2657	1935
2657	2252
2657	2257
2657	2297
2657	2324
2657	2411
2657	2485
2657	2576
2657	2625
2657	2652
2657	2654
2657	2693
2657	2727
2657	2747
2657	2790
2657	3005
2657	3018
2657	3084
2657	3130
2657	3173
2657	3180
2657	3260
2657	3276
2657	3404
2657	3516
2657	3562
2657	3567
2657	3568
2657	3580
2657	3645
2657	3811
2657	3914
2657	4298
2657	4299
2657	4500
2657	4717
2657	4953
2657	5254
2657	5273
2658	72
2658	155
2658	204
2658	346
2658	417
2658	762
2658	967
2658	1024
2658	1100
2658	1157
2658	1166
2658	1185
2658	1305
2658	1385
2658	1498
2658	1680
2658	1688
2658	1729
2658	1744
2658	1769
2658	1777
2658	1915
2658	1982
2658	1990
2658	2014
2658	2114
2658	2129
2658	2144
2658	2209
2658	2240
2658	2252
2658	2257
2658	2290
2658	2297
2658	2324
2658	2326
2658	2364
2658	2411
2658	2433
2658	2485
2658	2516
2658	2517
2658	2565
2658	2592
2658	2652
2658	2653
2658	2654
2658	2657
2658	2674
2658	2686
2658	2687
2658	2689
2658	2693
2658	2696
2658	2727
2658	2747
2658	2760
2658	2799
2658	2900
2658	2923
2658	2940
2658	2973
2658	3000
2658	3002
2658	3005
2658	3010
2658	3014
2658	3092
2658	3106
2658	3114
2658	3173
2658	3200
2658	3276
2658	3297
2658	3309
2658	3334
2658	3346
2658	3352
2658	3394
2658	3443
2658	3452
2658	3453
2658	3454
2658	3459
2658	3464
2658	3537
2658	3541
2658	3557
2658	3580
2658	3587
2658	3609
2658	3643
2658	3646
2658	3660
2658	3661
2658	3664
2658	3681
2658	3691
2658	3713
2658	3724
2658	3745
2658	3752
2658	3769
2658	3772
2658	3806
2658	3807
2658	3812
2658	3847
2658	3849
2658	3885
2658	3956
2658	3958
2658	3962
2658	3969
2658	3976
2658	4011
2658	4021
2658	4037
2658	4044
2658	4047
2658	4071
2658	4072
2658	4124
2658	4127
2658	4138
2658	4191
2658	4289
2658	4297
2658	4311
2658	4315
2658	4331
2658	4335
2658	4373
2658	4386
2658	4401
2658	4402
2658	4417
2658	4424
2658	4435
2658	4453
2658	4463
2658	4471
2658	4480
2658	4482
2658	4510
2658	4529
2658	4531
2658	4588
2658	4620
2658	4632
2658	4645
2658	4650
2658	4654
2658	4713
2658	4717
2658	4735
2658	4811
2658	4820
2658	4824
2658	4828
2658	4875
2658	4879
2658	4942
2658	4962
2658	4964
2658	4981
2658	4983
2658	5020
2658	5022
2658	5026
2658	5028
2658	5044
2658	5045
2658	5058
2658	5083
2658	5092
2658	5096
2658	5106
2658	5130
2658	5132
2658	5144
2658	5162
2658	5179
2658	5204
2658	5208
2658	5210
2658	5215
2658	5222
2658	5233
2658	5239
2658	5245
2658	5246
2658	5260
2658	5288
2658	5289
2658	5378
2658	5406
2658	5466
2658	5500
2658	5529
2658	5800
2658	5806
2658	5811
2658	5812
2658	5817
2658	5835
2658	5872
2658	5887
2658	5897
2658	5933
2658	6000
2658	6032
2658	6043
2658	6044
2658	6151
2658	6174
2658	6243
2658	6414
2658	6417
2658	6422
2658	6442
2658	6523
2658	6555
2658	6596
2658	6634
2658	6665
2658	6737
2658	6907
2658	6946
2658	6976
2658	6979
2658	7005
2658	7012
2658	7021
2658	7054
2658	7063
2658	7088
2658	7092
2658	7116
2658	7131
2658	7233
2658	7237
2658	7279
2658	7341
2658	7351
2658	7373
2658	7378
2658	7381
2658	7391
2658	7400
2658	7414
2658	7422
2658	7436
2658	7442
2658	7450
2658	7478
2658	7497
2658	7510
2658	7512
2658	7529
2658	7553
2658	7561
2658	7587
2658	7620
2658	7624
2658	7647
2658	7648
2658	7651
2658	7652
2658	7683
2658	7694
2658	7695
2658	7699
2658	7707
2658	7726
2658	7778
2658	7810
2658	7813
2658	7835
2658	7855
2658	7860
2658	7862
2658	7871
2658	7879
2658	7882
2658	7890
2658	7899
2658	7910
2658	7912
2658	7927
2658	7946
2658	7961
2658	7965
2658	7979
2658	8024
2658	8037
2658	8042
2658	8044
2658	8134
2658	8163
2658	8168
2658	8169
2658	8178
2658	8209
2658	8212
2658	8219
2658	8237
2659	417
2659	1744
2659	1990
2659	2066
2659	2652
2659	2655
2659	2674
2659	2687
2659	2859
2659	3005
2659	3670
2659	4024
2665	2251
2665	2256
2665	2322
2665	2410
2665	2973
2665	3351
2661	2665
2662	2256
2662	2665
2663	2076
2663	2665
2664	2665
2668	2669
2671	2294
2672	350
2672	1049
2672	1374
2672	1384
2672	1419
2672	1521
2672	1564
2672	1992
2672	2076
2672	2294
2672	2366
2672	2685
2672	2720
2673	2294
2674	633
2674	825
2674	856
2674	1166
2674	1267
2674	1291
2674	1297
2674	1305
2674	1357
2674	1393
2674	1416
2674	1549
2674	1571
2674	1734
2674	1754
2674	1814
2674	1992
2674	2016
2674	2114
2674	2116
2674	2209
2674	2225
2674	2231
2674	2251
2674	2252
2674	2290
2674	2297
2674	2324
2674	2356
2674	2371
2674	2474
2674	2485
2674	2535
2674	2542
2674	2550
2674	2560
2674	2565
2674	2576
2674	2597
2674	2619
2674	2623
2674	2625
2674	2651
2674	2654
2674	2660
2674	2686
2674	2693
2674	2697
2674	2700
2674	2708
2674	2713
2674	2775
2674	2785
2674	2819
2674	2830
2674	2851
2674	2912
2674	2918
2674	2973
2674	3007
2674	3024
2674	3026
2674	3029
2674	3034
2674	3056
2674	3068
2674	3099
2674	3114
2674	3148
2674	3164
2674	3251
2674	3253
2674	3265
2674	3320
2674	3371
2674	3404
2674	3456
2674	3480
2674	3562
2674	3650
2674	3717
2674	3812
2674	3903
2674	3946
2674	3970
2674	4014
2674	4021
2674	4335
2674	5002
2674	5176
2674	5288
2674	5312
2674	5430
2674	5743
2674	5804
2674	5828
2674	5936
2674	6501
2674	6599
2674	7073
2674	7381
2674	8293
2674	8295
2675	1992
2676	214
2676	350
2676	1154
2676	1374
2676	1992
2676	2366
2676	2618
2677	840
2677	1549
2677	1982
2677	1992
2677	2565
2677	3809
2677	4536
2677	4666
2677	4944
2677	5563
2677	5697
2677	5739
2677	5773
2677	5800
2677	5807
2677	5822
2677	5922
2677	5932
2677	5998
2677	6097
2677	6123
2677	6272
2677	6327
2677	6330
2677	6555
2677	6624
2677	6736
2677	6790
2677	6832
2677	6913
2677	6930
2677	6946
2677	6953
2677	6979
2677	7040
2677	7052
2677	7060
2677	7073
2677	7074
2677	7301
2680	896
2680	2076
2680	4530
2680	5103
2680	5254
2680	5454
2682	2685
2683	1357
2683	2322
2683	2323
2683	2651
2683	2685
2683	2700
2683	2828
2683	3126
2683	3235
2683	3243
2683	3285
2683	4587
2683	5305
2684	2685
2708	346
2708	2651
2708	3002
2708	3030
2708	4037
2708	4719
2708	4735
2708	4820
2708	5083
2699	608
2699	633
2699	1416
2699	1706
2699	1744
2699	1935
2699	2116
2699	2210
2699	2252
2699	2325
2699	2326
2699	2565
2699	2653
2699	2655
2699	2657
2699	2660
2699	2662
2699	2667
2699	2708
2699	2713
2699	2727
2699	2871
2699	2900
2699	2973
2699	3009
2699	3018
2699	3024
2699	3026
2699	3059
2699	3084
2699	3106
2699	3117
2699	3148
2699	3251
2699	3253
2699	3260
2699	3265
2699	3284
2699	3320
2699	3348
2699	3352
2699	3404
2699	3417
2699	3460
2699	3473
2699	3480
2699	3483
2699	3489
2699	3580
2699	3587
2699	3650
2699	3681
2699	3804
2699	3812
2699	3871
2699	3887
2699	3910
2699	3946
2699	4040
2699	4043
2699	4212
2699	4219
2699	4266
2699	4365
2699	4466
2699	4709
2699	4735
2699	4796
2699	4797
2699	5092
2699	5100
2699	5123
2699	5335
2699	6458
2700	204
2700	285
2700	465
2700	608
2700	778
2700	825
2700	974
2700	1100
2700	1157
2700	1166
2700	1239
2700	1297
2700	1453
2700	1571
2700	1633
2700	1679
2700	1706
2700	1744
2700	1777
2700	1935
2700	1990
2700	2016
2700	2114
2700	2134
2700	2209
2700	2210
2700	2252
2700	2257
2700	2290
2700	2297
2700	2324
2700	2325
2700	2328
2700	2338
2700	2384
2700	2411
2700	2416
2700	2485
2700	2506
2700	2510
2700	2535
2700	2542
2700	2544
2700	2585
2700	2594
2700	2595
2700	2597
2700	2612
2700	2619
2700	2623
2700	2625
2700	2653
2700	2654
2700	2655
2700	2657
2700	2660
2700	2667
2700	2674
2700	2686
2700	2693
2700	2708
2700	2713
2700	2727
2700	2746
2700	2747
2700	2799
2700	2819
2700	2859
2700	2912
2700	2923
2700	2932
2700	2958
2700	2973
2700	2974
2700	2981
2700	3005
2700	3007
2700	3009
2700	3010
2700	3018
2700	3020
2700	3021
2700	3024
2700	3026
2700	3028
2700	3030
2700	3059
2700	3084
2700	3114
2700	3117
2700	3148
2700	3173
2700	3180
2700	3251
2700	3258
2700	3260
2700	3276
2700	3291
2700	3307
2700	3313
2700	3319
2700	3320
2700	3324
2700	3338
2700	3352
2700	3394
2700	3404
2700	3408
2700	3410
2700	3473
2700	3480
2700	3483
2700	3489
2700	3506
2700	3516
2700	3520
2700	3529
2700	3538
2700	3548
2700	3556
2700	3557
2700	3580
2700	3587
2700	3609
2700	3615
2700	3631
2700	3646
2700	3661
2700	3680
2700	3681
2700	3717
2700	3787
2700	3800
2700	3804
2700	3807
2700	3812
2700	3816
2700	3843
2700	3887
2700	3892
2700	3898
2700	3903
2700	3926
2700	3970
2700	3971
2700	4011
2700	4024
2700	4031
2700	4043
2700	4055
2700	4088
2700	4103
2700	4110
2700	4111
2700	4138
2700	4162
2700	4173
2700	4179
2700	4191
2700	4201
2700	4233
2700	4256
2700	4263
2700	4269
2700	4290
2700	4323
2700	4331
2700	8294
2701	204
2701	1633
2701	2174
2701	2225
2701	2264
2701	2325
2701	2356
2701	2371
2701	2398
2701	2416
2701	2542
2701	2576
2701	2594
2701	2651
2701	2654
2701	2708
2701	3030
2701	3265
2701	3338
2686	204
2686	417
2686	465
2686	633
2686	762
2686	825
2686	856
2686	896
2686	1159
2686	1166
2686	1267
2686	1297
2686	1357
2686	1393
2686	1416
2686	1437
2686	1571
2686	1679
2686	1688
2686	1777
2686	1792
2686	1814
2686	2016
2686	2116
2686	2135
2686	2225
2686	2231
2686	2237
2686	2285
2686	2290
2686	2297
2686	2325
2686	2328
2686	2338
2686	2356
2686	2416
2686	2426
2686	2485
2686	2510
2686	2542
2686	2550
2686	2565
2686	2576
2686	2585
2686	2594
2686	2619
2686	2620
2686	2623
2686	2625
2686	2651
2686	2653
2686	2654
2686	2657
2686	2660
2686	2662
2686	2667
2686	2697
2686	2700
2686	2708
2686	2713
2686	2724
2686	2754
2686	2790
2686	2799
2686	2819
2686	2851
2686	2856
2686	2900
2686	2912
2686	2918
2686	2951
2686	3007
2686	3009
2686	3018
2686	3020
2686	3021
2686	3028
2686	3030
2686	3089
2686	3117
2686	3126
2686	3140
2686	3145
2686	3150
2686	3164
2686	3191
2686	3193
2686	3235
2686	3243
2686	3251
2686	3265
2686	3285
2686	3307
2686	3319
2686	3334
2686	3338
2686	3348
2686	3351
2686	3371
2686	3376
2686	3408
2686	3435
2686	3439
2686	3459
2686	3465
2686	3473
2686	3489
2686	3506
2686	3516
2686	3520
2686	3538
2686	3547
2686	3614
2686	3643
2686	3646
2686	3670
2686	3671
2686	3681
2686	3769
2686	3785
2686	3804
2686	3843
2686	3903
2686	3922
2686	3926
2686	4041
2686	4175
2686	4276
2686	4310
2686	4335
2686	4483
2686	4621
2686	4715
2686	4717
2686	4735
2686	4828
2686	4999
2686	5123
2686	5176
2686	5479
2686	5524
2686	5543
2686	5925
2686	5936
2686	5977
2686	5980
2686	5994
2686	6105
2686	6111
2686	6337
2686	6360
2686	6414
2686	6417
2686	6422
2686	8293
2686	8295
2687	1633
2687	2338
2687	2651
2687	2657
2687	2662
2687	2708
2687	2754
2687	3307
2687	3319
2687	3324
2687	3348
2687	3371
2687	3548
2702	72
2702	204
2702	290
2702	425
2702	1385
2702	1437
2702	1633
2702	1680
2702	1734
2702	2135
2702	2225
2702	2251
2702	2323
2702	2338
2702	2381
2702	2398
2702	2516
2702	2565
2702	2576
2702	2592
2702	2651
2702	2708
2702	2775
2702	2830
2702	2856
2702	2880
2702	2900
2702	2928
2702	2977
2702	2979
2702	2991
2702	3018
2702	3089
2702	3099
2702	3117
2702	3140
2702	3150
2702	3164
2702	3265
2702	3276
2702	3307
2702	3319
2702	3338
2702	3351
2702	3371
2702	3408
2702	3456
2702	3459
2702	3516
2702	3537
2702	3538
2702	3755
2702	3796
2702	3813
2702	3843
2702	3976
2702	4099
2702	4127
2702	4247
2702	4276
2702	4310
2702	4547
2702	4574
2702	4953
2702	4983
2702	5044
2702	5055
2702	5092
2702	5103
2702	5204
2702	5222
2702	5285
2702	5457
2702	5484
2702	5683
2702	5705
2702	5828
2702	5863
2702	5936
2702	6124
2703	204
2703	285
2703	633
2703	856
2703	1393
2703	1571
2703	1633
2703	1679
2703	1814
2703	2016
2703	2116
2703	2135
2703	2225
2703	2231
2703	2290
2703	2297
2703	2325
2703	2338
2703	2356
2703	2398
2703	2411
2703	2416
2703	2474
2703	2542
2703	2565
2703	2576
2703	2594
2703	2623
2703	2625
2703	2651
2703	2660
2703	2700
2703	2708
2703	2713
2703	2754
2703	2819
2703	2912
2703	2951
2703	3020
2703	3021
2703	3030
2703	3251
2703	3253
2703	3265
2703	3307
2703	3319
2703	3320
2703	3324
2703	3338
2703	3351
2703	3371
2703	3376
2703	3408
2703	3409
2703	3410
2703	3429
2703	3473
2703	3489
2703	3516
2703	3538
2703	8293
2688	72
2688	204
2688	285
2688	290
2688	346
2688	417
2688	465
2688	608
2688	633
2688	737
2688	762
2688	825
2688	856
2688	896
2688	974
2688	978
2688	1024
2688	1026
2688	1100
2688	1159
2688	1166
2688	1185
2688	1239
2688	1247
2688	1267
2688	1297
2688	1305
2688	1310
2688	1352
2688	1357
2688	1360
2688	1385
2688	1393
2688	1416
2688	1437
2688	1453
2688	1473
2688	1549
2688	1571
2688	1633
2688	1648
2688	1679
2688	1680
2688	1688
2688	1706
2688	1733
2688	1734
2688	1744
2688	1754
2688	1769
2688	1777
2688	1781
2688	1792
2688	1799
2688	1814
2688	1823
2688	1919
2688	1935
2688	1961
2688	1982
2688	1984
2688	2001
2688	2014
2688	2016
2688	2066
2688	2114
2688	2116
2688	2134
2688	2135
2688	2144
2688	2145
2688	2209
2688	2210
2688	2225
2688	2231
2688	2237
2688	2240
2688	2251
2688	2252
2688	2256
2688	2257
2688	2258
2688	2276
2688	2289
2688	2290
2688	2297
2688	2307
2688	2324
2688	2325
2688	2326
2688	2328
2688	2338
2688	2354
2688	2356
2688	2364
2688	2369
2688	2371
2688	2381
2688	2384
2688	2386
2688	2398
2688	2411
2688	2433
2688	2440
2688	2456
2688	2474
2688	2485
2688	2490
2688	2507
2688	2508
2688	2510
2688	2516
2688	2535
2688	2542
2688	2544
2688	2550
2688	2565
2688	2576
2688	2585
2688	2592
2688	2593
2688	2594
2688	2595
2688	2597
2688	2605
2688	2612
2688	2617
2688	2619
2688	2620
2688	2623
2688	2625
2688	2646
2688	2651
2688	2653
2688	2654
2688	2655
2688	2657
2688	2660
2688	2662
2688	2667
2688	2674
2688	2686
2688	2687
2688	2693
2688	2696
2688	2697
2688	2700
2688	2708
2688	2713
2688	2724
2688	2727
2688	2746
2688	2747
2688	2754
2688	2760
2688	2764
2688	2765
2688	2774
2688	2775
2688	2785
2688	2787
2688	2790
2688	2799
2688	2819
2688	2822
2688	2830
2688	2831
2688	2856
2688	2859
2688	2871
2688	2900
2688	2909
2688	2912
2688	2918
2688	2923
2688	2925
2688	2932
2688	2951
2688	2958
2688	2973
2688	2974
2688	2981
2688	3002
2688	3005
2688	3007
2688	3009
2688	3010
2688	3014
2688	3015
2688	3020
2688	3021
2688	3024
2688	3026
2688	3027
2688	3028
2688	3030
2688	3033
2688	3034
2688	3050
2688	3059
2688	3080
2688	3084
2688	3089
2688	3092
2688	3099
2688	3103
2688	3104
2688	3114
2688	3125
2688	3130
2688	3140
2688	3144
2688	3145
2688	3148
2688	3150
2688	3155
2688	3164
2688	3173
2688	3191
2688	3192
2688	3200
2688	3243
2688	3251
2688	3253
2688	3258
2688	3260
2688	3265
2688	3271
2688	3276
2688	3284
2688	3285
2688	3291
2688	3307
2688	3309
2688	3319
2688	3320
2688	3321
2688	3324
2688	3334
2688	3338
2688	3351
2688	3352
2688	3376
2688	3393
2688	3394
2688	3404
2688	3408
2688	3417
2688	3439
2688	3443
2688	3447
2688	3452
2688	3453
2688	3454
2688	3456
2688	3458
2688	3459
2688	3460
2688	3463
2688	3473
2688	3479
2688	3480
2688	3483
2688	3489
2688	3498
2688	3506
2688	3516
2688	3520
2688	3529
2688	3537
2688	3538
2688	3541
2688	3547
2688	3548
2688	3549
2688	3554
2688	3555
2688	3557
2688	3562
2688	3568
2688	3576
2688	3580
2688	3586
2688	3587
2688	3607
2688	3609
2688	3614
2688	3615
2688	3616
2688	3631
2688	3634
2688	3635
2688	3643
2688	3645
2688	3646
2688	3661
2688	3664
2688	3670
2688	3680
2688	3681
2688	3691
2688	3720
2688	3724
2688	3748
2688	3769
2688	3772
2688	3792
2688	3796
2688	3800
2688	3803
2688	3804
2688	3806
2688	3807
2688	3812
2688	3813
2688	3835
2688	3843
2688	3847
2688	3849
2688	3854
2688	3873
2688	3888
2688	3892
2688	3897
2688	3898
2688	3903
2688	3910
2688	3919
2688	3922
2688	3926
2688	3933
2688	3937
2688	3956
2688	3958
2688	3970
2688	3973
2688	3976
2688	4011
2688	4012
2688	4013
2688	4021
2688	4037
2688	4041
2688	4044
2688	4055
2688	4098
2688	4099
2688	4103
2688	4110
2688	4124
2688	4162
2688	4173
2688	4175
2688	4179
2688	4191
2688	4212
2688	4219
2688	4233
2688	4247
2688	4256
2688	4261
2688	4263
2688	4266
2688	4269
2688	4276
2688	4297
2688	4298
2688	4299
2688	4310
2688	4315
2688	4335
2688	4338
2688	4355
2688	4373
2688	4384
2688	4400
2688	4417
2688	4424
2688	4448
2688	4453
2688	4463
2688	4468
2688	4480
2688	4482
2688	4485
2688	4488
2688	4500
2688	4510
2688	4527
2688	4528
2688	4529
2688	4530
2688	4531
2688	4534
2688	4536
2688	4547
2688	4551
2688	4552
2688	4557
2688	4558
2688	4574
2688	4578
2688	4583
2688	4587
2688	4588
2688	4600
2688	4604
2688	4620
2688	4645
2688	4646
2688	4650
2688	4653
2688	4661
2688	4662
2688	4677
2688	4687
2688	4689
2688	4706
2688	4709
2688	4712
2688	4713
2688	4715
2688	4717
2688	4719
2688	4764
2688	4781
2688	4792
2688	4795
2688	4796
2688	4798
2688	4808
2688	4811
2688	4814
2688	4815
2688	4820
2688	4822
2688	4824
2688	4827
2688	4828
2688	4846
2688	4875
2688	4899
2688	4929
2688	4953
2688	4954
2688	4962
2688	4964
2688	4977
2688	4983
2688	4986
2688	4993
2688	4999
2688	5026
2688	5055
2688	5061
2688	5072
2688	5073
2688	5092
2688	5100
2688	5103
2688	5106
2688	5115
2688	5123
2688	5130
2688	5132
2688	5141
2688	5144
2688	5155
2688	5162
2688	5176
2688	5178
2688	5179
2688	5182
2688	5188
2688	5189
2688	5200
2688	5204
2688	5215
2688	5222
2688	5226
2688	5231
2688	5239
2688	5254
2688	5262
2688	5263
2688	5273
2688	5285
2688	5288
2688	5295
2688	5305
2688	5308
2688	5321
2688	5323
2688	5327
2688	5335
2688	5341
2688	5368
2688	5392
2688	5404
2688	5412
2688	5423
2688	5426
2688	5430
2688	5437
2688	5445
2688	5449
2688	5452
2688	5454
2688	5457
2688	5459
2688	5470
2688	5484
2688	5506
2688	5509
2688	5513
2688	5514
2688	5524
2688	5527
2688	5539
2688	5543
2688	5545
2688	5559
2688	5563
2688	5596
2688	5620
2688	5624
2688	5626
2688	5630
2688	5637
2688	5638
2688	5639
2688	5640
2688	5651
2688	5683
2688	5693
2688	5697
2688	5732
2688	5737
2688	5739
2688	5743
2688	5753
2688	5756
2688	5775
2688	5780
2688	5784
2688	5790
2688	5800
2688	5814
2688	5817
2688	5824
2688	5827
2688	5828
2688	5829
2688	5837
2688	5844
2688	5848
2688	5860
2688	5863
2688	5871
2688	5872
2688	5886
2688	5891
2688	5925
2688	5928
2688	5950
2688	5994
2688	6023
2688	6029
2688	6047
2688	6094
2688	6124
2688	6156
2688	6161
2688	6166
2688	6221
2688	6226
2688	6227
2688	6229
2688	6246
2688	6251
2688	6262
2688	6272
2688	6296
2688	6302
2688	6306
2688	6334
2688	6337
2688	6407
2688	6417
2688	6458
2688	6501
2688	6505
2688	6529
2688	6560
2688	6576
2688	6589
2688	6595
2688	6599
2688	6600
2688	6624
2688	6632
2688	6665
2688	6700
2688	6739
2688	6777
2688	6783
2688	6803
2688	6809
2688	6833
2688	6850
2688	6855
2688	6869
2688	6873
2688	6897
2688	6901
2688	8293
2688	8294
2688	8295
2704	290
2704	633
2704	856
2704	1157
2704	1267
2704	1393
2704	1437
2704	1723
2704	1754
2704	1814
2704	1837
2704	1919
2704	2135
2704	2225
2704	2231
2704	2237
2704	2251
2704	2256
2704	2324
2704	2325
2704	2356
2704	2371
2704	2375
2704	2411
2704	2416
2704	2516
2704	2550
2704	2576
2704	2585
2704	2625
2704	2654
2704	2662
2704	2693
2704	2697
2704	2708
2704	2724
2704	2838
2704	2856
2704	2900
2704	2918
2704	2926
2704	2951
2704	2991
2704	2993
2704	3033
2704	3034
2704	3056
2704	3099
2704	3104
2704	3117
2704	3126
2704	3140
2704	3145
2704	3150
2704	3155
2704	3164
2704	3235
2704	3243
2704	3251
2704	3265
2704	3307
2704	3320
2704	3324
2704	3348
2704	3538
2704	3650
2704	4263
2704	4574
2704	4648
2704	5072
2704	5445
2704	5482
2704	5693
2704	5850
2704	6229
2660	72
2660	204
2660	285
2660	417
2660	633
2660	737
2660	762
2660	825
2660	856
2660	1140
2660	1157
2660	1166
2660	1267
2660	1360
2660	1393
2660	1633
2660	1734
2660	1744
2660	1754
2660	1781
2660	1814
2660	1990
2660	2066
2660	2114
2660	2116
2660	2135
2660	2144
2660	2145
2660	2210
2660	2231
2660	2252
2660	2323
2660	2324
2660	2325
2660	2328
2660	2356
2660	2381
2660	2398
2660	2411
2660	2474
2660	2485
2660	2506
2660	2510
2660	2516
2660	2542
2660	2550
2660	2576
2660	2592
2660	2593
2660	2594
2660	2597
2660	2605
2660	2625
2660	2651
2660	2653
2660	2654
2660	2657
2660	2686
2660	2693
2660	2697
2660	2708
2660	2713
2660	2747
2660	2754
2660	2787
2660	2819
2660	2830
2660	2831
2660	2856
2660	2871
2660	2900
2660	2912
2660	2918
2660	2951
2660	3005
2660	3010
2660	3014
2660	3018
2660	3020
2660	3027
2660	3030
2660	3089
2660	3114
2660	3125
2660	3150
2660	3192
2660	3235
2660	3251
2660	3265
2660	3285
2660	3291
2660	3320
2660	3324
2660	3352
2660	3394
2660	3408
2660	3410
2660	3435
2660	3439
2660	3443
2660	3459
2660	3464
2660	3473
2660	3480
2660	3506
2660	3516
2660	3529
2660	3537
2660	3541
2660	3580
2660	3587
2660	3607
2660	3670
2660	3752
2660	3807
2660	3843
2660	3871
2660	3873
2660	3887
2660	4044
2660	4110
2660	4261
2660	4365
2660	4373
2660	4424
2660	4463
2660	4485
2660	4510
2660	4528
2660	4574
2660	4613
2660	4712
2660	4717
2660	4792
2660	4797
2660	4980
2660	5020
2660	5123
2660	5182
2660	5210
2660	5254
2660	5423
2660	5459
2660	5482
2660	5683
2660	5732
2660	5773
2660	5790
2660	5828
2660	5837
2660	5863
2660	6262
2660	6417
2660	6553
2660	6594
2660	6833
2660	6840
2660	6869
2660	6873
2660	7063
2660	7115
2660	7809
2660	7855
2660	8141
2689	737
2689	1297
2689	1799
2689	2257
2689	2325
2689	2398
2689	2485
2689	2657
2689	2700
2689	2708
2689	2958
2689	3010
2689	3024
2689	3089
2689	3265
2689	3284
2689	3456
2689	3529
2689	3812
2689	3946
2689	4138
2689	4247
2689	4435
2689	5055
2689	5092
2689	5100
2689	5155
2689	5253
2689	5412
2689	5452
2689	5454
2689	5650
2689	5886
2689	5891
2689	6833
2689	7874
2689	7910
2689	7961
2667	15
2667	633
2667	737
2667	1159
2667	1548
2667	1799
2667	2276
2667	2325
2667	2398
2667	2474
2667	2507
2667	2651
2667	2708
2667	2764
2667	2765
2667	2774
2667	2831
2667	2914
2667	2925
2667	3015
2667	3089
2667	3092
2667	3106
2667	3191
2667	3265
2667	3393
2667	3456
2667	3479
2667	3554
2667	3586
2667	3614
2667	3643
2667	3691
2667	3897
2667	4041
2667	4175
2667	4191
2667	4247
2667	4276
2667	4310
2667	4483
2667	4600
2667	4666
2667	4687
2667	4712
2667	4715
2667	4781
2667	4786
2667	4795
2667	4798
2667	4828
2667	4846
2667	4929
2667	4964
2667	4980
2667	5103
2667	5121
2667	5123
2667	5176
2667	5179
2667	5189
2667	5200
2667	5233
2667	5239
2667	5245
2667	5301
2667	5437
2667	5439
2667	5449
2667	5452
2667	5463
2667	5482
2667	5484
2667	5506
2667	5509
2667	5511
2667	5524
2667	5527
2667	5543
2667	5545
2667	5563
2667	5564
2667	5568
2667	5620
2667	5624
2667	5630
2667	5635
2667	5638
2667	5684
2667	5738
2667	5753
2667	5798
2667	5804
2667	5886
2667	5891
2667	5936
2667	5963
2667	5994
2667	6006
2667	6029
2667	6078
2667	6094
2667	6096
2667	6098
2667	6105
2667	6111
2667	6124
2667	6148
2667	6151
2667	6166
2667	6218
2667	6229
2667	6327
2667	6328
2667	6334
2667	6337
2667	6360
2667	6388
2667	6400
2667	6407
2667	6409
2667	6414
2667	6422
2667	6432
2667	6437
2667	6441
2690	633
2690	856
2690	1267
2690	1357
2690	1679
2690	1754
2690	1814
2690	2116
2690	2225
2690	2231
2690	2325
2690	2356
2690	2550
2690	2593
2690	2625
2690	2651
2690	2654
2690	2662
2690	2708
2690	2713
2690	3117
2690	3164
2690	3253
2690	3255
2690	3258
2690	3435
2691	1297
2691	1357
2691	1799
2691	1961
2691	2134
2691	2324
2691	2328
2691	2398
2691	2485
2691	2508
2691	2535
2691	2565
2691	2576
2691	2625
2691	2658
2691	2660
2691	2700
2691	2708
2691	2727
2691	2859
2691	2871
2691	2912
2691	2958
2691	3014
2691	3092
2691	3103
2691	3106
2691	3117
2691	3125
2691	3130
2691	3291
2691	3352
2691	3568
2691	3892
2691	3976
2691	4098
2691	4510
2691	4527
2691	5404
2691	5459
2691	5757
2691	5817
2691	5828
2691	8293
2692	1393
2692	1633
2692	2135
2692	2325
2692	2338
2692	2576
2692	2625
2692	2651
2692	2700
2692	2708
2692	2713
2692	2951
2692	3030
2692	3265
2692	3307
2692	3324
2692	3338
2692	3408
2692	8293
2693	15
2693	204
2693	285
2693	417
2693	737
2693	856
2693	896
2693	1024
2693	1026
2693	1166
2693	1239
2693	1310
2693	1416
2693	1549
2693	1571
2693	1633
2693	1744
2693	1792
2693	1990
2693	2066
2693	2134
2693	2209
2693	2252
2693	2289
2693	2290
2693	2297
2693	2324
2693	2328
2693	2354
2693	2371
2693	2381
2693	2411
2693	2416
2693	2426
2693	2433
2693	2485
2693	2510
2693	2516
2693	2542
2693	2550
2693	2576
2693	2585
2693	2594
2693	2597
2693	2625
2693	2651
2693	2653
2693	2654
2693	2657
2693	2667
2693	2708
2693	2747
2693	2774
2693	2787
2693	2819
2693	2822
2693	2831
2693	2932
2693	2958
2693	2973
2693	3002
2693	3005
2693	3007
2693	3009
2693	3010
2693	3014
2693	3018
2693	3021
2693	3030
2693	3092
2693	3106
2693	3114
2693	3117
2693	3148
2693	3351
2693	3352
2693	3371
2693	3408
2693	3435
2693	3439
2693	3443
2693	3447
2693	3456
2693	3459
2693	3473
2693	3516
2693	3529
2693	3537
2693	3549
2693	3562
2693	3568
2693	3580
2693	3587
2693	3607
2693	3615
2693	3643
2693	3660
2693	3664
2693	3792
2693	3813
2693	3843
2693	3910
2693	4037
2693	4134
2693	4179
2693	4191
2693	4201
2693	4247
2693	4263
2693	4276
2693	4290
2693	4448
2693	4547
2693	4687
2693	4709
2693	4735
2693	4811
2693	4953
2693	4980
2693	5026
2693	5130
2693	5144
2693	5200
2693	5204
2693	5254
2693	5375
2693	5449
2693	5543
2693	5714
2693	5739
2693	5780
2693	5804
2693	5818
2693	5891
2693	5936
2693	6004
2693	6330
2693	6347
2693	6496
2693	6566
2693	6595
2693	6613
2693	6790
2693	6855
2693	6869
2693	6901
2693	6955
2693	8293
2693	8295
2705	2708
2706	856
2706	1814
2706	2325
2706	2565
2706	2597
2706	2700
2706	2708
2706	2973
2706	3007
2706	3243
2706	3307
2706	3324
2706	3352
2706	3408
2706	3489
2706	3537
2706	3587
2706	8293
2694	417
2694	2398
2694	2474
2694	2592
2694	2651
2694	2708
2694	2790
2694	3334
2694	3456
2694	4191
2694	4735
2694	5295
2694	5335
2694	5412
2694	5605
2694	7618
2694	7620
2694	7862
2695	2325
2695	2651
2695	2653
2695	2667
2695	2708
2695	3720
2695	8294
2696	633
2696	737
2696	762
2696	856
2696	1185
2696	1267
2696	1393
2696	1688
2696	1799
2696	2135
2696	2144
2696	2225
2696	2237
2696	2325
2696	2328
2696	2354
2696	2356
2696	2485
2696	2576
2696	2625
2696	2651
2696	2653
2696	2708
2696	2713
2696	2790
2696	2909
2696	2912
2696	3020
2696	3021
2696	3026
2696	3059
2696	3125
2696	3144
2696	3173
2696	3192
2696	3251
2696	3274
2696	3320
2696	3324
2696	3338
2696	3352
2696	3435
2696	3456
2696	3537
2696	3568
2696	3661
2696	3748
2696	3796
2696	3854
2696	4099
2696	4124
2696	4191
2696	4256
2696	4261
2696	4335
2696	4411
2696	4578
2696	4653
2696	4662
2696	5026
2696	5452
2696	5459
2696	5743
2696	6148
2697	974
2697	1297
2697	1549
2697	1633
2697	1769
2697	2066
2697	2134
2697	2144
2697	2231
2697	2323
2697	2326
2697	2328
2697	2411
2697	2535
2697	2544
2697	2565
2697	2585
2697	2619
2697	2625
2697	2654
2697	2657
2697	2708
2697	2775
2697	2790
2697	2900
2697	2996
2697	3005
2697	3024
2697	3026
2697	3030
2697	3084
2697	3192
2697	3253
2697	3260
2697	3537
2697	3562
2697	3615
2697	3635
2697	3650
2697	4055
2697	4124
2697	4247
2697	4256
2697	4290
2697	6976
2698	1633
2698	2144
2698	2297
2698	2325
2698	2356
2698	2651
2698	2660
2698	2700
2698	2708
2698	2799
2698	3009
2698	3020
2698	3030
2698	3516
2698	3548
2709	1564
2711	762
2711	1166
2711	1564
2711	1990
2711	2144
2711	2307
2711	2506
2711	2660
2711	3089
2711	3537
2711	3548
2711	3549
2711	3822
2715	1384
2715	4179
2716	1384
2717	1384
2718	1384
2719	765
2719	1049
2719	1549
2719	1637
2719	1729
2719	1808
2719	2134
2719	2252
2719	2328
2719	2544
2719	2594
2719	2653
2719	2720
2719	2958
2719	3180
2719	3307
2719	3351
2719	3562
2719	4162
2719	4323
2719	8293
2721	1049
2721	2963
2722	1049
2723	1049
2724	1049
2724	1777
2724	2973
2724	2974
2724	3200
2724	3439
2724	3629
2724	3772
2724	3804
2724	3847
2725	1049
2727	737
2727	1211
2727	1357
2727	1521
2727	1754
2727	1918
2727	2251
2727	2289
2727	2297
2727	2328
2727	2474
2727	2485
2727	2510
2727	2585
2727	2593
2727	2653
2727	2958
2727	3007
2727	3014
2727	3028
2727	3265
2727	3276
2727	3404
2727	3456
2727	3516
2727	3529
2727	4099
2727	4162
2727	4256
2727	4323
2727	4400
2727	4551
2727	5254
2728	1154
2728	1521
2728	8291
2730	1374
2730	3755
2731	3755
2733	2206
2733	2237
2733	3755
2729	3755
2734	3755
2736	1374
2737	290
2737	856
2737	1374
2737	2135
2737	2398
2737	2651
2737	3089
2737	3106
2737	3253
2737	3309
2737	3443
2737	3516
2737	4510
2737	4820
2737	5073
2737	5288
2738	1374
2738	5179
2738	7423
2739	1374
2740	403
2740	765
2740	1154
2740	1374
2740	1637
2740	1646
2740	1653
2740	2102
2740	2120
2740	2410
2740	2560
2740	2618
2740	2693
2740	2754
2740	2768
2740	2785
2740	2805
2740	2809
2740	2814
2740	2828
2740	2834
2740	2922
2740	2973
2740	3200
2740	3520
2740	3803
2740	3804
2740	3807
2741	2736
2744	15
2744	72
2744	896
2744	1026
2744	1154
2744	1637
2744	2416
2744	2490
2744	2535
2744	2618
2744	2781
2744	2785
2744	2787
2744	2918
2744	4175
2744	4335
2744	4574
2744	4709
2744	5020
2744	5254
2744	5263
2744	5482
2744	5511
2744	5639
2744	5640
2744	5683
2744	5784
2744	5860
2744	5872
2744	5936
2744	5973
2744	5994
2744	6006
2744	6021
2744	6094
2744	6148
2744	6229
2744	6246
2744	6251
2747	974
2747	1100
2747	1297
2747	1729
2747	1744
2747	2145
2747	2257
2747	2289
2747	2290
2747	2328
2747	2411
2747	2485
2747	2510
2747	2565
2747	2585
2747	2618
2747	2625
2747	2651
2747	2654
2747	2657
2747	2674
2747	2687
2747	2693
2747	2746
2747	2900
2747	2923
2747	2973
2747	2974
2747	3005
2747	3007
2747	3010
2747	3024
2747	3026
2747	3114
2747	3117
2747	3125
2747	3148
2747	3200
2747	3258
2747	3260
2747	3265
2747	3291
2747	3320
2747	3352
2747	3394
2747	3404
2747	3439
2747	3480
2747	3483
2747	3516
2747	3529
2747	3568
2747	3576
2747	3580
2747	3650
2747	3670
2747	3680
2747	3681
2747	3769
2747	3772
2747	3776
2747	3785
2747	3800
2747	3807
2747	3892
2747	4021
2747	4051
2747	4191
2747	4199
2747	4233
2747	4247
2747	4365
2747	4384
2747	4402
2747	4480
2747	4485
2747	4735
2747	4811
2747	5144
2746	825
2746	1549
2746	2066
2746	2102
2746	2256
2746	2328
2746	2340
2746	2474
2746	2585
2746	2594
2746	2595
2746	2618
2746	2651
2746	2781
2746	2814
2746	2825
2746	2844
2746	2923
2746	2958
2746	3171
2746	3265
2746	3562
2746	3843
2746	4021
2746	4528
2748	1637
2749	1637
2752	15
2752	290
2752	1744
2752	2398
2752	2754
2752	3456
2752	5254
2753	2754
2755	8291
2757	56
2757	1653
2757	2102
2757	2654
2757	2770
2759	2763
2760	15
2760	72
2760	1385
2760	2066
2760	2145
2760	2258
2760	2398
2760	2516
2760	2763
2760	3787
2760	4099
2760	4600
2760	4828
2760	5002
2760	5083
2760	5100
2760	5311
2760	5412
2760	5449
2760	5482
2760	5784
2760	5828
2760	5850
2761	2763
2762	762
2762	2654
2762	2763
2764	1646
2765	762
2765	765
2765	1646
2765	1729
2765	2144
2765	2257
2765	2273
2765	2511
2765	2544
2765	2612
2765	2764
2765	2819
2765	2859
2765	3117
2765	3634
2765	3897
2765	4600
2765	4719
2765	4875
2765	5341
2765	5452
2765	5482
2765	5584
2765	5973
2765	6227
2765	6441
2765	7047
2765	7649
2765	7965
2766	1646
2767	1646
2768	425
2768	1291
2768	1419
2768	1596
2768	1646
2768	1705
2768	1723
2768	1808
2768	2053
2768	2120
2768	2174
2768	2264
2768	2323
2768	2375
2768	2416
2768	2542
2768	2547
2768	2560
2768	2599
2768	2646
2768	2707
2768	2721
2768	2799
2768	2805
2768	2809
2768	2815
2768	2834
2768	2877
2768	2902
2768	2918
2768	2922
2768	2926
2768	2928
2768	2946
2768	2963
2768	2968
2768	2972
2768	2979
2768	2990
2768	2999
2770	4110
2771	2770
2769	2770
2772	1592
2773	1592
2774	15
2774	1297
2774	1310
2774	1403
2774	1416
2774	1592
2774	1705
2774	1706
2774	1918
2774	2114
2774	2323
2774	2328
2774	2474
2774	2506
2774	2535
2774	2660
2774	2775
2774	2801
2774	3084
2774	3089
2774	3238
2774	3309
2774	3456
2774	3480
2774	3897
2774	3976
2774	4055
2774	4071
2774	4110
2774	4261
2774	4646
2774	4735
2774	5079
2774	5121
2774	5123
2774	5262
2774	5529
2774	5624
2774	5828
2774	6006
2774	6347
2774	6437
2774	6832
2774	7510
2774	7632
2774	7795
2775	15
2775	1633
2775	1799
2775	2120
2775	2174
2775	2285
2775	2297
2775	2328
2775	2410
2775	2440
2775	2576
2775	2660
2775	2777
2775	2871
2775	3034
2775	3089
2775	3352
2775	3394
2775	3443
2775	3456
2775	3568
2775	4191
2775	4266
2775	4384
2775	4604
2775	4689
2775	4717
2775	4981
2775	5100
2775	5123
2775	5182
2775	5273
2775	5412
2775	5886
2775	6437
2776	2777
2778	155
2778	214
2778	425
2778	762
2778	1211
2778	2053
2778	2416
2778	2433
2778	2781
2778	2787
2778	2801
2778	2821
2778	2877
2778	2880
2778	2946
2778	2972
2778	3724
2778	4173
2778	4510
2778	5323
2778	5683
2778	5812
2779	2781
2780	2560
2780	2781
2780	2972
2785	5423
2782	2785
2783	2785
2784	2785
2787	2517
2787	3307
2787	4072
2787	4162
2786	2787
2788	403
2788	2102
2788	2410
2788	2801
2789	1211
2789	2257
2789	2794
2790	15
2790	204
2790	417
2790	465
2790	633
2790	741
2790	762
2790	827
2790	856
2790	974
2790	1166
2790	1297
2790	1357
2790	1453
2790	1549
2790	1571
2790	1633
2790	1706
2790	1744
2790	1754
2790	1777
2790	1814
2790	1935
2790	1982
2790	1984
2790	1990
2790	2114
2790	2116
2790	2120
2790	2135
2790	2144
2790	2160
2790	2174
2790	2209
2790	2231
2790	2256
2790	2297
2790	2322
2790	2324
2790	2326
2790	2398
2790	2411
2790	2440
2790	2474
2790	2510
2790	2516
2790	2535
2790	2542
2790	2544
2790	2576
2790	2585
2790	2593
2790	2594
2790	2625
2790	2646
2790	2651
2790	2654
2790	2657
2790	2660
2790	2662
2790	2687
2790	2693
2790	2697
2790	2700
2790	2713
2790	2747
2790	2794
2790	2838
2790	2856
2790	2900
2790	2912
2790	2918
2790	2951
2790	2973
2790	3005
2790	3009
2790	3021
2790	3024
2790	3028
2790	3030
2790	3036
2790	3059
2790	3084
2790	3089
2790	3114
2790	3117
2790	3125
2790	3130
2790	3155
2790	3173
2790	3180
2790	3253
2790	3260
2790	3265
2790	3301
2790	3307
2790	3324
2790	3334
2790	3348
2790	3352
2790	3376
2790	3404
2790	3408
2790	3439
2790	3443
2790	3446
2790	3459
2790	3464
2790	3473
2790	3480
2790	3483
2790	3486
2790	3516
2790	3520
2790	3537
2790	3548
2790	3549
2790	3555
2790	3576
2790	3580
2790	3609
2790	3650
2790	3670
2790	3680
2790	3681
2790	3785
2790	3800
2790	3803
2790	3807
2790	3809
2790	3856
2790	3893
2790	3897
2790	3914
2790	3921
2790	3946
2790	3958
2790	3967
2790	3970
2790	3980
2790	4124
2790	4191
2790	4212
2790	4400
2790	4448
2790	4466
2790	4536
2790	4558
2790	4578
2790	4778
2790	4811
2790	4875
2790	5130
2790	5254
2790	5263
2790	5323
2790	5404
2790	5412
2790	5423
2790	5449
2790	5487
2790	5697
2790	6235
2790	6246
2790	6255
2790	6330
2790	6388
2790	6833
2790	6869
2790	6945
2790	6953
2790	7040
2790	8293
2791	425
2791	1166
2791	1297
2791	1808
2791	1918
2791	2297
2791	2375
2791	2411
2791	2547
2791	2794
2791	2877
2791	2955
2791	2963
2791	3473
2791	8293
2792	403
2792	765
2792	1419
2792	1723
2792	2120
2792	2174
2792	2264
2792	2375
2792	2599
2792	2625
2792	2651
2792	2794
2792	2834
2792	2880
2792	2922
2792	3007
2792	3976
2792	4040
2793	2576
2793	2794
2793	4335
2793	4828
2793	5178
2793	7073
2796	1211
2796	1808
2796	2416
2796	2797
2796	2946
2796	2955
2796	3056
2796	4037
2802	765
2802	2354
2802	2535
2802	2805
2802	4875
2802	4964
2802	5484
2802	5524
2802	6023
2803	2805
2804	974
2804	2209
2804	2252
2804	2597
2804	2653
2804	2667
2804	2674
2804	2747
2804	2799
2804	2805
2804	3148
2804	3260
2804	3537
2804	3580
2804	3587
2804	4055
2807	2535
2807	2617
2807	2625
2807	2809
2807	4037
2808	2398
2808	2809
2811	2066
2811	2398
2811	2433
2811	3456
2811	3562
2811	3607
2811	4037
2811	4218
2811	4315
2811	4335
2811	4500
2811	4583
2811	4605
2811	4831
2811	4929
2811	5412
2811	5459
2811	6634
2811	7604
2813	2814
2544	15
2544	2328
2544	2790
2544	2814
2544	3014
2544	3352
2544	3568
2544	3615
2544	5321
2544	5624
2544	7553
2815	1291
2815	1633
2815	1734
2815	2102
2815	2322
2815	2323
2815	2619
2815	2625
2815	2693
2815	2996
2815	3029
2818	2821
2817	2818
2817	2821
2819	1549
2819	1633
2819	2016
2819	2619
2819	2660
2819	2821
2819	2825
2819	3018
2819	3251
2819	3410
2819	3439
2819	3516
2819	3548
2819	3623
2819	3903
2819	4536
2819	4600
2819	6780
2822	214
2822	403
2822	737
2822	762
2822	765
2822	856
2822	1211
2822	1291
2822	1723
2822	1935
2822	2114
2822	2174
2822	2256
2822	2322
2822	2323
2822	2354
2822	2416
2822	2535
2822	2625
2822	2654
2822	2707
2822	2834
2822	2856
2822	2880
2822	2900
2822	2902
2822	2923
2822	2968
2822	2991
2822	3029
2822	3033
2822	3050
2822	3056
2822	3059
2822	3068
2822	3404
2822	3847
2822	4021
2822	4124
2822	5412
2822	5928
2822	5963
2822	8292
2823	2825
2654	285
2654	417
2654	762
2654	825
2654	827
2654	1267
2654	1291
2654	1297
2654	1357
2654	1416
2654	1453
2654	1549
2654	1679
2654	1744
2654	1781
2654	1792
2654	1915
2654	1935
2654	1990
2654	2053
2654	2116
2654	2144
2654	2210
2654	2252
2654	2297
2654	2307
2654	2324
2654	2371
2654	2411
2654	2416
2654	2470
2654	2485
2654	2508
2654	2510
2654	2535
2654	2550
2654	2576
2654	2585
2654	2625
2654	2653
2654	2657
2654	2662
2654	2667
2654	2674
2654	2686
2654	2693
2654	2697
2654	2713
2654	2724
2654	2746
2654	2819
2654	2825
2654	2856
2654	2859
2654	2900
2654	2902
2654	2958
2654	2996
2654	3005
2654	3007
2654	3010
2654	3026
2654	3056
2654	3089
2654	3109
2654	3126
2654	3140
2654	3148
2654	3171
2654	3180
2654	3193
2654	3253
2654	3255
2654	3258
2654	3313
2654	3352
2654	3404
2654	3446
2654	3486
2654	3529
2654	3537
2654	3541
2654	3556
2654	3562
2654	3567
2654	3650
2654	3670
2654	3681
2654	3717
2654	3769
2654	3800
2654	3822
2654	3867
2654	3898
2654	3922
2654	3926
2654	3973
2654	4013
2654	4021
2654	4110
2654	4111
2654	4117
2654	4233
2654	8294
2824	2825
2826	765
2758	765
2758	1679
2827	765
2799	1777
2799	2565
2799	2686
2799	2923
2799	3200
2799	3483
2799	3680
2799	3847
2830	1723
2830	2120
2830	2323
2830	2547
2830	2560
2830	2877
2834	2072
2834	3117
2834	3726
2834	5793
2834	6784
2831	425
2831	1166
2831	1972
2831	2001
2831	2256
2831	2328
2831	2381
2831	2474
2831	2594
2831	2619
2831	2620
2831	2625
2831	2674
2831	2834
2831	2912
2831	2972
2831	3103
2831	3480
2831	3529
2831	3631
2831	3813
2831	3958
2831	4310
2831	4531
2831	4578
2831	4846
2831	5079
2831	5144
2831	5262
2831	5454
2831	5459
2831	5605
2831	5827
2831	5928
2831	6124
2831	6913
2831	7908
2831	7910
2831	7912
2832	762
2832	1360
2832	1596
2832	1984
2832	2323
2832	2811
2832	2834
2832	2932
2832	2979
2832	3029
2832	3099
2832	3125
2832	3144
2832	3352
2832	3439
2832	3443
2832	3568
2832	3645
2832	3650
2832	3812
2832	3835
2832	4037
2832	4191
2832	4234
2832	4264
2832	4289
2832	4297
2832	4299
2832	4349
2832	4351
2832	4373
2832	4384
2832	4422
2832	4424
2832	4463
2832	4468
2832	4480
2832	4485
2832	4529
2832	4588
2832	4631
2832	4713
2832	4728
2832	4735
2832	4780
2832	4783
2832	4814
2832	4820
2832	4875
2832	4953
2833	1419
2833	1549
2833	2371
2833	2834
2833	2880
2833	3969
2833	7561
2835	8292
2838	1211
2838	1297
2838	1419
2838	1633
2838	2290
2838	2535
2838	2585
2838	2593
2838	2619
2838	2657
2838	2660
2838	2727
2838	2746
2838	2923
2838	2958
2838	2999
2838	3117
2838	3516
2838	3587
2838	3776
2838	3892
2839	1419
2839	3334
2839	6417
2839	6442
2839	7422
2840	1419
2840	1808
2840	2174
2840	2256
2840	2264
2840	2375
2840	2470
2840	2501
2840	2599
2840	2646
2840	2877
2840	2922
2840	2972
2840	2993
2844	2880
2844	2902
2845	1211
2845	1723
2845	2955
2846	1723
2847	1723
2848	1723
2849	1723
2850	1723
2851	15
2851	737
2851	967
2851	1723
2851	1754
2851	2356
2851	2485
2851	2506
2851	2508
2851	2535
2851	2774
2851	2856
2851	2871
2851	2955
2851	3015
2851	3144
2851	3643
2851	3796
2851	4037
2851	4335
2851	4432
2851	4940
2851	5022
2851	5037
2851	5254
2851	5288
2851	5412
2851	5445
2851	5449
2851	5922
2851	6006
2851	6337
2851	6437
2851	6442
2851	6725
2851	6832
2851	6850
2851	6875
2851	6955
2851	6980
2851	7553
2851	7871
2851	7912
2851	8212
2852	1723
2852	2775
2853	1723
2855	1360
2855	2225
2855	2264
2855	2764
2855	2774
2855	2856
2855	3276
2855	3842
2855	5100
2855	5210
2855	5697
2855	6330
2855	6552
2855	6594
2855	6790
2855	6979
2856	2264
2856	2662
2856	3089
2856	3126
2856	3243
2857	2264
2858	2264
2858	2516
2858	2963
2859	608
2859	741
2859	762
2859	778
2859	825
2859	1157
2859	1239
2859	1307
2859	1453
2859	1769
2859	1777
2859	2014
2859	2144
2859	2145
2859	2237
2859	2264
2859	2307
2859	2328
2859	2398
2859	2485
2859	2506
2859	2508
2859	2516
2859	2517
2859	2542
2859	2565
2859	2585
2859	2619
2859	2746
2859	2775
2859	2790
2859	2871
2859	2900
2859	2958
2859	2981
2859	3007
2859	3024
2859	3028
2859	3034
2859	3073
2859	3144
2859	3155
2859	3200
2859	3258
2859	3260
2859	3291
2859	3320
2859	3321
2859	3352
2859	3404
2859	3408
2859	3439
2859	3443
2859	3453
2859	3454
2859	3473
2859	3486
2859	3489
2859	3557
2859	3562
2859	3568
2859	3615
2859	3645
2859	3650
2859	3717
2859	3724
2859	3748
2859	3803
2859	3812
2859	3843
2859	3856
2859	3871
2859	3903
2859	3914
2859	3921
2859	3922
2859	3933
2859	3937
2859	3942
2859	3946
2859	3973
2859	3976
2859	3980
2859	4011
2859	4024
2859	4030
2859	4031
2859	4037
2859	4043
2859	4044
2859	4051
2859	4055
2859	4088
2859	4103
2859	4110
2859	4111
2859	4162
2859	4171
2859	4173
2859	4179
2859	4183
2859	4191
2859	4234
2859	4256
2859	4290
2859	4297
2859	4331
2859	4332
2859	4335
2859	4351
2859	4365
2859	4373
2859	4384
2859	4385
2859	4386
2859	4402
2859	4412
2859	4463
2859	4468
2859	4500
2859	4510
2859	4528
2859	4531
2859	4552
2859	4557
2859	4588
2859	4613
2859	4631
2859	4648
2859	4661
2859	4677
2859	4719
2859	4728
2859	4780
2859	4811
2859	4820
2859	4831
2859	8293
2859	8294
2860	214
2860	1919
2860	2542
2860	2623
2860	3018
2866	214
2866	1211
2866	1705
2866	2053
2866	2470
2866	2877
2867	214
2867	3027
2867	4536
2861	214
2868	214
2869	214
2862	214
2862	2470
2862	2880
2862	2926
2863	214
2863	2470
2863	2877
2863	2880
2863	2902
2870	214
2871	72
2871	204
2871	214
2871	290
2871	465
2871	608
2871	633
2871	737
2871	762
2871	825
2871	827
2871	856
2871	1157
2871	1211
2871	1239
2871	1267
2871	1297
2871	1307
2871	1310
2871	1315
2871	1357
2871	1360
2871	1385
2871	1393
2871	1416
2871	1453
2871	1548
2871	1571
2871	1596
2871	1679
2871	1680
2871	1688
2871	1706
2871	1769
2871	1777
2871	1781
2871	1814
2871	1918
2871	1919
2871	1984
2871	2016
2871	2066
2871	2116
2871	2134
2871	2135
2871	2145
2871	2210
2871	2225
2871	2231
2871	2240
2871	2251
2871	2252
2871	2256
2871	2257
2871	2290
2871	2297
2871	2323
2871	2325
2871	2328
2871	2364
2871	2369
2871	2371
2871	2381
2871	2384
2871	2386
2871	2398
2871	2411
2871	2456
2871	2470
2871	2474
2871	2485
2871	2506
2871	2516
2871	2544
2871	2550
2871	2552
2871	2560
2871	2585
2871	2592
2871	2595
2871	2612
2871	2617
2871	2619
2871	2625
2871	2651
2871	2653
2871	2655
2871	2657
2871	2662
2871	2689
2871	2696
2871	2697
2871	2700
2871	2707
2871	2713
2871	2724
2871	2746
2871	2775
2871	2790
2871	2815
2871	2819
2871	2880
2871	2900
2871	2902
2871	2912
2871	2932
2871	2951
2871	2955
2871	2958
2871	2963
2871	2966
2871	2972
2871	2977
2871	2979
2871	2981
2871	2993
2871	2996
2871	2999
2871	3005
2871	3007
2871	3010
2871	3014
2871	3020
2871	3024
2871	3026
2871	3028
2871	3029
2871	3030
2871	3033
2871	3034
2871	3050
2871	3056
2871	3073
2871	3080
2871	3084
2871	3089
2871	3092
2871	3106
2871	3114
2871	3117
2871	3126
2871	3140
2871	3145
2871	3150
2871	3164
2871	3192
2871	3243
2871	3251
2871	3253
2871	3258
2871	3260
2871	3276
2871	3284
2871	3291
2871	3309
2871	3313
2871	3338
2871	3352
2871	3393
2871	3439
2871	3443
2871	3447
2871	3452
2871	3455
2871	3456
2871	3537
2871	3557
2871	3562
2871	3568
2871	3615
2871	3643
2871	3650
2871	3661
2871	3717
2871	3720
2871	3748
2871	3755
2871	3796
2871	3803
2871	3806
2871	3812
2871	3813
2871	3816
2871	3843
2871	3847
2871	3854
2871	3871
2871	3887
2871	3892
2871	3897
2871	3898
2871	3903
2871	3926
2871	3937
2871	3946
2871	3949
2871	3967
2871	3970
2871	4011
2871	4013
2871	4021
2871	4024
2871	4030
2871	4037
2871	4043
2871	4049
2871	4051
2871	4055
2871	4088
2871	4103
2871	4110
2871	4127
2871	4138
2871	4162
2871	4173
2871	4179
2871	4181
2871	4183
2871	4189
2871	4191
2871	4212
2871	4256
2871	4261
2871	4263
2871	4266
2871	4269
2871	4297
2871	4298
2871	4315
2871	4335
2871	4338
2871	4400
2871	4466
2871	4468
2871	4482
2871	4510
2871	4529
2871	4534
2871	4547
2871	4551
2871	4587
2871	4588
2871	4661
2871	4662
2871	4666
2871	4706
2871	4719
2871	4777
2871	4780
2871	4792
2871	4820
2871	4824
2871	4827
2871	4929
2871	4953
2871	4962
2871	4964
2871	4999
2871	5022
2871	5026
2871	5055
2871	5073
2871	5106
2871	5130
2871	5132
2871	5144
2871	5162
2871	5204
2871	5210
2871	5222
2871	5285
2871	5288
2871	5308
2871	5509
2871	5539
2871	5563
2871	5651
2871	5737
2871	5775
2871	5817
2871	8293
2871	8294
2864	214
2865	214
2865	2599
2872	214
2872	290
2872	465
2872	608
2872	762
2872	778
2872	1211
2872	1297
2872	1307
2872	1393
2872	1437
2872	1453
2872	1549
2872	1679
2872	1705
2872	1706
2872	1915
2872	2114
2872	2135
2872	2225
2872	2323
2872	2470
2872	2506
2872	2508
2872	2535
2872	2544
2872	2619
2872	2625
2872	2651
2872	2653
2872	2697
2872	2721
2872	2727
2872	2746
2872	2790
2872	2838
2872	2877
2872	2918
2872	2979
2872	2981
2872	3005
2872	3007
2872	3024
2872	3028
2872	3084
2872	3145
2872	3180
2872	3243
2872	3253
2872	3258
2872	3260
2872	3313
2872	3338
2872	3557
2872	3562
2872	3681
2872	3717
2872	3720
2872	3800
2872	3803
2872	3807
2872	3816
2872	3843
2872	3847
2872	3871
2872	3892
2872	3903
2872	3926
2872	3937
2872	3946
2872	3967
2872	3970
2872	3973
2872	4011
2872	4021
2872	4024
2872	4031
2872	4043
2872	4051
2872	4055
2872	4088
2872	4103
2872	4110
2872	4117
2872	4162
2872	8293
2872	8294
2875	1393
2875	2625
2875	2877
2875	3307
2875	3351
2875	5020
2876	2877
2880	1453
2880	2686
2879	2880
2881	2880
2882	2880
2883	856
2883	1211
2883	1416
2883	1799
2883	2277
2883	2323
2883	2662
2883	2822
2883	2880
2883	2968
2883	3021
2883	3103
2883	3274
2883	3408
2883	3755
2883	3897
2883	4068
2883	4098
2883	4211
2883	4247
2883	4310
2883	4448
2883	5020
2883	5226
2883	5387
2883	5559
2883	5640
2883	5947
2884	2880
2885	1315
2885	2323
2885	2880
2885	2972
2885	2977
2467	2470
2467	3871
2467	6221
2467	8293
2896	2470
2568	1808
2568	2470
2568	3453
2568	3835
2886	2470
2886	3238
2886	7694
2887	2470
2888	2470
2464	2470
2889	737
2889	2398
2889	2470
2889	3027
2889	3459
2889	4653
2889	4687
2889	4712
2889	4899
2889	5155
2889	5430
2889	5449
2889	5925
2889	6790
2890	2470
2891	2470
2892	2470
2893	2470
2894	2470
2895	2470
2898	2174
2898	2297
2901	290
2901	2174
2901	2625
2901	3068
2899	2174
2900	204
2900	285
2900	290
2900	974
2900	1267
2900	1297
2900	1549
2900	1571
2900	1633
2900	1705
2900	1706
2900	1754
2900	1918
2900	2066
2900	2134
2900	2174
2900	2593
2900	2594
2900	2625
2900	2651
2900	2654
2900	2657
2900	2790
2900	2815
2900	2922
2900	3089
2900	3253
2900	3650
2900	4247
2905	2053
2905	3830
2905	5254
2905	6613
2903	1679
2903	2053
2903	2398
2903	2625
2903	3956
2903	4735
2903	4796
2903	5404
2904	1211
2904	1357
2904	1416
2904	1549
2904	1734
2904	1754
2904	1918
2904	1919
2904	2053
2904	2323
2904	2411
2904	2565
2904	2593
2904	2999
2904	3104
2904	3117
2904	3164
2904	3265
2906	554
2906	2654
2906	2910
2906	3059
2906	3084
2906	3352
2907	2398
2907	2910
2907	3352
2907	4605
2907	7632
2907	7809
2908	2535
2908	2542
2908	2623
2908	2910
2908	3018
2908	5233
2908	5753
2908	6004
2908	6251
2908	7301
2908	7620
2908	7632
2909	737
2909	1310
2909	1754
2909	2135
2909	2237
2909	2384
2909	2398
2909	2485
2909	2516
2909	2535
2909	2625
2909	2651
2909	2654
2909	2657
2909	2697
2909	2910
2909	3033
2909	3125
2909	3130
2909	3144
2909	3260
2909	3352
2909	3417
2909	3443
2909	3456
2909	3643
2909	3726
2909	3835
2909	3897
2909	3910
2909	3976
2909	4124
2909	4191
2909	4310
2909	4335
2909	4528
2909	4534
2909	4587
2909	4653
2909	4712
2909	4735
2909	5123
2909	5155
2909	5189
2909	5222
2909	5387
2909	5412
2909	5470
2909	5640
2909	5651
2909	5886
2909	5969
2909	6594
2909	6774
2909	6832
2909	7168
2909	8294
2912	1357
2912	1393
2912	1416
2912	1734
2912	1754
2912	1769
2912	1919
2912	2072
2912	2135
2912	2231
2912	2251
2912	2325
2912	2356
2912	2371
2912	2416
2912	2456
2912	2474
2912	2576
2912	2593
2912	2625
2912	2654
2912	2724
2912	2900
2912	3020
2912	3021
2912	3033
2912	3034
2912	3099
2912	3104
2912	3265
2912	4037
2912	4233
2912	4463
2913	417
2913	1305
2913	1705
2913	2066
2913	2375
2913	2398
2913	2416
2913	2918
2913	2922
2913	3005
2913	5697
2916	1705
2917	1705
2917	4735
2918	1705
2918	2375
2918	2922
2919	1211
2919	1705
2921	2918
2923	1211
2923	1297
2923	1734
2923	2252
2923	2256
2923	2307
2923	2328
2923	2375
2923	2411
2923	2474
2923	2485
2923	2535
2923	2585
2923	2653
2923	2657
2923	2746
2923	2972
2923	2979
2923	2990
2923	3020
2923	3026
2923	3028
2923	3117
2923	3265
2923	3291
2923	3394
2923	3454
2923	3516
2923	3537
2923	3568
2923	3629
2923	3646
2923	3680
2923	3724
2923	4547
2924	2375
2924	2928
2925	425
2925	1211
2925	1596
2925	1808
2925	1918
2925	2547
2925	2625
2925	2646
2925	2651
2925	2877
2925	2926
2925	2946
2925	2955
2925	2956
2925	2972
2925	2977
2925	2979
2925	3265
2925	8178
2928	2877
2929	2877
2930	2877
2932	15
2932	762
2932	1157
2932	1211
2932	1297
2932	1549
2932	1648
2932	1688
2932	1777
2932	1918
2932	2145
2932	2328
2932	2485
2932	2547
2932	2565
2932	2594
2932	2651
2932	2667
2932	2877
2932	2955
2932	2958
2932	3028
2932	3059
2932	3140
2932	3192
2932	3291
2932	3321
2932	3394
2932	3417
2932	3439
2932	3454
2932	3480
2932	3537
2932	3557
2932	3568
2932	3615
2932	3635
2932	3646
2932	3661
2932	3724
2932	3812
2932	3969
2932	3976
2932	4065
2932	4191
2932	4231
2932	4235
2932	4254
2932	4261
2932	4266
2932	4272
2932	4323
2932	4365
2932	4373
2932	4463
2932	4661
2932	4735
2932	4814
2932	4875
2932	5103
2932	5828
2932	7301
2931	2877
2931	7316
2933	1211
2933	2724
2933	2877
2933	2946
2933	3068
2933	3253
2935	425
2935	1808
2935	2517
2935	2646
2935	2811
2935	2871
2935	3002
2935	3321
2935	3447
2935	3452
2935	3455
2935	3537
2935	3607
2935	3835
2935	3854
2935	3958
2935	4124
2935	4298
2935	4466
2935	4588
2935	4613
2935	4661
2935	4662
2935	4719
2935	4735
2935	4792
2935	4797
2935	4815
2935	4938
2935	4962
2935	4983
2935	4999
2935	5055
2935	5058
2935	5083
2935	5092
2914	1754
2914	1808
2914	2963
2914	4792
2939	1211
2939	1633
2939	2411
2939	2657
2939	2707
2939	3529
2939	3669
2938	1211
2940	15
2940	285
2940	290
2940	417
2940	762
2940	825
2940	938
2940	1026
2940	1157
2940	1166
2940	1211
2940	1352
2940	1571
2940	1633
2940	1744
2940	1919
2940	1990
2940	2016
2940	2114
2940	2135
2940	2210
2940	2240
2940	2251
2940	2273
2940	2290
2940	2297
2940	2324
2940	2325
2940	2338
2940	2433
2940	2485
2940	2510
2940	2565
2940	2576
2940	2593
2940	2594
2940	2619
2940	2623
2940	2625
2940	2653
2940	2657
2940	2660
2940	2667
2940	2693
2940	2700
2940	2727
2940	2851
2940	2912
2940	2932
2940	2958
2940	2973
2940	2974
2940	2977
2940	3005
2940	3009
2940	3026
2940	3028
2940	3056
2940	3114
2940	3117
2940	3148
2940	3238
2940	3266
2940	3291
2940	3307
2940	3351
2940	3404
2940	3408
2940	3480
2940	3489
2940	3557
2940	3681
2940	3769
2940	3772
2940	3792
2940	3800
2940	3803
2940	3804
2940	3807
2940	3847
2940	3892
2940	3897
2940	4049
2940	4055
2940	4134
2940	4162
2940	4173
2940	4179
2940	4201
2940	4218
2940	4485
2940	4980
2940	5020
2940	5079
2940	5179
2940	5233
2940	5298
2940	5626
2940	5806
2940	5872
2940	5950
2940	5969
2940	6000
2940	6004
2940	6306
2940	6462
2940	6496
2940	6505
2940	6595
2940	6600
2940	6682
2940	6755
2940	6780
2940	6784
2940	6897
2940	7012
2940	7116
2940	7162
2940	7254
2940	7277
2940	7301
2940	7389
2940	7618
2941	974
2941	1211
2941	2535
2941	2693
2941	2747
2941	3549
2941	3609
2941	3970
2941	5058
2941	7054
2941	8141
2936	1211
2936	2815
2936	2946
2936	2999
2936	3148
2936	5902
2936	7517
2936	8186
2944	2946
2945	2946
2947	1291
2947	2485
2947	2547
2947	2660
2947	2968
2947	3029
2947	3253
2947	3352
2947	3489
2947	4043
2948	762
2948	1357
2948	1416
2948	1437
2948	1734
2948	1754
2948	1781
2948	2251
2948	2371
2948	2547
2948	2550
2948	2593
2948	2654
2948	2697
2948	2830
2948	2856
2948	2900
2948	3033
2948	3089
2948	3117
2948	3130
2948	3140
2948	3150
2948	3164
2948	3193
2948	8293
2949	2547
2950	1315
2950	1596
2950	2323
2950	2547
2950	2560
2950	2707
2950	2815
2950	2963
2950	2966
2950	2972
2950	2977
2950	2993
2950	2999
2951	72
2951	1185
2951	1385
2951	2145
2951	2297
2951	2547
2951	2576
2951	2625
2951	2660
2951	2760
2951	2790
2951	3014
2951	3489
2951	3615
2951	3976
2951	4297
2951	4411
2951	4463
2951	4531
2952	2955
2953	290
2953	1688
2953	1706
2953	2338
2953	2371
2953	2485
2953	2654
2953	2871
2953	2955
2953	5106
2954	2955
2957	1918
2958	1026
2958	1267
2958	1918
2958	2066
2958	2134
2958	2225
2958	2256
2958	2323
2958	2328
2958	2411
2958	2474
2958	2510
2958	2585
2958	2594
2958	2625
2958	2646
2958	2727
2958	2746
2958	2790
2958	2830
2958	2856
2958	3005
2958	3084
2958	3089
2958	3117
2958	3125
2958	3265
2958	3291
2958	3352
2958	3394
2958	3439
2958	3516
2958	3645
2958	3650
2958	3892
2958	3898
2958	3903
2958	4256
2958	4290
2958	4299
2958	4400
2958	4528
2958	4530
2958	4735
2958	5412
2958	5772
2958	7620
2960	2963
2961	2963
2962	2963
2964	633
2964	825
2964	856
2964	1140
2964	1239
2964	1267
2964	1305
2964	1307
2964	1360
2964	1385
2964	1437
2964	1734
2964	1919
2964	2066
2964	2134
2964	2210
2964	2225
2964	2237
2964	2256
2964	2384
2964	2595
2964	2651
2964	2653
2964	2654
2964	2655
2964	2662
2964	2746
2964	2859
2964	2932
2964	2951
2964	2958
2964	2966
2964	2981
2964	3021
2964	3033
2964	3034
2964	3192
2964	3251
2964	3258
2964	3265
2964	3291
2964	3307
2964	3309
2964	3320
2964	3321
2964	3351
2964	3394
2964	3408
2964	3453
2964	3615
2964	4011
2964	4013
2964	4021
2964	4043
2964	4055
2964	4110
2964	4162
2964	4179
2964	4201
2964	4216
2964	4247
2964	4256
2964	4263
2964	4269
2964	4289
2964	4290
2964	4424
2964	4646
2964	8293
2964	8294
2965	2966
2965	2993
2967	417
2967	762
2967	825
2967	974
2967	1157
2967	1166
2967	1239
2967	1297
2967	1305
2967	1307
2967	1310
2967	1315
2967	1549
2967	1571
2967	1688
2967	1729
2967	1734
2967	1754
2967	1769
2967	1984
2967	2014
2967	2016
2967	2066
2967	2114
2967	2129
2967	2134
2967	2144
2967	2145
2967	2209
2967	2210
2967	2237
2967	2240
2967	2252
2967	2256
2967	2257
2967	2290
2967	2297
2967	2325
2967	2326
2967	2328
2967	2354
2967	2356
2967	2364
2967	2371
2967	2381
2967	2384
2967	2398
2967	2411
2967	2433
2967	2456
2967	2474
2967	2485
2967	2506
2967	2516
2967	2517
2967	2565
2967	2576
2967	2595
2967	2597
2967	2612
2967	2646
2967	2653
2967	2654
2967	2655
2967	2657
2967	2660
2967	2674
2967	2693
2967	2696
2967	2697
2967	2707
2967	2760
2967	2775
2967	2787
2967	2790
2967	2859
2967	2871
2967	2900
2967	2912
2967	2918
2967	2932
2967	2958
2967	2966
2967	2968
2967	2981
2967	3002
2967	3005
2967	3007
2967	3009
2967	3010
2967	3014
2967	3026
2967	3029
2967	3034
2967	3059
2967	3073
2967	3117
2967	3140
2967	3148
2967	3173
2967	3192
2967	3258
2967	3265
2967	3276
2967	3284
2967	3291
2967	3309
2967	3321
2967	3334
2967	3346
2967	3351
2967	3352
2967	3394
2967	3404
2967	3435
2967	3439
2967	3447
2967	3453
2967	3455
2967	3456
2967	3458
2967	3463
2967	3479
2967	3520
2967	3529
2967	3538
2967	3562
2967	3568
2967	3580
2967	3587
2967	3607
2967	3609
2967	3615
2967	3631
2967	3635
2967	3643
2967	3660
2967	3680
2967	3691
2967	3717
2967	3724
2967	3748
2967	3787
2967	3796
2967	3806
2967	3813
2967	3843
2967	3847
2967	3854
2967	3871
2967	3903
2967	3912
2967	3956
2967	3958
2967	3976
2967	4011
2967	4013
2967	4021
2967	4024
2967	4037
2967	4040
2967	4043
2967	4044
2967	4055
2967	4086
2967	4088
2967	4099
2967	4103
2967	4110
2967	4117
2967	4124
2967	4138
2967	4162
2967	4179
2967	4181
2967	4191
2967	4201
2967	4212
2967	4219
2967	4220
2967	4233
2967	4234
2967	4247
2967	4256
2967	4261
2967	4263
2967	4266
2967	4269
2967	4289
2967	4290
2967	4297
2967	4335
2967	4422
2967	4453
2967	4471
2967	4485
2967	4510
2967	4551
2967	4574
2967	4578
2967	4600
2967	4613
2967	4653
2967	4661
2967	4662
2967	4666
2967	4706
2967	4719
2967	4735
2967	4792
2967	4796
2967	4811
2967	4814
2967	4827
2967	4828
2967	4938
2967	4953
2967	4962
2967	4999
2967	5026
2967	5055
2967	5058
2967	5073
2967	5083
2967	5092
2967	5100
2967	5106
2967	5130
2967	5132
2967	5176
2967	5445
2967	5459
2967	5511
2967	6148
2967	6306
2967	6400
2967	8293
2967	8294
2968	465
2968	762
2968	1166
2968	1357
2968	1416
2968	1633
2968	1679
2968	1754
2968	1982
2968	2135
2968	2225
2968	2251
2968	2258
2968	2297
2968	2542
2968	2576
2968	2605
2968	2653
2968	2658
2968	2697
2968	2785
2968	2966
2968	3026
2968	3089
2968	3117
2968	3265
2968	3276
2968	3293
2968	3338
2968	3394
2968	3454
2968	3456
2968	3473
2968	3489
2968	3516
2968	3557
2968	3562
2968	3650
2968	3724
2968	4124
2968	4173
2968	4179
2968	4191
2968	4234
2968	4349
2968	4735
2968	4983
2968	5072
2968	5073
2968	5148
2968	5459
2968	5582
2968	7620
2968	7699
2968	7908
2972	15
2972	222
2972	406
2972	608
2972	737
2972	778
2972	825
2972	896
2972	1159
2972	1239
2972	1247
2972	1305
2972	1310
2972	1360
2972	1549
2972	1680
2972	1688
2972	1733
2972	1769
2972	1799
2972	1972
2972	1990
2972	2001
2972	2134
2972	2144
2972	2145
2972	2237
2972	2240
2972	2273
2972	2328
2972	2364
2972	2369
2972	2381
2972	2440
2972	2507
2972	2511
2972	2517
2972	2552
2972	2565
2972	2576
2972	2592
2972	2605
2972	2612
2972	2619
2972	2646
2972	2653
2972	2689
2972	2696
2972	2746
2972	2760
2972	2787
2972	2811
2972	2822
2972	2831
2972	2859
2972	2871
2972	2909
2972	2914
2972	2932
2972	2958
2972	2973
2972	2981
2972	3002
2972	3027
2972	3028
2972	3089
2972	3092
2972	3103
2972	3125
2972	3140
2972	3144
2972	3192
2972	3258
2972	3274
2972	3291
2972	3320
2972	3321
2972	3334
2972	3352
2972	3376
2972	3417
2972	3433
2972	3439
2972	3447
2972	3452
2972	3453
2972	3454
2972	3456
2972	3460
2972	3479
2972	3498
2972	3537
2972	3557
2972	3562
2972	3568
2972	3607
2972	3615
2972	3634
2972	3635
2972	3645
2972	3650
2972	3661
2972	3664
2972	3691
2972	3720
2972	3748
2972	3755
2972	3796
2972	3800
2972	3816
2972	3835
2972	3843
2972	3854
2972	3873
2972	3885
2972	3898
2972	3903
2972	3910
2972	3919
2972	3926
2972	3946
2972	3956
2972	3958
2972	3967
2972	3973
2972	4012
2972	4030
2972	4031
2972	4037
2972	4040
2972	4043
2972	4044
2972	4047
2972	4055
2972	4058
2972	4099
2972	4103
2972	4124
2972	4162
2972	4173
2972	4175
2972	4212
2972	4219
2972	4247
2972	4261
2972	4263
2972	4266
2972	4269
2972	4297
2972	4298
2972	4299
2972	4315
2972	4331
2972	4335
2972	4338
2972	4351
2972	4361
2972	4400
2972	4411
2972	4412
2972	4422
2972	4448
2972	4453
2972	4468
2972	4482
2972	4485
2972	4500
2972	4507
2972	4527
2972	4528
2972	4529
2972	4534
2972	4536
2972	4547
2972	4551
2972	4562
2972	4578
2972	4587
2972	4600
2972	4604
2972	4613
2972	4625
2972	4631
2972	4653
2972	4661
2972	4662
2972	4666
2972	4689
2972	4706
2972	4712
2972	4717
2972	4719
2972	4735
2972	4748
2972	4780
2972	4792
2972	4795
2972	4796
2972	4797
2972	4811
2972	4814
2972	4815
2972	4824
2972	4827
2972	4828
2972	4831
2972	4846
2972	4866
2972	4899
2972	4929
2972	4934
2972	4938
2972	4964
2972	4986
2972	4987
2972	4992
2972	4999
2972	5026
2972	5055
2972	5061
2972	5073
2972	5092
2972	5100
2972	5106
2972	5130
2972	5132
2972	5140
2972	5144
2972	5155
2972	5176
2972	5178
2972	5199
2972	5204
2972	5208
2972	5210
2972	5222
2972	5226
2972	5233
2972	5239
2972	5245
2972	5254
2972	5262
2972	5273
2972	5295
2972	5298
2972	5305
2972	5326
2972	5335
2972	5387
2972	5392
2972	5404
2972	5412
2972	5415
2972	5423
2972	5430
2972	5449
2972	5459
2972	5463
2972	5467
2972	5484
2972	5506
2972	5513
2972	5524
2972	5545
2972	5559
2972	5563
2972	5626
2972	5637
2972	5638
2972	5639
2972	5663
2972	5693
2972	5694
2972	5697
2972	5705
2972	5721
2972	5732
2972	5737
2972	5738
2972	5743
2972	5756
2972	5757
2972	5775
2972	5776
2972	5814
2972	5817
2972	5818
2972	5822
2972	5844
2972	5848
2972	5969
2972	5977
2972	5980
2972	5991
2972	6097
2972	6166
2972	6170
2972	6235
2972	6246
2972	6251
2972	6272
2972	6311
2972	6330
2972	6414
2972	6435
2972	6441
2972	6458
2972	6462
2972	6472
2972	6474
2972	6481
2972	6491
2972	6498
2972	6501
2972	6503
2972	6505
2972	6511
2972	6528
2972	6543
2972	6554
2972	6555
2972	6560
2972	6566
2972	6570
2972	6576
2972	6589
2972	6594
2972	6596
2972	6600
2972	6611
2972	6632
2972	6670
2972	6699
2972	6736
2972	6765
2972	6774
2972	6855
2972	6860
2972	6869
2972	6930
2972	6942
2972	6946
2972	6955
2972	6982
2972	6994
2972	7023
2972	7074
2972	7101
2972	7115
2972	7116
2972	7119
2972	7162
2972	7185
2972	7186
2972	7734
2972	8294
2972	8295
2971	2972
2969	2655
2969	2972
2969	3028
2970	2972
2974	762
2974	1915
2974	2565
2974	2775
2974	2977
2974	2981
2974	3099
2974	3480
2974	3562
2974	3720
2974	4051
2974	4110
2974	4173
2974	5743
2974	8293
2978	856
2978	2237
2978	2830
2978	2977
2978	3155
2978	3164
2980	2560
2982	1596
2983	1493
2983	1596
2983	1982
2983	3014
2983	4127
2983	4335
2983	4432
2983	4940
2983	5022
2983	5058
2983	5738
2983	6618
2983	6634
2983	6720
2983	6737
2983	7391
2983	7791
2983	7810
2983	7833
2983	8051
2983	8168
2983	8178
2983	8192
2983	8198
2983	8212
2983	8224
2983	8237
2983	8249
2985	1315
2985	2016
2985	3748
2985	6347
2986	1315
2986	2371
2986	3537
2987	1315
2987	1357
2987	1734
2987	1754
2987	2371
2987	2830
2987	3089
2987	3126
2987	3130
2988	737
2988	1191
2988	1315
2988	1473
2988	1493
2988	2016
2988	2252
2988	2257
2988	2328
2988	2485
2988	2565
2988	2592
2988	2653
2988	2654
2988	2657
2988	2696
2988	2819
2988	3026
2988	3059
2988	3173
2988	3192
2988	3404
2988	3537
2988	3615
2988	3772
2988	3796
2988	3847
2988	3873
2988	3897
2988	4041
2988	4256
2988	4310
2988	4335
2988	4483
2988	4488
2988	4600
2988	4653
2988	4687
2988	4717
2988	4884
2988	5058
2988	5092
2988	5178
2988	5226
2988	5262
2988	5445
2988	5459
2988	5487
2988	5511
2988	5651
2988	5684
2988	5775
2988	6148
2988	6400
2988	6832
2989	1315
2989	2371
2989	2565
2989	3026
2989	3059
2989	3173
2989	3192
2989	3854
2989	4256
2989	4999
2993	2991
2991	2066
2991	2958
2991	2993
2991	3562
2991	3615
2991	3787
2991	4179
2992	2993
2994	2237
2994	2707
2994	2993
2995	2323
2995	2324
2995	2617
2995	2993
2995	3029
2995	3056
2995	3537
2995	3567
2995	4645
2995	5215
2998	974
2998	2323
2998	2830
2999	825
2999	1633
2999	2323
2999	2625
2999	2822
2999	3635
2999	4191
3007	290
3007	465
3007	896
3007	2251
3007	2323
3007	2398
3007	2653
3007	3903
3007	3914
3007	4191
3007	4219
3007	5106
3007	5484
3007	5563
3007	5683
3000	72
3000	285
3000	1166
3000	1633
3000	1744
3000	2114
3000	2144
3000	2225
3000	2323
3000	2411
3000	2660
3000	2662
3000	2724
3000	2819
3000	2856
3000	3021
3000	3144
3000	3276
3000	3301
3000	3307
3000	3320
3000	3408
3000	3456
3000	3568
3000	3830
3000	3919
3000	4748
3000	4994
3000	5123
3000	5178
3000	5182
3000	5210
3000	5311
3000	5800
3000	5802
3000	5806
3000	5811
3000	6424
3000	6599
3000	6715
3000	6832
3000	6840
3000	8297
3001	2323
3001	2485
3001	2542
3001	2654
3001	3192
3001	3352
3001	3408
3002	2323
3002	2364
3002	3456
3002	5123
3002	5412
3008	2323
3003	2323
3009	204
3009	417
3009	762
3009	974
3009	1385
3009	1733
3009	2145
3009	2252
3009	2290
3009	2297
3009	2323
3009	2328
3009	2433
3009	2508
3009	2565
3009	2576
3009	2585
3009	2653
3009	2660
3009	2667
3009	2693
3009	2765
3009	2774
3009	3103
3009	3140
3009	3144
3009	3148
3009	3276
3009	3547
3009	3614
3009	3643
3009	3650
3009	3724
3009	3812
3009	4338
3009	4365
3009	4373
3009	4384
3009	4400
3009	4422
3009	4510
3009	4528
3009	4529
3009	4578
3009	4666
3009	5072
3009	5182
3009	5524
3009	5543
3009	5756
3009	6417
3004	15
3004	2323
3004	3443
3005	290
3005	417
3005	974
3005	1307
3005	1357
3005	1549
3005	2066
3005	2210
3005	2256
3005	2297
3005	2323
3005	2474
3005	2576
3005	2585
3005	2594
3005	2625
3005	2654
3005	2700
3005	3024
3005	3030
3005	3260
3005	3265
3005	3319
3005	3435
3005	3529
3005	3562
3005	3580
3005	4021
3006	290
3006	762
3006	856
3006	1267
3006	1291
3006	1792
3006	1814
3006	2225
3006	2256
3006	2323
3006	2325
3006	2356
3006	2371
3006	2594
3006	2617
3006	2654
3006	2662
3006	2707
3006	2721
3006	2856
3006	2968
3006	2991
3006	2999
3006	3020
3006	3021
3006	3029
3006	3030
3006	3050
3006	3068
3006	3338
3006	3351
3010	465
3010	608
3010	825
3010	974
3010	1166
3010	1291
3010	1297
3010	1307
3010	1549
3010	1633
3010	1706
3010	1734
3010	1744
3010	1754
3010	1799
3010	1915
3010	1990
3010	2135
3010	2160
3010	2209
3010	2251
3010	2252
3010	2257
3010	2297
3010	2324
3010	2325
3010	2326
3010	2356
3010	2411
3010	2485
3010	2510
3010	2544
3010	2565
3010	2597
3010	2653
3010	2654
3010	2657
3010	2660
3010	2667
3010	2674
3010	2693
3010	2697
3010	2707
3010	2721
3010	2727
3010	2747
3010	2799
3010	2815
3010	2973
3010	2974
3010	2999
3010	3005
3010	3007
3010	3009
3010	3024
3010	3026
3010	3028
3010	3030
3010	3033
3010	3059
3010	3084
3010	3089
3010	3103
3010	3114
3010	3117
3010	3148
3010	3173
3010	3251
3010	3265
3010	3307
3010	3338
3010	3351
3010	3352
3010	3371
3010	3404
3010	3408
3010	3435
3010	3473
3010	3480
3010	3483
3010	3520
3010	3529
3010	3537
3010	3549
3010	3557
3010	3580
3010	3587
3010	3609
3010	3629
3010	3650
3010	3670
3010	3680
3010	3717
3010	3769
3010	3772
3010	3776
3010	3807
3010	3847
3010	3871
3010	3887
3010	3892
3010	3903
3010	3937
3010	4400
3010	4712
3010	4764
3010	5022
3010	5072
3010	5130
3010	5222
3010	5412
3010	5445
3010	5449
3010	5596
3010	5780
3010	5829
3010	5871
3010	6347
3010	6441
3010	6770
3010	6783
3010	8293
3010	8294
3011	2815
3012	2999
3013	2999
2707	290
2707	825
2707	856
2707	1239
2707	1357
2707	1385
2707	1437
2707	1473
2707	1549
2707	1633
2707	1679
2707	1733
2707	1814
2707	1919
2707	2066
2707	2225
2707	2237
2707	2251
2707	2289
2707	2325
2707	2328
2707	2338
2707	2356
2707	2364
2707	2384
2707	2398
2707	2474
2707	2516
2707	2535
2707	2565
2707	2593
2707	2594
2707	2617
2707	2619
2707	2625
2707	2646
2707	2653
2707	2662
2707	2787
2707	2856
2707	2912
2707	2958
2707	2981
2707	3002
2707	3015
2707	3020
2707	3024
2707	3033
2707	3034
2707	3073
2707	3130
2707	3144
2707	3180
2707	3258
2707	3284
2707	3351
2707	3408
2707	3439
2707	3455
2707	3516
2707	3537
2707	3568
2707	3645
2707	3650
2707	3970
2707	3973
2707	4037
2707	4043
2707	4055
2707	4088
2707	4110
2707	4117
2707	4124
2707	4179
2707	4189
2707	4289
2707	4297
2707	4335
2707	4338
2707	4365
2707	4417
2707	4422
2707	4463
2707	4534
2707	4899
2707	5055
2707	5073
2707	5226
2707	5404
2707	5432
2707	5445
2707	5459
2707	5582
2707	5637
2707	5705
2707	5721
2707	5737
2707	5775
2707	6784
2707	6913
2707	6976
2707	7301
2707	7647
3015	1473
3015	1733
3015	2001
3015	2258
3015	2328
3015	2398
3015	2707
3015	3020
3015	3274
3015	3498
3015	4037
3015	4335
3015	4338
3015	4534
3015	4536
3015	4797
3015	4828
3015	4899
3015	4980
3015	5226
3015	5263
3015	5439
3015	5445
3015	5459
3015	5524
3015	5630
3015	5638
3015	5732
3015	5756
3015	5775
3015	5780
3015	5814
3015	5830
3015	5844
3015	5926
3015	5931
3015	5947
3015	5972
3015	6010
3015	6481
3015	6594
3015	6723
3015	6784
3015	6869
3016	2657
3016	2707
3017	1291
3017	2256
3017	2707
3018	1357
3018	1754
3018	1919
3018	2256
3018	2565
3018	2623
3018	2653
3018	2707
3018	2973
3018	3034
3018	3084
3018	3099
3018	3140
3018	3371
3018	3408
3018	3537
3018	3557
3018	3680
3018	3806
3019	2707
3020	633
3020	856
3020	1267
3020	1357
3020	1393
3020	1416
3020	1633
3020	1679
3020	1734
3020	1754
3020	1781
3020	1792
3020	1814
3020	2116
3020	2135
3020	2225
3020	2231
3020	2325
3020	2328
3020	2356
3020	2371
3020	2474
3020	2576
3020	2593
3020	2594
3020	2623
3020	2625
3020	2651
3020	2697
3020	2700
3020	2707
3020	2713
3020	2830
3020	2856
3020	2900
3020	2912
3020	2951
3020	3021
3020	3030
3020	3089
3020	3099
3020	3130
3020	3243
3020	3251
3020	3253
3020	3265
3020	3338
3020	3363
3020	3371
3020	3376
3020	3516
3020	8293
3021	285
3021	1473
3021	2325
3021	2707
3021	4071
3021	6481
3021	7890
3022	2707
3024	633
3024	1166
3024	1291
3024	1297
3024	1307
3024	1453
3024	1754
3024	2066
3024	2135
3024	2225
3024	2231
3024	2307
3024	2411
3024	2485
3024	2510
3024	2542
3024	2585
3024	2594
3024	2625
3024	2651
3024	2653
3024	2660
3024	2667
3024	2746
3024	2747
3024	2900
3024	2923
3024	2958
3024	2973
3024	3005
3024	3029
3024	3109
3024	3114
3024	3117
3024	3253
3024	3265
3024	3284
3024	3307
3024	3351
3024	3408
3024	3562
3024	3580
3024	3650
3024	3748
3024	3898
3024	4173
3024	4256
3024	4578
3024	4735
3024	5697
3024	5817
3024	6599
3025	290
3025	1919
3025	2237
3025	2721
3026	72
3026	290
3026	608
3026	737
3026	825
3026	856
3026	974
3026	1157
3026	1247
3026	1297
3026	1307
3026	1357
3026	1385
3026	1437
3026	1548
3026	1633
3026	1688
3026	1706
3026	1729
3026	1754
3026	1792
3026	1799
3026	1814
3026	1919
3026	2016
3026	2066
3026	2134
3026	2135
3026	2145
3026	2209
3026	2225
3026	2237
3026	2251
3026	2252
3026	2307
3026	2324
3026	2328
3026	2338
3026	2354
3026	2371
3026	2384
3026	2411
3026	2485
3026	2508
3026	2510
3026	2516
3026	2535
3026	2544
3026	2550
3026	2565
3026	2592
3026	2595
3026	2625
3026	2651
3026	2653
3026	2654
3026	2660
3026	2667
3026	2674
3026	2686
3026	2693
3026	2696
3026	2697
3026	2700
3026	2721
3026	2747
3026	2760
3026	2775
3026	2819
3026	2859
3026	2871
3026	2932
3026	2958
3026	2973
3026	3007
3026	3014
3026	3024
3026	3027
3026	3028
3026	3029
3026	3033
3026	3050
3026	3059
3026	3073
3026	3084
3026	3092
3026	3103
3026	3106
3026	3117
3026	3144
3026	3148
3026	3173
3026	3180
3026	3192
3026	3200
3026	3258
3026	3260
3026	3265
3026	3276
3026	3313
3026	3324
3026	3352
3026	3404
3026	3443
3026	3452
3026	3454
3026	3456
3026	3480
3026	3529
3026	3537
3026	3548
3026	3562
3026	3568
3026	3587
3026	3607
3026	3615
3026	3635
3026	3643
3026	3645
3026	3650
3026	3680
3026	3720
3026	3724
3026	3748
3026	3813
3026	3843
3026	3847
3026	3854
3026	3875
3026	3892
3026	3897
3026	3903
3026	3910
3026	4011
3026	4024
3026	4031
3026	4043
3026	4051
3026	4124
3026	4162
3026	4181
3026	4183
3026	4189
3026	4191
3026	4201
3026	4234
3026	4256
3026	4261
3026	4323
3026	4335
3026	4349
3026	4384
3026	4448
3026	4453
3026	4480
3026	4510
3026	4531
3026	4536
3026	4547
3026	4578
3026	4587
3026	4600
3026	4706
3026	4712
3026	4827
3026	4962
3026	4983
3026	4999
3026	5026
3026	5055
3026	5123
3026	5130
3026	5412
3026	5452
3026	8293
3029	3027
3029	5179
3027	15
3027	737
3027	1310
3027	1549
3027	2456
3027	2576
3027	2774
3027	2831
3027	3029
3027	3089
3027	3456
3027	3922
3027	3976
3027	4247
3027	4310
3027	4335
3027	4536
3027	4574
3027	4712
3027	4781
3027	4808
3027	5079
3027	5178
3027	5210
3027	5457
3027	5697
3027	5863
3027	5871
3027	6044
3027	6124
3027	6441
3027	6458
3027	6498
3027	6554
3027	6576
3027	6600
3027	6948
3027	7450
3027	7478
3028	72
3028	417
3028	465
3028	525
3028	608
3028	737
3028	762
3028	825
3028	978
3028	1024
3028	1166
3028	1393
3028	1633
3028	1679
3028	1814
3028	1961
3028	2145
3028	2209
3028	2210
3028	2231
3028	2237
3028	2252
3028	2256
3028	2257
3028	2297
3028	2326
3028	2328
3028	2371
3028	2398
3028	2426
3028	2485
3028	2510
3028	2535
3028	2550
3028	2576
3028	2585
3028	2619
3028	2623
3028	2625
3028	2651
3028	2653
3028	2654
3028	2657
3028	2660
3028	2674
3028	2686
3028	2687
3028	2693
3028	2799
3028	2859
3028	2871
3028	2923
3028	2958
3028	2974
3028	3007
3028	3009
3028	3026
3028	3029
3028	3084
3028	3089
3028	3130
3028	3251
3028	3258
3028	3265
3028	3271
3028	3285
3028	3319
3028	3351
3028	3352
3028	3439
3028	3454
3028	3456
3028	3473
3028	3480
3028	3529
3028	3557
3028	3567
3028	3568
3028	3576
3028	3580
3028	3614
3028	3616
3028	3629
3028	3634
3028	3635
3028	3650
3028	3661
3028	3670
3028	3776
3028	3785
3028	3880
3028	3892
3028	3897
3028	3898
3028	3903
3028	3914
3028	3922
3028	3956
3028	3974
3028	4011
3028	4078
3028	4099
3028	4124
3028	4138
3028	4189
3028	4191
3028	4201
3028	4216
3028	4218
3028	4220
3028	4231
3028	4256
3028	4297
3028	4310
3028	4331
3028	4335
3028	4384
3028	4385
3028	4403
3028	4468
3028	4485
3028	4507
3028	4510
3028	4529
3028	4550
3028	4551
3028	4552
3028	4557
3028	4578
3028	4584
3028	4631
3028	4639
3028	4648
3028	4650
3028	4677
3028	4678
3028	4684
3028	4715
3028	4777
3028	4778
3028	4779
3028	4780
3028	4783
3028	4822
3028	4828
3028	4831
3028	4875
3028	4887
3028	4962
3028	4964
3028	4983
3028	4987
3028	4999
3028	5043
3028	5083
3028	5146
3028	5267
3028	5350
3028	5412
3028	5415
3028	5442
3028	5459
3028	5467
3028	5638
3028	5697
3028	5738
3028	5928
3028	5936
3028	6009
3028	6098
3028	6130
3028	6261
3028	6302
3028	6306
3028	6311
3028	6321
3028	6340
3028	6376
3028	6409
3028	6427
3028	6462
3028	6474
3028	6475
3028	6529
3028	6668
3028	6670
3028	6685
3028	6686
3028	8294
3031	204
3031	417
3031	974
3031	1166
3031	1267
3031	1297
3031	1571
3031	1633
3031	1734
3031	1754
3031	2016
3031	2206
3031	2231
3031	2371
3031	2398
3031	2485
3031	2542
3031	2565
3031	2576
3031	2594
3031	2625
3031	2651
3031	2653
3031	2654
3031	2657
3031	2660
3031	2662
3031	2693
3031	2697
3031	2900
3031	2912
3031	2918
3031	3005
3031	3018
3031	3130
3031	3145
3031	3150
3031	3173
3031	3200
3031	3265
3031	3351
3031	3408
3031	3435
3031	3439
3031	3516
3031	3537
3031	3567
3031	3580
3031	3803
3031	3847
3032	15
3032	72
3032	737
3032	762
3032	856
3032	967
3032	978
3032	1140
3032	1157
3032	1166
3032	1239
3032	1297
3032	1385
3032	1453
3032	1680
3032	1744
3032	1777
3032	1792
3032	1799
3032	1823
3032	1915
3032	2066
3032	2134
3032	2135
3032	2252
3032	2257
3032	2285
3032	2289
3032	2290
3032	2326
3032	2328
3032	2354
3032	2398
3032	2411
3032	2485
3032	2508
3032	2516
3032	2550
3032	2565
3032	2576
3032	2585
3032	2592
3032	2594
3032	2651
3032	2657
3032	2662
3032	2674
3032	2687
3032	2713
3032	2724
3032	2747
3032	2754
3032	2775
3032	2790
3032	2811
3032	2859
3032	2900
3032	2912
3032	2923
3032	3005
3032	3020
3032	3026
3032	3027
3032	3089
3032	3106
3032	3140
3032	3145
3032	3173
3032	3180
3032	3192
3032	3200
3032	3238
3032	3276
3032	3291
3032	3297
3032	3301
3032	3346
3032	3352
3032	3393
3032	3394
3032	3439
3032	3452
3032	3453
3032	3454
3032	3455
3032	3456
3032	3458
3032	3516
3032	3520
3032	3541
3032	3557
3032	3567
3032	3568
3032	3587
3032	3615
3032	3635
3032	3645
3032	3670
3032	3681
3032	3724
3032	3787
3032	3803
3032	3813
3032	3843
3032	3871
3032	3885
3032	3887
3032	3897
3032	3910
3032	3926
3032	3937
3032	3946
3032	3958
3032	4013
3032	4065
3032	4138
3032	4179
3032	4191
3032	4233
3032	4247
3032	4266
3032	4269
3032	4289
3032	4290
3032	4297
3032	4298
3032	4299
3032	4323
3032	4373
3032	4384
3032	4386
3032	4402
3032	4417
3032	4424
3032	4432
3032	4453
3032	4463
3032	4466
3032	4471
3032	4483
3032	4510
3032	4528
3032	4530
3032	4536
3032	4588
3032	4653
3032	4661
3032	4666
3032	4712
3032	4717
3032	4780
3032	4791
3032	4795
3032	4846
3032	4953
3032	4981
3032	5020
3032	5022
3032	5178
3032	5254
3032	5262
3032	5323
3032	5327
3032	5335
3032	5426
3032	5430
3032	5449
3032	5452
3032	5524
3032	5529
3032	5626
3032	5650
3032	5651
3032	5697
3032	5776
3032	5799
3032	5822
3032	5828
3032	5863
3032	5922
3032	5932
3032	6001
3032	6148
3032	6151
3032	6156
3032	6170
3032	6218
3032	6251
3032	6272
3032	6334
3032	6337
3032	6347
3032	6388
3032	6432
3032	6437
3032	6501
3032	6566
3032	6599
3032	6600
3032	6737
3032	6759
3032	6770
3032	6774
3032	6784
3032	6833
3032	6897
3032	6918
3032	7054
3032	7120
3032	7378
3032	7478
3032	7574
3032	7587
3032	7620
3032	8083
3032	8297
3033	204
3033	417
3033	762
3033	1166
3033	1357
3033	1393
3033	1571
3033	1734
3033	1781
3033	2016
3033	2135
3033	2251
3033	2289
3033	2290
3033	2297
3033	2328
3033	2371
3033	2474
3033	2485
3033	2550
3033	2593
3033	2653
3033	2654
3033	2657
3033	2674
3033	2693
3033	2697
3033	2819
3033	2830
3033	2856
3033	2859
3033	2912
3033	2958
3033	3024
3033	3026
3033	3059
3033	3089
3033	3150
3033	3164
3033	3443
3033	3568
3033	3580
3033	3650
3033	4510
3033	4735
3034	762
3034	978
3034	1157
3034	1297
3034	1360
3034	2145
3034	2231
3034	2237
3034	2328
3034	2398
3034	2440
3034	2625
3034	2871
3034	2912
3034	3005
3034	3014
3034	3089
3034	3092
3034	3106
3034	3309
3034	3321
3034	3443
3034	3568
3034	3615
3034	3661
3034	3724
3034	4037
3034	4124
3034	4212
3034	4453
3034	4463
3034	4510
3034	4528
3034	4531
3034	4735
3034	5100
3034	5412
3034	5790
3035	1352
3035	1385
3035	2237
3035	2912
3035	3417
3035	3830
3035	3871
3035	4600
3035	5162
3035	5200
3035	5222
3035	5412
3035	5482
2713	204
2713	285
2713	417
2713	465
2713	825
2713	827
2713	978
2713	1100
2713	1157
2713	1166
2713	1239
2713	1297
2713	1307
2713	1385
2713	1453
2713	1549
2713	1571
2713	1633
2713	1679
2713	1706
2713	1729
2713	1777
2713	1990
2713	2016
2713	2066
2713	2134
2713	2144
2713	2209
2713	2210
2713	2252
2713	2257
2713	2289
2713	2290
2713	2297
2713	2307
2713	2324
2713	2325
2713	2328
2713	2338
2713	2356
2713	2384
2713	2398
2713	2411
2713	2416
2713	2474
2713	2485
2713	2506
2713	2508
2713	2510
2713	2516
2713	2535
2713	2542
2713	2544
2713	2565
2713	2576
2713	2585
2713	2594
2713	2595
2713	2597
2713	2612
2713	2619
2713	2623
2713	2625
2713	2646
2713	2651
2713	2653
2713	2654
2713	2655
2713	2657
2713	2660
2713	2667
2713	2674
2713	2693
2713	2746
2713	2747
2713	2754
2713	2799
2713	2819
2713	2859
2713	2912
2713	2918
2713	2932
2713	2958
2713	2973
2713	2974
2713	2981
2713	3005
2713	3007
2713	3009
2713	3021
2713	3024
2713	3026
2713	3028
2713	3030
2713	3059
2713	3084
2713	3117
2713	3125
2713	3144
2713	3148
2713	3173
2713	3180
2713	3192
2713	3258
2713	3260
2713	3265
2713	3276
2713	3291
2713	3307
2713	3338
2713	3351
2713	3352
2713	3371
2713	3394
2713	3404
2713	3408
2713	3439
2713	3480
2713	3483
2713	3506
2713	3516
2713	3520
2713	3529
2713	3548
2713	3557
2713	3562
2713	3568
2713	3576
2713	3580
2713	3587
2713	3615
2713	3629
2713	3645
2713	3646
2713	3650
2713	3660
2713	3661
2713	3670
2713	3717
2713	3720
2713	3787
2713	3800
2713	3812
2713	3813
2713	3843
2713	3871
2713	3887
2713	3892
2713	3898
2713	3903
2713	3926
2713	3937
2713	3946
2713	3970
2713	3971
2713	3973
2713	3980
2713	4011
2713	4013
2713	4021
2713	4043
2713	4051
2713	4055
2713	4088
2713	4138
2713	4162
2713	4171
2713	4173
2713	4179
2713	4181
2713	4191
2713	4199
2713	4201
2713	4233
2713	4234
2713	4247
2713	4256
2713	4263
2713	4269
2713	4289
2713	4297
2713	4299
2713	4323
2713	4349
2713	4365
2713	4373
2713	4384
2713	4402
2713	4412
2713	4417
2713	4422
2713	4424
2713	4453
2713	4463
2713	4485
2713	4510
2713	5721
2713	5732
2713	8293
2713	8294
3037	1166
3037	2256
3037	2651
3037	2991
3037	3021
3037	3089
3037	3580
3038	2256
3039	1297
3039	1633
3039	2256
3039	2328
3039	2398
3039	2585
3039	2594
3039	2625
3039	2651
3039	2660
3039	2958
3039	3005
3039	3130
3039	3260
3040	762
3040	1498
3040	2256
3040	3021
3040	3576
3040	3970
3040	4689
3041	15
3041	1416
3041	2256
3041	2371
3041	2440
3041	2542
3041	2576
3041	2594
3041	2697
3041	3030
3041	3140
3041	3150
3041	4098
3041	4483
3042	2256
3043	2256
3044	2256
3044	2474
3044	2900
3044	3117
3044	3265
3044	3516
3048	3050
3049	2593
3049	2617
3049	3033
3049	3034
3049	3050
3049	3099
3046	1633
3046	2251
3046	2411
3046	2724
3046	2923
3046	3018
3046	3050
3046	3489
3046	3646
3046	8293
3056	1393
3056	1493
3056	1571
3056	1744
3056	1919
3056	2114
3056	2144
3056	2209
3056	2251
3056	2290
3056	2411
3056	2416
3056	2485
3056	2593
3056	2594
3056	2623
3056	2625
3056	2653
3056	2657
3056	2667
3056	2687
3056	2819
3056	2973
3056	3002
3056	3009
3056	3033
3056	3034
3056	3099
3056	3104
3056	3148
3056	3265
3056	3307
3056	3338
3056	3404
3056	3460
3056	3516
3056	3520
3056	3548
3056	3567
3056	3587
3056	3803
3056	3958
3056	5045
3056	6595
3051	3056
3052	3056
3053	204
3053	1297
3053	1633
3053	2474
3053	2651
3053	2653
3053	3056
3053	3117
3053	3516
3054	3056
3055	465
3055	608
3055	1297
3055	1549
3055	1633
3055	1754
3055	2114
3055	2209
3055	2231
3055	2257
3055	2585
3055	2619
3055	2651
3055	2653
3055	2654
3055	2667
3055	2674
3055	2693
3055	2746
3055	2799
3055	2900
3055	3005
3055	3009
3055	3010
3055	3024
3055	3026
3055	3028
3055	3034
3055	3056
3055	3059
3055	3148
3055	3180
3055	3243
3055	3251
3055	3253
3055	3258
3055	3320
3055	3446
3055	3473
3055	3480
3055	3489
3055	3587
3055	3629
3055	3650
3055	3812
3055	3888
3055	3903
3055	3937
3055	3942
3055	3967
3055	3971
3055	8293
3057	608
3057	840
3057	1166
3057	1357
3057	1473
3057	1571
3057	1990
3057	2016
3057	2516
3057	2653
3057	2747
3057	2790
3057	2822
3057	3007
3057	3024
3057	3106
3057	3148
3057	3173
3057	3276
3057	3352
3057	3443
3057	3456
3057	3587
3057	3787
3057	3969
3057	4071
3057	4110
3057	4124
3057	4247
3057	4261
3057	4266
3057	4587
3057	4600
3057	4706
3057	4709
3057	5055
3057	5775
3057	6780
3057	6833
3057	6979
3057	7073
3057	7092
3057	7301
3057	7649
3057	7833
3057	7890
3057	7979
3057	8174
3059	1437
3059	1453
3059	1734
3059	1754
3059	1837
3059	1919
3059	2016
3059	2237
3059	2251
3059	2328
3059	2371
3059	2474
3059	2485
3059	2506
3059	2593
3059	2625
3059	2651
3059	2653
3059	2696
3059	2697
3059	3026
3059	3033
3059	3173
3059	3192
3059	3265
3059	3537
3059	3748
3059	3854
3059	4124
3059	4256
3059	5026
3059	6347
3047	1781
3047	1792
3047	1919
3047	2251
3047	2411
3047	2991
3047	3033
3047	3034
3047	3068
3047	3099
3047	3117
3047	8293
3060	1919
3060	2014
3060	2251
3060	3033
2356	465
2356	825
2356	974
2356	1166
2356	1706
2356	1734
2356	2114
2356	2134
2356	2210
2356	2289
2356	2324
2356	2328
2356	2510
2356	2544
2356	2565
2356	2585
2356	2594
2356	2595
2356	2654
2356	2655
2356	2657
2356	2662
2356	2693
2356	2727
2356	2746
2356	2923
2356	2932
2356	2958
2356	2973
2356	3005
2356	3007
2356	3024
2356	3026
2356	3028
2356	3033
2356	3084
2356	3117
2356	3140
2356	3258
2356	3352
2356	3454
2356	3615
2356	3650
2356	3800
2356	3843
2356	3887
2356	3892
2356	3903
2356	3926
2356	3937
2356	4011
2356	4021
2356	4043
2356	4179
2356	4269
2356	4290
2356	4528
3061	3033
3061	3164
3062	633
3062	762
3062	856
3062	1267
3062	1393
3062	1416
3062	1437
3062	1734
3062	1754
3062	1781
3062	1792
3062	1814
3062	1919
3062	2116
3062	2135
3062	2225
3062	2231
3062	2371
3062	2474
3062	2485
3062	2593
3062	2651
3062	2654
3062	2662
3062	2697
3062	2713
3062	2724
3062	2830
3062	2856
3062	2900
3062	2951
3062	3033
3062	3089
3062	3126
3062	3140
3062	3150
3062	3155
3062	3235
3062	3243
3062	3251
3062	3253
3062	3258
2976	1777
2976	2617
2976	2974
2976	3463
2976	3541
2976	3888
2976	4037
3066	290
3070	2991
3070	3164
3071	2251
3072	1357
3072	1393
3072	1416
3072	1754
3072	1781
3072	1792
3072	1919
3072	2135
3072	2251
3072	2325
3072	2356
3072	2371
3072	2550
3072	2597
3072	2623
3072	2625
3072	2654
3072	2662
3072	2697
3072	2724
3072	2727
3072	2856
3072	3117
3072	4712
3072	8293
3073	1310
3073	1498
3073	2066
3073	2251
3073	2364
3073	2485
3073	2506
3073	2510
3073	2594
3073	2625
3073	2651
3073	2657
3073	2660
3073	2819
3073	2981
3073	3002
3073	3021
3073	3034
3073	3130
3073	3456
3073	3726
3073	3892
3073	3969
3073	4043
3073	4706
3073	4796
3073	4820
3073	4827
3073	5412
3073	5897
3073	6907
3073	6918
3073	7290
3073	7632
3074	2251
3075	1754
3075	2251
3076	2251
3077	1919
3077	2411
3077	3034
3077	3099
3078	2411
3063	3082
3063	3807
3063	7735
3081	1157
3081	1633
3081	1754
3081	1919
3081	2066
3081	2135
3081	2565
3081	2593
3081	2594
3081	2625
3081	2724
3081	2958
3081	3082
3081	3117
3081	3480
3081	3516
3081	3607
3081	4191
3081	4777
3081	5936
3083	2593
3083	3034
3084	465
3084	1297
3084	1777
3084	1915
3084	1935
3084	2114
3084	2160
3084	2210
3084	2398
3084	2411
3084	2485
3084	2585
3084	2593
3084	2657
3084	2727
3084	2746
3084	2790
3084	3005
3084	3026
3084	3059
3084	3089
3084	3117
3084	3334
3084	3352
3084	3381
3084	3404
3084	3480
3084	3537
3084	3555
3084	3557
3084	3562
3084	3568
3084	3646
3084	3680
3084	3717
3084	3720
3084	3752
3084	3776
3084	3803
3084	3807
3084	3847
3084	3892
3084	3903
3084	4735
3084	5079
3084	5254
3084	5818
3084	6043
3084	6560
3084	6833
3084	6869
3084	6980
3084	7277
3084	7280
3084	7443
3084	7620
3084	7649
3084	7788
3084	7803
3084	7809
3084	8293
3084	8294
3085	3034
3086	2775
3086	3034
3086	3099
3086	3458
3086	3607
3086	4191
3086	4338
3086	5026
3087	2016
3087	2354
3087	2371
3087	2696
3087	2697
3087	3034
3087	3089
3087	3748
3088	15
3088	737
3088	1026
3088	1100
3088	1157
3088	1297
3088	2066
3088	2225
3088	2237
3088	2398
3088	2506
3088	2508
3088	2923
3088	3005
3088	3007
3088	3034
3088	3089
3088	4037
3088	4432
3088	4687
3088	5064
3088	5254
3088	5285
3088	5452
3088	5738
3088	6156
3088	6407
3088	6634
3088	6699
3088	7389
3088	7810
3088	7879
3088	8124
3088	8174
3088	8192
3088	8198
3088	8237
3089	1437
3089	1754
3089	2625
3089	3034
3090	2371
3090	2485
3090	2727
3090	2871
3090	3034
3090	3456
3090	4201
3090	4341
3090	4717
3090	5335
3090	6530
3090	6784
3091	3034
3092	633
3092	737
3092	1024
3092	1769
3092	1814
3092	2135
3092	2225
3092	2369
3092	2433
3092	2576
3092	2625
3092	2654
3092	2689
3092	2697
3092	2700
3092	2713
3092	2765
3092	2831
3092	3027
3092	3034
3092	3251
3092	3258
3092	3456
3092	3726
3092	3796
3092	3910
3092	4037
3092	4099
3092	4124
3092	4191
3092	4201
3092	4276
3092	4315
3092	4400
3092	4448
3092	4468
3092	4534
3092	4536
3092	4587
3092	4712
3092	4715
3092	4781
3092	4795
3092	4875
3092	4884
3092	4962
3092	5123
3092	5144
3092	5176
3092	5178
3092	5226
3092	5239
3092	5245
3092	5246
3092	5263
3092	5309
3092	5412
3092	5457
3092	5459
3092	5465
3092	5484
3092	5506
3092	5705
3092	5714
3092	5775
3092	5817
3092	5928
3092	5931
3092	5963
3092	6306
3092	6600
3092	6774
3092	7092
3092	7146
3092	7168
3092	7699
3092	7855
3092	8134
3092	8141
3092	8295
3092	8296
3093	3099
3094	1549
3094	3089
3094	3099
3094	3537
3094	4600
3097	3099
3098	633
3098	762
3098	1393
3098	1416
3098	1679
3098	1754
3098	1781
3098	1814
3098	2116
3098	2135
3098	2225
3098	2231
3098	2371
3098	2625
3098	2651
3098	2654
3098	2662
3098	2697
3098	2700
3098	2713
3098	2724
3098	2856
3098	2900
3098	2951
3098	3020
3098	3089
3098	3099
3098	3126
3098	3140
3098	3145
3098	3150
3098	3164
3098	3243
3098	3251
3098	3253
3098	3265
3098	3285
3095	285
3095	633
3095	856
3095	1267
3095	1357
3095	1393
3095	1437
3095	1679
3095	1734
3095	1754
3095	1781
3095	1814
3095	1837
3095	2116
3095	2135
3095	2225
3095	2231
3095	2371
3095	2565
3095	2625
3095	2713
3095	2724
3095	2830
3095	2900
3095	2951
3095	3018
3095	3099
3095	3126
3095	3140
3095	3243
3095	3251
3095	3253
3095	3285
3095	3307
3095	3371
3095	3376
3095	3410
3096	2542
3096	2697
3096	3099
3101	1919
3101	2072
3102	3104
3103	1688
3103	2822
3103	3104
3103	4485
3103	4552
3106	1357
3106	1403
3106	4709
3106	6458
3106	7108
3107	1357
3107	1453
3107	2210
3107	2297
3107	2485
3107	2535
3107	2653
3107	2932
3107	3660
3107	4365
2842	204
2842	285
2842	417
2842	825
2842	978
2842	1157
2842	1166
2842	1357
2842	1385
2842	1453
2842	1549
2842	1571
2842	1633
2842	1679
2842	1744
2842	1754
2842	1919
2842	1990
2842	2016
2842	2066
2842	2135
2842	2144
2842	2209
2842	2231
2842	2252
2842	2290
2842	2297
2842	2324
2842	2328
2842	2356
2842	2398
2842	2416
2842	2474
2842	2485
2842	2508
2842	2510
2842	2542
2842	2565
2842	2576
2842	2594
2842	2597
2842	2619
2842	2623
2842	2625
2842	2646
2842	2651
2842	2653
2842	2654
2842	2660
2842	2667
2842	2674
2842	2687
2842	2693
2842	2700
2842	2746
2842	2747
2842	2799
2842	2819
2842	2830
2842	2859
2842	2923
2842	2951
2842	2958
2842	2973
2842	3005
2842	3009
2842	3010
2842	3020
2842	3024
2842	3028
2842	3114
2842	3117
2842	3148
2842	3192
2842	3193
2842	3253
2842	3258
2842	3260
2842	3265
2842	3276
2842	3291
2842	3320
2842	3346
2842	3351
2842	3394
2842	3408
2842	3410
2842	3429
2842	3435
2842	3439
2842	3473
2842	3486
2842	3489
2842	3506
2842	3520
2842	3538
2842	3580
2842	3587
2842	3617
2842	3645
2842	3681
2842	3720
2842	3737
2842	3800
2842	3812
2842	3908
2842	3937
2842	3939
2842	3970
2842	4011
2842	4021
2842	4138
2842	4173
2842	4179
2842	4191
2842	4234
2842	4256
2842	4269
2842	4349
2842	4384
2842	4453
2842	4485
2842	8293
2842	8294
3108	1267
3108	1357
3108	1416
3108	2016
3108	2237
3108	2654
3108	2697
3108	4485
3109	737
3109	1734
3109	4040
3109	4219
3109	4400
3109	4401
3109	4402
3109	4584
3109	8227
3110	1297
3110	1734
3110	2328
3110	2369
3110	2381
3110	2594
3110	3028
3110	3103
3110	3117
3110	3352
3110	3439
3110	3615
3110	3635
3110	3800
3110	3897
3110	3903
3110	4587
3110	4645
3110	5130
3110	5459
3110	5743
3111	1734
3112	3117
3113	3117
2003	762
2003	938
2003	1267
2003	1297
2003	1633
2003	1679
2003	1814
2003	2231
2003	2307
2003	2325
2003	2338
2003	2411
2003	2508
2003	2516
2003	2565
2003	2623
2003	2625
2003	2651
2003	2657
2003	2727
2003	2775
2003	2923
2003	2973
2003	3007
2003	3018
2003	3026
2003	3084
2003	3092
2003	3117
2003	3243
2003	3253
2003	3265
2003	3276
2003	3324
2003	3352
2003	3371
2003	3408
2003	3480
2003	3607
2003	3681
2003	3849
2003	3892
2003	3926
2003	4037
2003	4531
2003	4828
2003	5022
2003	5144
2003	5605
2003	5801
2003	5819
2003	6044
2003	6097
2003	6634
2003	6918
2003	7233
2003	7279
2003	7301
2003	7440
2003	7620
2003	7860
2003	8192
2003	8209
3114	3117
3115	2565
3115	2576
3115	3117
3115	3291
3115	4037
3118	1919
3118	2830
3119	2625
3119	2830
3119	3408
3120	285
3120	2474
3120	2594
3120	2687
3120	2830
3120	3324
3120	3520
3120	3807
3123	1679
3123	3020
3123	3130
3124	2625
3124	3130
3125	856
3125	1792
3125	1814
3125	2325
3125	2485
3125	2576
3125	2594
3125	2625
3125	2651
3125	2657
3125	2687
3125	2747
3125	3005
3125	3130
3125	3253
3125	3265
3126	3130
3127	465
3127	2411
3127	2576
3127	2585
3127	2625
3127	2657
3127	2674
3127	2693
3127	3028
3127	3130
3127	3541
3127	3557
3127	3646
3127	3701
3127	3903
3128	3130
3129	2625
3129	3130
3131	3136
3132	3136
3132	3164
3132	5254
3135	3136
3133	3136
3134	3136
3137	3138
3137	3140
3137	3454
3137	4578
3140	3201
3140	4011
3143	2900
3142	1744
3142	1982
3142	2592
3142	2654
3142	2658
3142	2900
3142	3005
3142	3293
3142	3433
3142	3681
3142	4335
3142	4432
3142	4940
3142	4964
3142	5141
3142	5210
3142	5378
3142	5738
3142	5812
3142	5925
3142	6618
3142	6634
3142	6737
3142	6759
3142	6875
3142	6918
3142	6946
3142	7389
3142	7391
3142	7553
3142	7620
3142	7791
3142	7810
3142	7928
3142	7992
3142	7996
3142	8042
3142	8051
3142	8124
3142	8134
3142	8178
3142	8192
3142	8198
3142	8209
3142	8212
3142	8219
3142	8237
3142	8249
3142	8293
3144	204
3144	778
3144	1157
3144	1166
3144	1453
3144	1633
3144	1679
3144	1688
3144	1729
3144	1777
3144	1792
3144	1837
3144	2016
3144	2209
3144	2237
3144	2290
3144	2307
3144	2324
3144	2338
3144	2356
3144	2371
3144	2456
3144	2485
3144	2508
3144	2510
3144	2535
3144	2594
3144	2619
3144	2625
3144	2654
3144	2657
3144	2660
3144	2686
3144	2693
3144	2700
3144	2713
3144	2819
3144	2856
3144	2871
3144	2900
3144	2923
3144	2973
3144	2974
3144	3014
3144	3018
3144	3021
3144	3026
3144	3028
3144	3059
3144	3106
3144	3148
3144	3193
3144	3235
3144	3243
3144	3251
3144	3265
3144	3338
3144	3351
3144	3352
3144	3404
3144	3408
3144	3439
3144	3443
3144	3446
3144	3454
3144	3473
3144	3480
3144	3483
3144	3486
3144	3529
3144	3557
3144	3567
3144	3568
3144	3650
3144	3660
3144	3661
3144	3670
3144	3680
3144	3681
3144	3812
3144	3926
3144	4021
3144	4040
3144	4212
3144	4261
3144	4373
3144	4531
3144	4578
3145	1688
3145	2145
3145	2240
3145	2328
3145	3034
3145	3089
3145	3125
3145	3140
3145	3309
3145	3352
3145	3443
3145	3958
3145	4263
3145	4297
3145	4299
3145	4735
3145	5233
3145	5790
3146	2697
3147	974
3147	2066
3147	2225
3147	2585
3147	2697
3147	4055
3148	204
3148	417
3148	1166
3148	1473
3148	1549
3148	1919
3148	1990
3148	2297
3148	2328
3148	2398
3148	2654
3148	2667
3148	2674
3148	2697
3148	2819
3148	3371
3148	3480
3148	3489
3148	3516
3148	3562
3148	3650
3148	4011
3148	4055
3148	4233
3148	4263
3148	4266
3150	15
3150	2066
3150	2651
3150	2654
3150	2774
3150	4098
3150	4099
3150	5043
3150	5828
3150	5980
3149	3150
3151	2724
3152	2724
3153	1781
3154	1781
3156	1416
3158	3164
3159	856
3159	2237
3159	2625
3159	2654
3159	3164
3159	3192
3159	3748
3159	4247
3159	8293
3160	15
3160	3164
3162	2654
3162	2662
3162	3164
3163	3164
3165	2550
3166	2550
3167	2550
3169	762
3168	72
3168	762
3168	825
3168	1185
3168	1307
3168	1453
3168	1777
3168	2129
3168	2289
3168	2328
3168	2398
3168	2508
3168	2576
3168	2625
3168	2646
3168	2653
3168	2654
3168	2655
3168	2760
3168	2859
3168	2958
3168	3007
3168	3020
3168	3117
3168	3180
3168	3192
3168	3260
3168	3291
3168	3309
3168	3334
3168	3346
3168	3352
3168	3394
3168	3439
3168	3463
3168	3516
3168	3557
3168	3562
3168	3568
3168	3615
3168	3631
3168	3650
3168	3720
3168	3787
3168	3806
3168	3812
3168	3843
3168	3897
3168	3926
3168	3937
3168	3946
3168	3956
3168	3958
3168	4013
3168	4021
3168	4088
3168	4103
3168	4110
3168	4179
3168	4191
3168	4254
3168	4290
3168	4323
3168	4365
3168	4384
3168	4386
3168	4424
3168	4463
3168	4510
3168	4613
3168	4666
3168	4735
3168	4811
3168	4820
3168	5412
3168	5454
3168	5790
3168	8293
3168	8294
3171	2657
3172	465
3172	1385
3172	2371
3172	2775
3172	3007
3172	3028
3172	3180
3172	3276
3172	3458
3172	3664
3172	3903
3172	4645
3172	4964
3173	2371
3173	2974
3173	3192
3173	3529
3173	3537
3173	4191
3173	4256
3174	2371
3175	827
3175	1453
3175	1549
3175	1777
3175	2257
3175	2371
3175	2411
3175	2485
3175	2508
3175	2565
3175	2595
3175	2619
3175	2653
3175	2657
3175	2696
3175	2727
3175	3024
3175	3026
3175	3059
3175	3260
3175	3461
3175	3483
3175	3529
3175	3537
3175	3541
3175	3847
3175	3892
3175	3903
3175	3926
3175	3937
3175	3967
3175	3970
3175	3973
3175	4021
3175	4529
3175	4653
3175	4666
3175	4827
3175	4831
3175	5026
3175	5423
3176	72
3176	2371
3176	3796
3176	5511
3176	6148
3176	6400
3180	285
3180	1267
3180	1633
3180	1744
3180	1990
3180	2225
3180	2290
3180	2297
3180	2324
3180	2328
3180	2510
3180	2542
3180	2654
3180	2660
3180	2746
3180	2856
3180	2958
3180	3489
3180	3506
3180	3516
3180	3529
3180	3537
3180	3670
3180	3812
3181	1799
3181	2654
3181	4600
3190	1548
3190	2354
3190	2398
3190	2654
3190	3084
3190	3192
3190	3352
3190	3408
3190	4276
3190	5254
3182	2654
3183	2651
3183	2654
3184	2654
3185	2654
3185	4124
3186	2654
3187	2654
3188	417
3188	1297
3188	1706
3188	2328
3188	2565
3188	2654
3188	2687
3188	3028
3188	3117
3188	3319
3188	3555
3188	3567
3188	3623
3188	3629
3188	3871
3188	4234
3188	4256
3188	4424
3188	4466
3188	4528
3189	204
3189	417
3189	1297
3189	1633
3189	2066
3189	2576
3189	2654
3189	3371
3189	3587
3189	4384
3192	608
3192	825
3192	827
3192	1305
3192	1307
3192	1453
3192	1729
3192	1837
3192	1990
3192	2016
3192	2072
3192	2210
3192	2297
3192	2325
3192	2485
3192	2510
3192	2585
3192	2594
3192	2653
3192	2655
3192	2660
3192	2687
3192	2693
3192	2696
3192	2831
3192	2871
3192	3024
3192	3026
3192	3059
3192	3092
3192	3258
3192	3404
3192	3439
3192	3454
3192	3461
3192	3489
3192	3537
3192	3615
3192	3650
3192	3717
3192	3748
3192	3843
3192	4011
3192	4021
3192	4124
3192	4173
3192	4179
3192	4189
3192	4256
3192	4600
3192	4646
3192	4820
3192	4983
3192	5026
3192	5452
3192	8294
3194	3195
3191	95
3191	737
3191	1247
3191	2277
3191	2354
3191	2398
3191	2822
3191	2831
3191	2856
3191	3002
3191	3027
3191	3103
3191	3274
3191	3393
3191	3417
3191	3456
3191	3460
3191	3691
3191	3897
3191	3910
3191	4098
3191	4099
3191	4191
3191	4219
3191	4247
3191	4315
3191	4400
3191	4530
3191	4587
3191	4600
3191	4666
3191	4712
3191	4824
3191	4846
3191	4964
3191	4977
3191	4986
3191	5073
3191	5226
3191	5233
3191	5288
3191	5321
3191	5323
3191	5335
3191	5341
3191	5387
3191	5392
3191	5412
3191	5415
3191	5430
3191	5449
3191	5459
3191	5463
3191	5465
3191	5484
3191	5539
3191	5545
3191	5568
3191	5592
3191	5635
3191	5637
3191	5640
3191	5651
3191	5683
3191	5693
3191	5737
3191	5743
3191	5775
3196	856
3196	1571
3196	1915
3196	2257
3196	2485
3196	2585
3196	2651
3196	2657
3196	2700
3196	2727
3196	2856
3196	2923
3196	3059
3196	3404
3196	3473
3196	3480
3196	3529
3196	3646
3196	3650
3196	3804
3196	3926
3196	3937
3197	1267
3197	2856
3197	3717
3197	4021
3198	2856
3199	825
3199	1267
3199	1729
3199	2135
3199	2237
3199	2338
3199	2485
3199	2612
3199	2856
3199	3028
3199	3253
3199	3307
3199	3926
3200	1024
3200	1990
3200	2114
3200	2411
3200	2565
3200	2856
3200	3114
3200	3615
3202	204
3202	2576
3202	2597
3202	2651
3202	2662
3202	2700
3202	3516
3202	4373
3203	2662
3204	2662
3206	1437
3207	1437
3208	2237
3208	2384
3208	3321
3208	3871
3208	4600
3208	4999
3209	856
3209	1267
3209	1385
3209	1679
3209	2225
3209	2237
3209	2290
3209	2576
3209	2625
3209	2657
3209	2660
3209	2689
3209	2700
3209	3005
3209	3235
3209	3319
3209	3351
3209	3447
3209	3473
3209	3489
3209	3520
3209	3691
3209	3804
3209	3976
3209	4124
3209	4315
3209	4338
3209	4482
3209	4587
3209	4792
3209	4824
3209	5026
3209	5058
3209	5072
3209	5182
3209	5233
3209	5756
3209	5757
3209	5947
3209	5973
3209	8293
3212	2237
3213	2237
3215	2237
3214	2237
3216	2237
3216	8293
3210	2237
3210	4037
3210	4792
3217	2237
532	2237
3219	2237
3220	2237
3221	2237
1509	2237
3211	2237
3211	3408
3218	2237
3222	2237
3223	2237
3224	2237
3225	1267
3225	1633
3225	1814
3225	2225
3225	2328
3225	2456
3225	2625
3225	3020
3225	3192
3225	3516
3225	3615
3225	4103
3225	4256
3226	1267
3227	737
3227	1026
3227	1267
3227	1982
3227	2651
3227	2790
3227	2819
3227	3089
3227	4191
3227	4261
3227	4536
3227	4983
3227	5140
3227	5288
3227	5301
3227	5822
3227	7587
3227	7810
3227	7862
3228	1267
3235	8293
3229	3235
3230	3235
3231	3235
3232	3235
3234	3235
3233	2285
3233	3235
3233	8293
3238	1688
3238	2225
3238	2342
3238	2381
3238	2511
3238	2516
3238	2774
3238	3084
3238	3334
3238	3456
3238	4071
3238	4562
3238	4712
3238	4824
3238	5100
3238	5210
3238	5233
3238	5484
3238	5814
3238	5839
3238	6327
3238	6833
3238	7624
3238	7632
3238	7809
3238	7839
3238	7855
3238	8174
3239	856
3239	1706
3239	3555
3240	3243
3241	3243
3242	1919
3242	2576
3242	3243
3242	3253
3242	3809
3242	5697
3244	3245
3246	633
3246	5222
3247	633
3247	5773
3248	633
3249	633
3249	4247
3249	4263
3250	2625
3250	2700
3250	3251
3252	608
3252	825
3252	1297
3252	2134
3252	2209
3252	2324
3252	2338
3252	2485
3252	2510
3252	2542
3252	2585
3252	2594
3252	2595
3252	2625
3252	2653
3252	2655
3252	2674
3252	2693
3252	2700
3252	2727
3252	3009
3252	3024
3252	3028
3252	3059
3252	3253
3252	3258
3252	3352
3252	3404
3252	3439
3252	3480
3252	3516
3252	3562
3252	3587
3252	3650
3252	3903
3252	4011
3252	4055
3255	15
3255	2625
3255	3408
3256	1549
3256	2066
3256	2364
3256	2398
3256	2411
3256	2594
3256	2746
3256	2790
3256	3020
3256	3021
3256	3276
3256	3483
3256	3650
3256	3717
3256	3769
3256	4011
3256	4953
3256	5412
3256	5423
3257	2116
3258	15
3258	608
3258	827
3258	974
3258	1157
3258	1166
3258	1297
3258	1688
3258	1777
3258	1915
3258	1935
3258	2145
3258	2328
3258	2356
3258	2398
3258	2516
3258	2535
3258	2565
3258	2625
3258	2654
3258	2657
3258	2660
3258	2674
3258	2686
3258	2727
3258	2775
3258	2871
3258	2900
3258	2923
3258	3005
3258	3015
3258	3030
3258	3034
3258	3117
3258	3173
3258	3192
3258	3200
3258	3260
3258	3274
3258	3276
3258	3291
3258	3307
3258	3351
3258	3352
3258	3404
3258	3454
3258	3480
3258	3520
3258	3541
3258	3547
3258	3557
3258	3568
3258	3587
3258	3615
3258	3643
3258	3646
3258	3660
3258	3787
3258	3804
3258	3806
3258	3807
3258	3811
3258	3812
3258	3847
3258	3856
3258	3903
3258	3967
3258	4011
3258	4013
3258	4037
3258	4055
3258	4098
3258	4183
3258	4191
3258	4201
3258	4233
3258	4338
3258	4424
3258	4453
3258	4463
3258	4480
3258	4510
3258	4531
3258	5022
3258	5120
3258	5130
3258	5412
3258	5524
3258	5824
3258	5902
3258	6097
3258	6897
3258	6979
3258	6980
3258	8293
3263	3265
3264	3265
3259	15
3259	3265
3260	1549
3260	1919
3260	2576
3260	2594
3260	2625
3260	2651
3260	3030
3260	3265
3261	3265
3262	2297
3262	2565
3262	2651
3262	2660
3262	3034
3262	3265
3262	3480
3262	3489
3262	3807
3267	2951
3268	2625
3268	2651
212	2625
3269	15
3269	2625
3269	4037
3270	2625
3270	5254
3271	1688
3271	2625
2624	2625
3272	2625
3272	3030
3280	2594
3280	2625
3280	3307
3281	2625
3273	2625
3274	72
3274	155
3274	762
3274	1548
3274	1549
3274	2398
3274	2516
3274	2576
3274	2620
3274	2625
3274	2790
3274	2811
3274	2851
3274	3015
3274	3084
3274	3238
3274	3352
3274	3447
3274	3454
3274	3460
3274	3537
3274	3635
3274	3835
3274	3956
3274	3962
3274	4037
3274	4065
3274	4098
3274	4099
3274	4266
3274	4448
3274	4466
3274	4483
3274	4485
3274	4547
3274	4562
3274	4574
3274	4578
3274	4717
3274	4719
3274	4735
3274	4791
3274	4796
3274	4828
3274	4899
3274	5022
3274	5028
3274	5079
3274	5123
3274	5144
3274	5226
3274	5245
3274	5262
3274	5421
3274	5423
3274	5459
3274	5527
3274	5620
3274	5947
3274	6043
3274	6305
3274	6421
3274	6560
3274	7021
3274	7092
3274	7277
3274	7351
3274	7763
3274	7809
3275	1166
3275	1297
3275	1571
3275	2594
3275	2625
3275	2657
3275	3117
3275	3410
3275	3417
3275	3516
3275	3892
3275	5459
3275	5650
3275	5683
3276	1140
3276	1157
3276	1307
3276	1549
3276	1990
3276	2072
3276	2134
3276	2210
3276	2240
3276	2297
3276	2328
3276	2416
3276	2485
3276	2510
3276	2565
3276	2595
3276	2612
3276	2623
3276	2625
3276	2653
3276	2655
3276	2667
3276	2727
3276	2746
3276	2923
3276	2958
3276	3007
3276	3014
3276	3021
3276	3024
3276	3026
3276	3028
3276	3034
3276	3117
3276	3173
3276	3180
3276	3258
3276	3291
3276	3338
3276	3376
3276	3394
3276	3404
3276	3435
3276	3439
3276	3443
3276	3529
3276	3562
3276	3615
3276	3650
3276	3661
3276	3681
3276	3717
3276	3843
3276	3912
3276	3967
3276	4011
3276	4021
3276	4024
3276	4051
3276	4055
3276	4110
3276	4138
3276	4162
3276	4181
3276	4191
3276	4216
3276	4233
3276	4256
3276	4269
3276	4289
3276	4290
3276	4323
3276	4613
3276	4631
3276	4661
3276	4820
3276	5026
3276	8293
3276	8294
3277	2625
3278	1633
3278	2625
3279	1679
3279	2625
3285	3307
3284	15
3284	2623
3284	3024
3284	3089
3284	3285
3284	3506
3284	3516
3284	3556
3284	3557
3284	3785
3284	3871
3284	3939
3284	3942
3284	3946
3284	3970
3284	3973
3284	4171
3284	4173
3284	4557
3284	4712
3288	3020
3291	465
3291	1166
3291	1633
3291	1679
3291	1744
3291	2240
3291	2290
3291	2326
3291	2328
3291	2356
3291	2517
3291	2565
3291	2595
3291	2619
3291	2623
3291	2660
3291	2687
3291	2727
3291	2819
3291	2900
3291	2923
3291	2958
3291	2973
3291	3014
3291	3059
3291	3089
3291	3334
3291	3351
3291	3352
3291	3439
3291	3506
3291	3516
3291	3562
3291	3587
3291	3787
3291	3807
3291	3970
3291	4011
3291	4013
3291	4162
3291	4365
3291	4385
3291	4424
3291	4531
3291	4578
3291	4712
3291	4713
3291	4735
3291	4786
3291	4999
3291	5509
3291	5543
3291	6148
3291	6151
3291	6246
3291	6432
3291	8293
3291	8295
3292	1679
3292	3291
3292	3631
3292	3956
3292	4201
3292	5002
3292	5200
3292	5404
3294	1679
3296	2576
3296	3307
3297	1633
3297	2114
3297	2210
3297	2338
3297	2356
3297	2565
3297	2655
3297	2958
3297	3007
3297	3021
3297	3117
3297	3238
3297	3258
3297	3307
3297	3351
3297	3371
3297	3408
3297	3498
3297	3717
3297	3871
3297	4071
3297	4384
3297	4401
3297	4940
3297	5179
3297	5262
3297	5404
3297	5529
3297	6032
3297	6414
3297	6596
3297	6618
3297	6634
3297	6759
3297	6918
3297	7021
3297	7059
3297	7063
3297	7092
3297	7397
3297	7620
3297	7860
3297	7910
3297	7961
3297	8037
3297	8044
3297	8073
3297	8083
3297	8122
3297	8141
3297	8293
3298	3307
3299	3307
3300	2594
3300	3021
3300	3307
3300	3338
3300	3351
3301	1297
3301	2114
3301	2657
3301	2674
3301	3026
3301	3059
3301	3307
3301	3404
3301	3483
3301	3576
3301	3680
3301	3847
3301	3871
3301	3887
3301	3892
3302	3307
3303	3307
1529	3307
1529	3755
3304	285
3304	1633
3304	1744
3304	2257
3304	2297
3304	2338
3304	2411
3304	2485
3304	2542
3304	2565
3304	2623
3304	2657
3304	2693
3304	2790
3304	3005
3304	3010
3304	3018
3304	3114
3304	3173
3304	3307
3304	3371
3304	3408
3304	3435
3304	3439
3304	3473
3304	3516
3304	3529
3304	3557
3304	3580
3304	3646
3304	8293
3305	285
3305	2565
3305	3018
3305	3307
3305	4796
3309	1297
3309	2474
3309	4298
3309	5721
3310	1191
3310	2356
3310	2474
3310	2658
3310	4875
3310	5529
3310	6043
3310	6151
3310	6523
3310	6560
3310	6634
3310	6780
3310	6784
3310	7063
3310	7391
3310	7587
3310	8051
3310	8212
3311	2474
3312	2651
3313	1777
3313	2328
3313	2651
3313	3720
3313	3816
3282	2651
3282	2747
3282	2790
3282	2923
3282	3635
3314	2651
3315	1247
3315	2258
3315	2585
3315	2651
3315	2859
3315	2958
3315	3260
3315	4191
3315	4587
3315	4613
3315	5457
3315	5529
3315	6001
3290	737
3290	1385
3290	1571
3290	1688
3290	1706
3290	2237
3290	2252
3290	2290
3290	2325
3290	2485
3290	2510
3290	2535
3290	2585
3290	2594
3290	2595
3290	2597
3290	2651
3290	2746
3290	2747
3290	2831
3290	3117
3290	3351
3290	3352
3290	3489
3290	3587
3290	3650
3290	3926
3290	4037
3290	4040
3290	4212
3290	4531
3290	4587
3290	4824
3290	5539
3290	5563
3290	8293
3318	2651
3316	2398
3316	2651
3316	5605
3317	825
3317	2134
3317	2210
3317	2328
3317	2508
3317	2535
3317	2619
3317	2651
3317	2746
3317	3024
3317	3260
3317	3439
3317	3568
3317	3661
3317	3800
3320	3946
3320	5806
3320	6714
3320	7442
3320	8295
2325	3320
2325	3321
3321	2237
3321	2325
3321	3084
3321	3238
3321	3417
3321	3456
3321	3691
3321	4110
3321	4124
3321	4191
3321	4600
3321	4964
3321	4999
3321	5073
3321	5412
3321	5479
3321	7493
3321	7694
3322	2325
3323	2325
3323	8293
3325	417
3325	762
3325	2290
3325	2356
3325	2653
3325	2667
3326	825
3326	1688
3326	1984
3326	2356
3326	2653
3326	2871
3326	2958
3326	3014
3326	3021
3326	3030
3326	3192
3326	3443
3326	3898
3326	4162
3326	4662
3326	4735
3326	4827
3326	5817
3335	3030
3331	3030
3332	3030
3333	417
3333	1571
3333	1744
3333	2290
3333	2485
3333	2657
3333	2660
3333	2674
3333	3030
3333	3148
3333	3371
3333	3587
3333	3681
3333	5226
3333	5482
3334	1571
3334	2398
3334	2646
3334	3030
3334	3394
3334	3645
3334	3812
3334	4191
3334	4290
3334	4299
3334	5233
3334	7381
3334	7632
3338	1633
3338	2114
3338	3408
3339	2594
3340	1297
3340	2594
3340	5254
3340	6148
3341	2594
3342	2594
3343	1297
3343	1706
3343	2209
3343	2510
3343	2585
3343	2594
3343	2974
3343	3005
3343	3028
3343	3117
3343	3541
3343	3772
3343	3888
3344	2594
3345	204
3345	737
3345	1571
3345	1633
3345	2145
3345	2297
3345	2398
3345	2440
3345	2542
3345	2623
3345	2660
3345	2819
3345	3021
3345	3408
3345	3473
3345	3586
3345	4175
3345	4709
3345	4964
3345	5037
3345	5123
3345	5182
3345	5254
3345	5459
3345	5596
3345	5775
3345	5784
3345	5925
3345	6458
3345	6496
3345	6498
3345	6528
3345	6570
3345	6600
3345	6632
3346	2657
3346	3021
3346	3454
3346	4507
3346	4735
3348	1026
3348	3334
3348	3351
3348	3459
3348	4037
3348	5233
3348	5246
3348	5432
3348	5806
3348	6006
3348	6299
3348	6330
3348	6334
3348	6472
3348	6498
3348	6511
3348	6571
3348	6634
3348	6755
3348	7092
3348	7442
3348	7588
3348	7809
3348	8044
3348	8297
3349	1571
3349	2016
3349	2209
3349	2252
3349	2597
3349	2667
3349	3351
3349	3580
3349	3587
3350	737
3350	1360
3350	2144
3350	2145
3350	2237
3350	2398
3350	2585
3350	2619
3350	2831
3350	2871
3350	3002
3350	3027
3350	3028
3350	3034
3350	3103
3350	3117
3350	3144
3350	3260
3350	3321
3350	3334
3350	3351
3350	3352
3350	3443
3350	3447
3350	3452
3350	3453
3350	3454
3350	3464
3350	3489
3350	3516
3350	3615
3350	3635
3350	3660
3350	3748
3350	3812
3350	3843
3350	3897
3350	3903
3350	3956
3350	3958
3350	4044
3350	4261
3350	4299
3350	4448
3350	4485
3350	4510
3350	4528
3350	4587
3350	4653
3350	4662
3350	4706
3350	4827
3350	4846
3350	4962
3350	5189
3352	72
3352	285
3352	417
3352	465
3352	608
3352	762
3352	825
3352	827
3352	974
3352	1140
3352	1166
3352	1185
3352	1239
3352	1247
3352	1297
3352	1307
3352	1310
3352	1385
3352	1453
3352	1549
3352	1571
3352	1633
3352	1680
3352	1688
3352	1706
3352	1729
3352	1769
3352	1799
3352	1990
3352	2066
3352	2114
3352	2134
3352	2144
3352	2145
3352	2240
3352	2252
3352	2257
3352	2289
3352	2297
3352	2324
3352	2326
3352	2328
3352	2338
3352	2354
3352	2369
3352	2381
3352	2384
3352	2398
3352	2411
3352	2433
3352	2485
3352	2506
3352	2510
3352	2516
3352	2517
3352	2535
3352	2544
3352	2565
3352	2576
3352	2592
3352	2595
3352	2619
3352	2646
3352	2653
3352	2654
3352	2655
3352	2657
3352	2660
3352	2667
3352	2674
3352	2687
3352	2689
3352	2693
3352	2696
3352	2727
3352	2746
3352	2747
3352	2760
3352	2775
3352	2785
3352	2787
3352	2790
3352	2819
3352	2822
3352	2859
3352	2871
3352	2900
3352	2909
3352	2932
3352	2958
3352	2973
3352	2981
3352	3005
3352	3007
3352	3009
3352	3014
3352	3024
3352	3026
3352	3027
3352	3028
3352	3059
3352	3084
3352	3089
3352	3092
3352	3103
3352	3106
3352	3114
3352	3117
3352	3125
3352	3140
3352	3144
3352	3173
3352	3180
3352	3192
3352	3258
3352	3260
3352	3276
3352	3291
3352	3309
3352	3313
3352	3346
3352	3394
3352	3404
3352	3408
3352	3417
3352	3435
3352	3443
3352	3447
3352	3452
3352	3454
3352	3455
3352	3456
3352	3464
3352	3483
3352	3516
3352	3529
3352	3537
3352	3557
3352	3562
3352	3567
3352	3568
3352	3607
3352	3615
3352	3631
3352	3635
3352	3643
3352	3645
3352	3650
3352	3660
3352	3661
3352	3664
3352	3670
3352	3680
3352	3691
3352	3717
3352	3724
3352	3800
3352	3808
3352	3812
3352	3813
3352	3835
3352	3843
3352	3847
3352	3887
3352	3892
3352	3897
3352	3903
3352	3910
3352	3921
3352	3926
3352	3937
3352	3958
3352	3967
3352	3970
3352	3976
3352	3999
3352	4011
3352	4013
3352	4021
3352	4024
3352	4037
3352	4040
3352	4043
3352	4051
3352	4055
3352	4058
3352	4088
3352	4110
3352	4124
3352	4138
3352	4162
3352	4179
3352	4181
3352	4191
3352	4201
3352	4212
3352	4233
3352	4234
3352	4247
3352	4256
3352	4263
3352	4266
3352	4269
3352	4289
3352	4290
3352	4299
3352	4315
3352	4323
3352	4335
3352	4349
3352	4355
3352	4365
3352	4373
3352	4384
3352	4400
3352	4412
3352	4417
3352	4422
3352	4424
3352	4448
3352	4471
3352	4480
3352	4482
3352	4485
3352	4510
3352	4528
3352	4531
3352	4536
3352	4547
3352	4551
3352	4587
3352	4613
3352	4666
3352	4712
3352	4717
3352	4719
3352	4735
3352	4824
3352	4827
3352	4828
3352	4866
3352	4929
3352	4953
3352	4962
3352	4964
3352	4999
3352	5083
3352	5092
3352	5123
3352	5130
3352	5132
3352	5162
3352	5204
3352	5222
3352	5233
3352	5239
3352	5288
3352	5308
3352	5323
3352	5327
3352	5335
3352	5341
3352	5364
3352	5392
3352	5412
3352	5423
3352	5430
3352	5449
3352	5457
3352	5467
3352	5817
3352	8293
3352	8294
3353	2565
3354	1823
3354	2565
3354	3371
3354	4791
3354	4796
3355	3348
3355	5432
3355	8044
3360	3348
3356	3348
3357	3348
3357	3769
3358	3348
3359	3348
3306	1297
3306	2535
3306	3348
3306	3376
3306	3645
3306	4349
3306	4453
3361	2338
3361	3348
3362	3348
3368	3371
3369	3371
3370	3371
3366	72
3366	1024
3366	1140
3366	1919
3366	1961
3366	2328
3366	2364
3366	2433
3366	2507
3366	2535
3366	2565
3366	2576
3366	2657
3366	2775
3366	3014
3366	3027
3366	3334
3366	3352
3366	3371
3366	3456
3366	3937
3366	3976
3366	4124
3366	4127
3366	4175
3366	4199
3366	4272
3366	4298
3366	4310
3366	4331
3366	4335
3366	4365
3366	4386
3366	4448
3366	4466
3366	4500
3366	4574
3366	4712
3366	4777
3366	4875
3366	5020
3366	5210
3366	5233
3366	5308
3366	5311
3366	5449
3366	5454
3366	5459
3366	5511
3366	5527
3366	5637
3366	5693
3366	5817
3366	5936
3366	5963
3366	5969
3366	6027
3366	6105
3366	6306
3366	6421
3366	6914
3366	7115
3366	8295
3367	3371
3367	4263
3367	7400
3373	1157
3373	2328
3373	2746
3373	2981
3373	3192
3373	3615
3373	4162
3373	4179
3373	4191
3373	4263
3373	4269
3373	4323
3374	3376
3374	3489
3374	3516
3374	4534
3375	737
3375	1915
3375	2290
3375	2328
3375	2411
3375	2485
3375	2510
3375	2542
3375	2544
3375	2585
3375	2653
3375	2657
3375	2727
3375	2746
3375	2859
3375	2923
3375	2958
3375	3005
3375	3026
3375	3260
3375	3276
3375	3334
3375	3376
3375	3464
3375	3516
3375	3520
3375	3557
3375	3562
3375	3615
3375	3629
3375	3645
3375	3680
3375	3898
3375	3903
3375	3974
3375	4299
3375	4385
3375	4528
3375	4536
3375	4977
3375	5285
3375	5421
3375	5743
3377	2297
3377	2654
3377	3489
3377	3587
3378	72
3378	737
3378	762
3378	896
3378	1297
3378	1385
3378	1961
3378	2160
3378	2297
3378	2384
3378	2398
3378	2411
3378	2456
3378	2485
3378	2657
3378	3321
3378	3352
3378	3417
3378	3443
3378	3452
3378	3562
3378	3635
3378	3720
3378	3854
3378	4055
3378	4099
3378	4162
3378	4179
3378	4463
3378	4510
3378	4600
3378	4735
3378	4781
3378	4846
3378	5022
3378	5178
3378	5412
3378	5459
3378	5503
3378	6934
3378	7694
3379	417
3379	974
3379	1571
3379	1633
3379	2016
3379	2209
3379	2252
3379	2290
3379	2297
3379	2576
3379	2597
3379	2653
3379	2660
3379	2667
3379	3009
3379	3334
3379	3473
3379	3489
3379	3516
3380	72
3380	204
3380	1157
3380	1166
3380	1982
3380	2290
3380	2297
3380	2324
3380	2328
3380	2411
3380	2485
3380	2510
3380	2576
3380	2585
3380	2654
3380	2657
3380	2660
3380	2727
3380	2790
3380	3005
3380	3148
3380	3173
3380	3276
3380	3408
3380	3409
3380	3439
3380	3506
3380	3516
3380	3520
3380	3615
3380	3623
3380	3769
3380	4795
3380	5002
3380	5378
3380	6918
3380	6946
3380	7809
3380	8042
3380	8051
3380	8209
3380	8219
3381	15
3381	1403
3381	1571
3381	1823
3381	2016
3381	2290
3381	2297
3381	2433
3381	2511
3381	2542
3381	2623
3381	2774
3381	2785
3381	2819
3381	2851
3381	2940
3381	3000
3381	3238
3381	3346
3381	3489
3381	3631
3381	3634
3381	3726
3381	3792
3381	3803
3381	3873
3381	3969
3381	4488
3381	4536
3381	4666
3381	4709
3381	4713
3381	4764
3381	4884
3381	4944
3381	4980
3381	5002
3381	5012
3381	5022
3381	5028
3381	5188
3381	5199
3381	5200
3381	5254
3381	5288
3381	5289
3381	5295
3381	5335
3381	5384
3381	5432
3381	5465
3381	5484
3381	5524
3381	5543
3381	5563
3381	5582
3381	5596
3381	5697
3381	5714
3381	5739
3381	5760
3381	5776
3381	5798
3381	5800
3381	5804
3381	5806
3381	5814
3381	5818
3381	5819
3381	5822
3381	5827
3381	5835
3381	5871
3381	5872
3381	5897
3381	5902
3381	5922
3381	5932
3381	5998
3381	6000
3381	6097
3381	6123
3381	6156
3381	6170
3381	6218
3381	6221
3381	6227
3381	6243
3381	6262
3381	6272
3381	6305
3381	6306
3381	6328
3381	6334
3381	6347
3381	6414
3381	6417
3381	6432
3381	6441
3381	6442
3381	6498
3381	6501
3381	6566
3381	6594
3381	6595
3381	6599
3381	6600
3381	6624
3381	6632
3381	6634
3381	6699
3381	6712
3381	6715
3381	6720
3381	6736
3381	6770
3381	6774
3381	6783
3381	6784
3381	6790
3381	6832
3381	6855
3381	6860
3381	6869
3381	6873
3381	6897
3381	6901
3381	6907
3381	6913
3381	6918
3381	6930
3381	6934
3381	6945
3381	6948
3381	6955
3381	6976
3381	7021
3381	7052
3381	7073
3381	7088
3381	7094
3381	7101
3381	7108
3381	7115
3381	7119
3381	7143
3381	7144
3381	7214
3381	7237
3381	7279
3381	7280
3381	7295
3381	7301
3381	7373
3381	7378
3381	7381
3381	7414
3381	7422
3381	7443
3381	7450
3381	7478
3381	7510
3381	7512
3381	7529
3381	7618
3381	7624
3381	7632
3381	7646
3381	7647
3381	7651
3381	7662
3381	7694
3381	7695
3381	7726
3381	7757
3381	7788
3381	7899
3381	8083
3381	8122
3381	8134
3382	2297
3383	2297
3383	2653
3384	2297
3384	2398
3384	3580
3385	2297
3388	15
3388	737
3388	762
3388	1159
3388	1633
3388	1919
3388	2565
3388	2646
3388	2657
3388	2871
3388	3352
3388	3645
3388	3835
3388	4179
3388	4510
3389	1633
3389	5210
3391	417
3391	1633
3391	2508
3391	2660
3392	827
3392	1239
3392	1297
3392	1549
3392	1633
3392	2066
3392	2324
3392	2510
3392	2544
3392	2576
3392	2585
3392	2619
3392	2657
3392	2822
3392	3024
3392	3084
3392	3284
3392	3454
3392	3529
3392	3555
3392	3650
3392	3769
3392	3800
3392	3816
3392	3892
3392	3910
3392	3967
3392	3970
3392	3980
3392	4583
3392	5092
3392	5605
3392	7620
3393	1633
3393	3752
3393	4335
3393	5459
3393	5683
3393	5897
3393	5998
3393	6044
3393	6774
3393	7946
3394	465
3394	737
3394	762
3394	778
3394	825
3394	827
3394	974
3394	1297
3394	1305
3394	1549
3394	1633
3394	1688
3394	1706
3394	1729
3394	1777
3394	1915
3394	1990
3394	2066
3394	2129
3394	2144
3394	2209
3394	2237
3394	2252
3394	2257
3394	2324
3394	2326
3394	2328
3394	2381
3394	2398
3394	2411
3394	2485
3394	2508
3394	2510
3394	2565
3394	2576
3394	2585
3394	2646
3394	2653
3394	2654
3394	2657
3394	2660
3394	2687
3394	2693
3394	2727
3394	2746
3394	2747
3394	2775
3394	2790
3394	2799
3394	2900
3394	2923
3394	2932
3394	2958
3394	2974
3394	3005
3394	3010
3394	3014
3394	3027
3394	3084
3394	3103
3394	3117
3394	3125
3394	3144
3394	3173
3394	3180
3394	3260
3394	3276
3394	3291
3394	3301
3394	3334
3394	3352
3394	3404
3394	3409
3394	3410
3394	3439
3394	3446
3394	3447
3394	3453
3394	3454
3394	3455
3394	3456
3394	3473
3394	3480
3394	3483
3394	3516
3394	3529
3394	3537
3394	3541
3394	3548
3394	3562
3394	3568
3394	3615
3394	3629
3394	3634
3394	3635
3394	3645
3394	3650
3394	3660
3394	3671
3394	3681
3394	3737
3394	3745
3394	3769
3394	3772
3394	3776
3394	3785
3394	3800
3394	3811
3394	3812
3394	3813
3394	3822
3394	3867
3394	3898
3394	3903
3394	3914
3394	3922
3394	3926
3394	3942
3394	3958
3394	3974
3394	4011
3394	4021
3394	4031
3394	4124
3394	4189
3394	4191
3394	4256
3394	4289
3394	4290
3394	4297
3394	4299
3394	4315
3394	4373
3394	4385
3394	4386
3394	4400
3394	4402
3394	4424
3394	4528
3394	4536
3394	4578
3394	4719
3394	4735
3394	4783
3394	4811
3394	5130
3394	5189
3394	5204
3394	5301
3394	5412
3394	5417
3394	5564
3394	5882
3394	5891
3394	7620
3394	8294
3395	3018
3396	2016
3396	3018
3397	2654
3397	3018
3397	3408
3398	3018
3399	3018
3399	3408
3399	4181
3400	3018
3401	3018
3403	3018
3403	3408
3403	5254
3402	608
3402	762
3402	1157
3402	1185
3402	1305
3402	1310
3402	1549
3402	1688
3402	1729
3402	1744
3402	1990
3402	2237
3402	2252
3402	2324
3402	2364
3402	2369
3402	2381
3402	2398
3402	2516
3402	2517
3402	2595
3402	2623
3402	2646
3402	2653
3402	2654
3402	2689
3402	2760
3402	2775
3402	2799
3402	2819
3402	2822
3402	2831
3402	3002
3402	3014
3402	3018
3402	3027
3402	3034
3402	3092
3402	3103
3402	3106
3402	3144
3402	3180
3402	3276
3402	3321
3402	3334
3402	3352
3402	3394
3402	3433
3402	3439
3402	3443
3402	3452
3402	3453
3402	3454
3402	3455
3402	3460
3402	3464
3402	3489
3402	3516
3402	3537
3402	3607
3402	3635
3402	3645
3402	3660
3402	3664
3402	3720
3402	3724
3402	3748
3402	3843
3402	3910
3402	3946
3402	3956
3402	3958
3402	3962
3402	4011
3402	4021
3402	4037
3402	4044
3402	4124
3402	4199
3402	4261
3402	4266
3402	4297
3402	4299
3402	4335
3402	4349
3402	4400
3402	4453
3402	4463
3402	4480
3402	4485
3402	4547
3402	4578
3402	4600
3402	4613
3402	4661
3402	4666
3402	4719
3402	4735
3402	4792
3402	4796
3402	4808
3402	4820
3402	4827
3402	4828
3402	4953
3402	5026
3402	5033
3402	5083
3402	5092
3402	5100
3402	5106
3402	5130
3402	5204
3402	5222
3402	5335
3402	5392
3402	5412
3402	5449
3402	5463
3402	5506
3402	5817
3402	6032
3036	2653
3036	2660
3036	2819
3036	3009
3036	3516
3036	3592
3036	8293
3404	465
3404	737
3404	896
3404	1159
3404	1297
3404	1688
3404	1799
3404	2114
3404	2257
3404	2276
3404	2290
3404	2324
3404	2485
3404	2585
3404	2623
3404	2654
3404	2657
3404	2667
3404	2693
3404	2727
3404	2747
3404	2819
3404	2822
3404	2909
3404	2973
3404	3010
3404	3027
3404	3059
3404	3089
3404	3103
3404	3114
3404	3148
3404	3191
3404	3238
3404	3352
3404	3408
3404	3417
3404	3454
3404	3480
3404	3489
3404	3529
3404	3548
3404	3586
3404	3587
3404	3643
3404	3650
3404	3680
3404	3792
3404	3808
3404	3897
3404	3903
3404	3910
3404	3922
3404	4041
3404	4138
3404	4175
3404	4289
3404	4310
3404	4448
3404	4482
3404	4527
3404	4712
3404	4884
3404	4940
3404	5100
3404	5106
3404	5255
3404	5323
3404	5341
3404	5375
3404	5430
3404	5439
3404	5465
3404	5482
3404	5732
3404	5839
3404	5844
3404	5886
3404	5891
3404	5947
3404	5994
3404	6029
3404	6307
3404	6555
3404	7092
3404	7624
3404	7833
3404	8263
3404	8293
3405	3408
3390	72
3390	1360
3390	1473
3390	2001
3390	2258
3390	2338
3390	2364
3390	2398
3390	2516
3390	2576
3390	2605
3390	2696
3390	2822
3390	3073
3390	3274
3390	3291
3390	3321
3390	3393
3390	3408
3390	3417
3390	3435
3390	3460
3390	3537
3390	3748
3390	3796
3390	3854
3390	3910
3390	3958
3390	4124
3390	4335
3390	4338
3390	4530
3390	4653
3390	4706
3390	4827
3390	4899
3390	4964
3390	4986
3390	4993
3390	5072
3390	5123
3390	5226
3390	5263
3390	5321
3390	5335
3390	5388
3390	5454
3390	5459
3390	5511
3390	5592
3390	5637
3390	5640
3390	5651
3390	5693
3390	5705
3390	5732
3390	5737
3390	5743
3390	5756
3390	5775
3407	3408
3406	3352
3406	3408
3406	3541
3406	4587
3409	3752
3411	285
3412	285
3422	2485
3422	2660
3422	8293
3423	8293
3416	8293
3424	8293
3425	5375
3425	8293
3418	8293
3417	762
3417	1688
3417	2134
3417	2237
3417	2257
3417	2354
3417	2411
3417	2565
3417	2597
3417	2653
3417	2657
3417	2822
3417	2909
3417	2932
3417	3173
3417	3321
3417	3404
3417	3447
3417	3460
3417	3871
3417	3910
3417	4037
3417	4181
3417	4310
3417	4448
3417	4983
3417	5026
3417	5335
3417	5341
3417	8293
3426	8293
3434	2338
3433	2338
3433	2775
3433	2811
3433	3321
3433	3352
3433	4212
3433	4661
3433	4875
3433	4962
3435	1744
3435	2384
3435	3999
3435	4510
3436	2576
3437	2576
3440	2576
3441	2576
3441	3946
3443	15
3443	762
3443	1961
3443	2328
3443	2456
3443	2508
3443	2565
3443	2576
3443	2693
3443	2799
3443	3026
3443	3456
3443	3720
3443	3724
3443	3813
3443	3875
3443	4234
3443	4531
3443	5022
3443	5079
3438	2576
3444	2252
3444	2576
3445	15
3445	72
3445	1549
3445	2381
3445	2398
3445	2535
3445	2576
3445	2775
3445	3439
3445	3443
3445	4011
3445	4247
3445	4335
3445	4422
3445	4712
3445	4797
3445	5100
3445	5182
3445	5947
3445	5963
3445	6784
3439	417
3439	825
3439	974
3439	1166
3439	1239
3439	1352
3439	1385
3439	1571
3439	2016
3439	2144
3439	2206
3439	2209
3439	2210
3439	2290
3439	2324
3439	2440
3439	2510
3439	2576
3439	2585
3439	2597
3439	2619
3439	2620
3439	2653
3439	2655
3439	2657
3439	2667
3439	2674
3439	2693
3439	2747
3439	2819
3439	2871
3439	2932
3439	3009
3439	3026
3439	3084
3439	3140
3439	3148
3439	3258
3439	3260
3439	3276
3439	3291
3439	3334
3439	3456
3439	3461
3439	3473
3439	3516
3439	3538
3439	3548
3439	3556
3439	3567
3439	3587
3439	3631
3439	3650
3439	3670
3439	3885
3439	3898
3439	4011
3439	4021
3439	4024
3439	4088
3439	4110
3439	4124
3439	4216
3439	4220
3439	4269
3439	4351
3439	4365
3439	4402
3439	4403
3439	4510
3439	4531
3439	4536
3439	4712
3439	5188
3439	5210
3439	5254
3439	5412
3439	5827
3439	6501
3439	6600
3439	6632
3439	6634
3439	6663
3439	6699
3439	6860
3439	6930
3439	7632
3439	8295
3447	737
3447	1305
3447	1310
3447	1549
3447	1688
3447	1799
3447	1823
3447	2237
3447	2258
3447	2285
3447	2326
3447	2328
3447	2354
3447	2364
3447	2369
3447	2456
3447	2576
3447	2592
3447	2605
3447	2658
3447	2774
3447	2775
3447	2822
3447	2831
3447	2871
3447	3014
3447	3015
3447	3027
3447	3034
3447	3089
3447	3092
3447	3103
3447	3238
3447	3274
3447	3276
3447	3291
3447	3297
3447	3309
3447	3321
3447	3334
3447	3352
3447	3376
3447	3417
3447	3452
3447	3453
3447	3455
3447	3456
3447	3458
3447	3459
3447	3464
3447	3479
3447	3537
3447	3635
3447	3664
3447	3752
3447	3796
3447	3843
3447	3897
3447	3898
3447	3910
3447	3911
3447	3958
3447	4011
3447	4037
3447	4040
3447	4041
3447	4044
3447	4065
3447	4099
3447	4124
3447	4127
3447	4189
3447	4191
3447	4212
3447	4261
3447	4266
3447	4298
3447	4310
3447	4335
3447	4355
3447	4361
3447	4400
3447	4448
3447	4483
3447	4529
3447	4530
3447	4547
3447	4551
3447	4574
3447	4587
3447	4588
3447	4653
3447	4654
3447	4661
3447	4662
3447	4666
3447	4677
3447	4678
3447	4687
3447	4712
3447	4713
3447	4715
3447	4717
3447	4735
3447	4776
3447	4777
3447	4778
3447	4780
3447	4783
3447	4792
3447	4795
3447	4796
3447	4797
3447	4814
3447	4815
3447	4827
3447	4828
3447	4846
3447	4879
3447	4934
3447	4953
3447	4954
3447	4962
3447	4964
3447	4977
3447	4983
3447	4986
3447	4994
3447	4999
3447	5002
3447	5020
3447	5043
3447	5044
3447	5055
3447	5058
3447	5061
3447	5079
3447	5106
3447	5123
3447	5144
3447	5162
3447	5178
3447	5179
3447	5188
3447	5189
3447	5200
3447	5204
3447	5226
3447	5255
3447	5262
3447	5273
3447	5288
3447	5295
3447	5305
3447	5308
3447	5312
3447	5323
3447	5341
3447	5364
3447	5368
3447	5375
3447	5417
3447	5432
3447	5449
3447	5459
3447	5463
3447	5479
3447	5506
3447	5524
3447	5529
3447	5543
3447	5563
3447	5596
3447	5605
3447	5620
3447	5637
3447	5640
3447	5680
3447	5683
3447	5697
3447	5705
3447	5737
3447	5743
3447	5760
3447	5775
3447	5800
3447	5804
3447	5811
3447	5814
3447	5818
3447	5819
3447	5827
3447	5829
3447	5844
3447	5871
3447	5886
3447	5932
3447	5973
3447	5998
3447	6044
3447	6083
3447	6097
3447	6105
3447	6109
3447	6148
3447	6218
3447	6225
3447	6241
3447	6246
3447	6255
3447	6261
3447	6262
3447	6270
3447	6272
3447	6299
3447	6305
3447	6306
3447	6327
3447	6330
3447	6337
3447	6360
3447	6414
3447	6474
3447	6481
3447	6501
3447	6505
3447	6555
3447	6576
3447	6600
3447	6606
3447	6618
3447	6634
3447	6714
3447	6720
3447	6724
3447	6736
3447	6765
3447	6784
3447	6832
3447	6873
3447	6907
3447	6913
3447	6914
3447	6920
3447	6934
3447	6946
3447	6953
3447	6955
3447	6979
3447	6997
3447	7012
3447	7021
3447	7052
3447	7092
3447	7101
3447	7108
3447	7144
3447	7186
3447	7222
3447	7262
3447	7290
3447	7351
3447	7381
3447	7414
3447	7510
3447	7662
3447	7694
3447	7813
3447	7833
3447	7961
3447	8295
3448	1688
3448	3464
3448	4578
3449	15
3449	72
3449	222
3449	346
3449	608
3449	737
3449	762
3449	896
3449	1159
3449	1185
3449	1247
3449	1310
3449	1360
3449	1473
3449	1648
3449	1680
3449	1688
3449	1733
3449	1769
3449	1799
3449	2001
3449	2014
3449	2144
3449	2145
3449	2237
3449	2240
3449	2258
3449	2276
3449	2354
3449	2369
3449	2381
3449	2398
3449	2456
3449	2490
3449	2507
3449	2516
3449	2517
3449	2576
3449	2592
3449	2605
3449	2646
3449	2689
3449	2696
3449	2760
3449	2764
3449	2765
3449	2774
3449	2775
3449	2787
3449	2790
3449	2811
3449	2822
3449	2831
3449	2851
3449	2871
3449	2909
3449	2917
3449	2925
3449	3002
3449	3014
3449	3015
3449	3027
3449	3034
3449	3073
3449	3089
3449	3092
3449	3103
3449	3106
3449	3125
3449	3140
3449	3144
3449	3274
3449	3276
3449	3284
3449	3309
3449	3321
3449	3334
3449	3352
3449	3417
3449	3433
3449	3443
3449	3447
3449	3452
3449	3453
3449	3454
3449	3456
3449	3458
3449	3460
3449	3464
3449	3479
3449	3498
3449	3537
3449	3557
3449	3607
3449	3614
3449	3635
3449	3643
3449	3645
3449	3664
3449	3726
3449	3748
3449	3792
3449	3796
3449	3806
3449	3812
3449	3813
3449	3835
3449	3843
3449	3854
3449	3873
3449	3897
3449	3898
3449	3910
3449	3958
3449	3976
3449	4011
3449	4037
3449	4040
3449	4041
3449	4044
3449	4072
3449	4098
3449	4099
3449	4103
3449	4124
3449	4127
3449	4175
3449	4189
3449	4191
3449	4212
3449	4247
3449	4261
3449	4297
3449	4299
3449	4310
3449	4315
3449	4335
3449	4338
3449	4400
3449	4422
3449	4448
3449	4453
3449	4463
3449	4466
3449	4482
3449	4483
3449	4485
3449	4527
3449	4528
3449	4530
3449	4531
3449	4534
3449	4536
3449	4547
3449	4551
3449	4574
3449	4587
3449	4600
3449	4613
3449	4631
3449	4646
3449	4653
3449	4661
3449	4662
3449	4666
3449	4687
3449	4706
3449	4712
3449	4715
3449	4717
3449	4719
3449	4735
3449	4776
3449	4777
3449	4781
3449	4792
3449	4795
3449	4796
3449	4797
3449	4798
3449	4808
3449	4811
3449	4814
3449	4820
3449	4824
3449	4827
3449	4828
3449	4846
3449	4875
3449	4929
3449	4938
3449	4953
3449	4962
3449	4964
3449	4980
3449	4986
3449	4999
3449	5020
3449	5026
3449	5044
3449	5055
3449	5058
3449	5061
3449	5072
3449	5073
3449	5083
3449	5092
3449	5100
3449	5103
3449	5106
3449	5123
3449	5130
3449	5132
3449	5144
3449	5155
3449	5162
3449	5178
3449	5179
3449	5182
3449	5189
3449	5204
3449	5215
3449	5222
3449	5226
3449	5239
3449	5262
3449	5288
3449	5301
3449	5305
3449	5327
3449	5335
3449	5341
3449	5392
3449	5404
3449	5412
3449	5415
3449	5417
3449	5423
3449	5430
3449	5432
3449	5437
3449	5439
3449	5445
3449	5449
3449	5452
3449	5454
3449	5459
3449	5463
3449	5506
3449	5509
3449	5511
3449	5524
3449	5527
3449	5539
3449	5543
3449	5545
3449	5559
3449	5568
3449	5584
3449	5624
3449	5637
3449	5638
3449	5640
3449	5650
3449	5651
3449	5680
3449	5683
3449	5684
3449	5693
3449	5732
3449	5737
3449	5743
3449	5753
3449	5775
3449	5780
3449	5790
3449	5798
3449	5804
3449	5814
3449	5828
3449	5837
3449	5844
3449	5848
3449	5850
3449	5863
3449	5886
3449	5891
3449	5925
3449	5928
3449	5936
3449	5947
3449	5973
3449	5994
3449	6006
3449	6029
3449	6098
3449	6124
3449	6164
3449	6166
3449	6218
3449	6229
3449	6246
3449	6251
3449	6262
3449	6296
3449	6306
3449	6328
3449	6337
3449	6400
3449	6432
3449	6576
3449	6869
3449	7757
3449	8295
3450	1185
3450	1688
3450	1984
3450	2144
3450	2240
3450	2760
3450	2871
3450	3014
3450	3034
3450	3140
3450	3443
3450	3454
3450	3464
3450	3557
3450	3645
3450	3812
3450	3956
3450	3958
3450	3976
3450	4011
3450	4072
3450	4528
3450	4531
3450	4578
3450	4613
3450	4646
3450	5817
3451	978
3451	1140
3451	1185
3451	1360
3451	1385
3451	1729
3451	1984
3451	2066
3451	2129
3451	2144
3451	2289
3451	2326
3451	2456
3451	2506
3451	2517
3451	2565
3451	2612
3451	2653
3451	2811
3451	2871
3451	2932
3451	2958
3451	2981
3451	3014
3451	3073
3451	3140
3451	3144
3451	3309
3451	3321
3451	3346
3451	3439
3451	3453
3451	3454
3451	3460
3451	3464
3451	3635
3451	3645
3451	3660
3451	3813
3451	3835
3451	3912
3451	3956
3451	3958
3451	4040
3451	4043
3451	4055
3451	4103
3451	4110
3451	4162
3451	4179
3451	4191
3451	4201
3451	4212
3451	4216
3451	4231
3451	4234
3451	4235
3451	4254
3451	4263
3451	4266
3451	4269
3451	4289
3451	4297
3451	4311
3451	4323
3451	4331
3451	4332
3451	4335
3451	4349
3451	4365
3451	4373
3451	4384
3451	4385
3451	4386
3451	4402
3451	4403
3451	4417
3451	4422
3451	4466
3451	4471
3451	4557
3451	4661
3451	4662
3451	4666
3451	4684
3451	4735
3451	4776
3451	4778
3451	4780
3451	4796
3451	4797
3451	4808
3451	4811
3451	4822
3451	4827
3451	4831
3451	4875
3451	8294
3452	15
3452	737
3452	762
3452	896
3452	1024
3452	1305
3452	1310
3452	1360
3452	1403
3452	1473
3452	1688
3452	1769
3452	1799
3452	2237
3452	2240
3452	2328
3452	2354
3452	2381
3452	2456
3452	2516
3452	2535
3452	2565
3452	2605
3452	2696
3452	2760
3452	2765
3452	2787
3452	2790
3452	2831
3452	2871
3452	3073
3452	3092
3452	3103
3452	3125
3452	3274
3452	3321
3452	3352
3452	3417
3452	3433
3452	3439
3452	3443
3452	3447
3452	3453
3452	3455
3452	3456
3452	3464
3452	3498
3452	3537
3452	3586
3452	3635
3452	3643
3452	3748
3452	3796
3452	3812
3452	3813
3452	3854
3452	3910
3452	3958
3452	4040
3452	4099
3452	4111
3452	4124
3452	4175
3452	4179
3452	4191
3452	4201
3452	4212
3452	4266
3452	4297
3452	4298
3452	4310
3452	4349
3452	4400
3452	4402
3452	4424
3452	4480
3452	4527
3452	4528
3452	4530
3452	4534
3452	4551
3452	4588
3452	4600
3452	4653
3452	4661
3452	4706
3452	4712
3452	4719
3452	4792
3452	4811
3452	4815
3452	4827
3452	4875
3452	4929
3452	4938
3452	4942
3452	4964
3452	4987
3452	4999
3452	5020
3452	5055
3452	5061
3452	5083
3452	5092
3452	5106
3452	5121
3452	5132
3452	5155
3452	5162
3452	5178
3452	5288
3452	5301
3452	5335
3452	5375
3452	5392
3452	5412
3452	5449
3452	5454
3452	5459
3452	5539
3452	5592
3452	5620
3452	5651
3452	5693
3452	5753
3452	5790
3452	5844
3452	5947
3452	5963
3452	5994
3452	6006
3453	15
3453	72
3453	346
3453	406
3453	608
3453	737
3453	1024
3453	1026
3453	1185
3453	1247
3453	1305
3453	1310
3453	1360
3453	1385
3453	1473
3453	1549
3453	1680
3453	1688
3453	1733
3453	1769
3453	1799
3453	1972
3453	2001
3453	2144
3453	2145
3453	2237
3453	2240
3453	2258
3453	2326
3453	2354
3453	2364
3453	2369
3453	2381
3453	2398
3453	2433
3453	2440
3453	2456
3453	2516
3453	2517
3453	2565
3453	2576
3453	2592
3453	2605
3453	2646
3453	2689
3453	2696
3453	2760
3453	2765
3453	2775
3453	2785
3453	2790
3453	2811
3453	2822
3453	2831
3453	2871
3453	2909
3453	3002
3453	3014
3453	3027
3453	3034
3453	3073
3453	3089
3453	3092
3453	3103
3453	3106
3453	3125
3453	3140
3453	3144
3453	3238
3453	3274
3453	3284
3453	3291
3453	3309
3453	3321
3453	3334
3453	3352
3453	3393
3453	3417
3453	3433
3453	3443
3453	3447
3453	3452
3453	3454
3453	3456
3453	3459
3453	3460
3453	3464
3453	3479
3453	3537
3453	3557
3453	3568
3453	3607
3453	3635
3453	3643
3453	3691
3453	3748
3453	3796
3453	3806
3453	3812
3453	3813
3453	3835
3453	3843
3453	3854
3453	3897
3453	3898
3453	3910
3453	3911
3453	3956
3453	3958
3453	4011
3453	4037
3453	4040
3453	4041
3453	4044
3453	4065
3453	4068
3453	4072
3453	4098
3453	4099
3453	4103
3453	4124
3453	4191
3453	4212
3453	4219
3453	4261
3453	4266
3453	4297
3453	4298
3453	4299
3453	4310
3453	4315
3453	4335
3453	4338
3453	4355
3453	4400
3453	4417
3453	4448
3453	4463
3453	4466
3453	4468
3453	4482
3453	4485
3453	4488
3453	4528
3453	4530
3453	4531
3453	4536
3453	4547
3453	4551
3453	4574
3453	4578
3453	4587
3453	4600
3453	4613
3453	4653
3453	4661
3453	4662
3453	4677
3453	4678
3453	4706
3453	4709
3453	4712
3453	4717
3453	4719
3453	4728
3453	4735
3453	4748
3453	4776
3453	4792
3453	4795
3453	4796
3453	4797
3453	4808
3453	4811
3453	4814
3453	4822
3453	4824
3453	4827
3453	4828
3453	4831
3453	4875
3453	4879
3453	4880
3453	4899
3453	4929
3453	4938
3453	4962
3453	4964
3453	4980
3453	4981
3453	4983
3453	4986
3453	4999
3453	5020
3453	5022
3453	5026
3453	5028
3453	5033
3453	5044
3453	5055
3453	5058
3453	5061
3453	5072
3453	5073
3453	5079
3453	5092
3453	5100
3453	5106
3453	5130
3453	5140
3453	5141
3453	5144
3453	5162
3453	5176
3453	5178
3453	5182
3453	5188
3453	5189
3453	5200
3453	5204
3453	5208
3453	5210
3453	5215
3453	5222
3453	5226
3453	5233
3453	5239
3453	5254
3453	5263
3453	5273
3453	5306
3453	5311
3453	5323
3453	5335
3453	5341
3453	5354
3453	5375
3453	5392
3453	5393
3453	5412
3453	5415
3453	5430
3453	5445
3453	5454
3453	5457
3453	5459
3453	5463
3453	5467
3453	5471
3453	5484
3453	5506
3453	5524
3453	5539
3453	5543
3453	5605
3453	5637
3453	5638
3453	5650
3453	5651
3453	5680
3453	5693
3453	5714
3453	5721
3453	5737
3453	5739
3453	5743
3453	5775
3453	5780
3453	5784
3453	5800
3453	5802
3453	5804
3453	5811
3453	5817
3453	5822
3453	5827
3453	5829
3453	5844
3453	5871
3453	5886
3453	5891
3453	5991
3453	6006
3453	6041
3453	6054
3453	6272
3453	6296
3453	6323
3453	6347
3453	6481
3453	6496
3453	6505
3453	6528
3453	6553
3453	6554
3453	6567
3453	6571
3453	6606
3453	6663
3453	6699
3453	6724
3453	6725
3453	6770
3453	6777
3453	6805
3453	6809
3453	6826
3453	6832
3453	6875
3453	6979
3453	7225
3453	7238
3453	7553
3453	7620
3453	7624
3453	7632
3453	7908
3453	8042
3453	8128
3454	608
3454	737
3454	762
3454	825
3454	1185
3454	1239
3454	1305
3454	1307
3454	1310
3454	1385
3454	1549
3454	1688
3454	1706
3454	1729
3454	1769
3454	1984
3454	1990
3454	2014
3454	2129
3454	2134
3454	2144
3454	2210
3454	2237
3454	2289
3454	2328
3454	2384
3454	2398
3454	2456
3454	2506
3454	2517
3454	2535
3454	2565
3454	2595
3454	2612
3454	2619
3454	2653
3454	2657
3454	2693
3454	2760
3454	2775
3454	2790
3454	2811
3454	2859
3454	2871
3454	2917
3454	2932
3454	2958
3454	2981
3454	3028
3454	3084
3454	3117
3454	3125
3454	3180
3454	3260
3454	3276
3454	3313
3454	3321
3454	3334
3454	3352
3454	3394
3454	3433
3454	3439
3454	3443
3454	3447
3454	3452
3454	3455
3454	3464
3454	3537
3454	3557
3454	3568
3454	3615
3454	3635
3454	3643
3454	3645
3454	3660
3454	3680
3454	3724
3454	3806
3454	3813
3454	3843
3454	3854
3454	3887
3454	3898
3454	3912
3454	3922
3454	3926
3454	3937
3454	3956
3454	3958
3454	3976
3454	4011
3454	4013
3454	4037
3454	4040
3454	4043
3454	4044
3454	4049
3454	4058
3454	4072
3454	4103
3454	4111
3454	4124
3454	4138
3454	4162
3454	4179
3454	4188
3454	4191
3454	4212
3454	4261
3454	4263
3454	4269
3454	4289
3454	4290
3454	4297
3454	4299
3454	4311
3454	4331
3454	4335
3454	4384
3454	4412
3454	4424
3454	4463
3454	4485
3454	4510
3454	4528
3454	4531
3454	4551
3454	4557
3454	4578
3454	4613
3454	4661
3454	4662
3454	4666
3454	4719
3454	4735
3454	4796
3454	4808
3454	4811
3454	4814
3454	4822
3454	4875
3454	4938
3454	4953
3454	4999
3454	5026
3454	5055
3454	8293
3454	8294
3455	1024
3455	1185
3455	1305
3455	1310
3455	1680
3455	1769
3455	2014
3455	2144
3455	2145
3455	2326
3455	2364
3455	2516
3455	2517
3455	2696
3455	2775
3455	2787
3455	2790
3455	2871
3455	3002
3455	3034
3455	3073
3455	3276
3455	3284
3455	3321
3455	3334
3455	3433
3455	3443
3455	3447
3455	3453
3455	3460
3455	3464
3455	3537
3455	3643
3455	3748
3455	3843
3455	3898
3455	3911
3455	3958
3455	4044
3455	4072
3455	4124
3455	4189
3455	4191
3455	4212
3455	4297
3455	4547
3455	4551
3455	4588
3455	4646
3455	4661
3455	4666
3455	4735
3455	4792
3455	4797
3455	4820
3455	4828
3455	4938
3455	4942
3455	4953
3455	4962
3455	4987
3455	5026
3455	5055
3455	5073
3455	5083
3455	5092
3455	5100
3455	5817
3456	15
3456	608
3456	737
3456	1305
3456	1310
3456	1352
3456	1360
3456	1385
3456	1498
3456	1549
3456	1688
3456	1729
3456	1769
3456	1799
3456	1961
3456	1982
3456	1990
3456	2001
3456	2014
3456	2144
3456	2145
3456	2240
3456	2276
3456	2289
3456	2328
3456	2354
3456	2364
3456	2369
3456	2381
3456	2386
3456	2398
3456	2433
3456	2440
3456	2456
3456	2516
3456	2565
3456	2576
3456	2592
3456	2612
3456	2658
3456	2689
3456	2696
3456	2760
3456	2775
3456	2787
3456	2811
3456	2822
3456	2831
3456	2871
3456	3014
3456	3027
3456	3034
3456	3089
3456	3092
3456	3103
3456	3125
3456	3140
3456	3144
3456	3192
3456	3238
3456	3274
3456	3291
3456	3321
3456	3352
3456	3417
3456	3433
3456	3439
3456	3443
3456	3447
3456	3452
3456	3453
3456	3454
3456	3458
3456	3459
3456	3460
3456	3464
3456	3498
3456	3537
3456	3568
3456	3607
3456	3635
3456	3645
3456	3660
3456	3661
3456	3664
3456	3691
3456	3748
3456	3792
3456	3796
3456	3806
3456	3812
3456	3843
3456	3873
3456	3897
3456	3910
3456	3958
3456	4011
3456	4041
3456	4044
3456	4047
3456	4072
3456	4099
3456	4124
3456	4138
3456	4191
3456	4256
3456	4263
3456	4269
3456	4289
3456	4290
3456	4297
3456	4299
3456	4310
3456	4338
3456	4351
3456	4361
3456	4384
3456	4385
3456	4400
3456	4402
3456	4417
3456	4422
3456	4424
3456	4448
3456	4453
3456	4463
3456	4483
3456	4485
3456	4510
3456	4531
3456	4536
3456	4557
3456	4574
3456	4578
3456	4587
3456	4588
3456	4600
3456	4605
3456	4613
3456	4653
3456	4706
3456	4709
3456	4712
3456	4715
3456	4719
3456	4735
3456	4792
3456	4795
3456	4798
3456	4827
3456	4828
3456	4899
3456	4929
3456	4938
3456	4962
3456	4964
3456	4980
3456	4999
3456	5002
3456	5020
3456	5026
3456	5028
3456	5033
3456	5055
3456	5079
3456	5092
3456	5100
3456	5106
3456	5123
3456	5130
3456	5132
3456	5144
3456	5155
3456	5176
3456	5178
3456	5188
3456	5200
3456	5204
3456	5210
3456	5226
3456	5246
3456	5254
3456	5295
3456	5335
3456	5412
3456	5421
3456	5430
3456	5449
3456	5459
3456	5499
3456	5524
3456	5543
3456	5596
3456	5605
3456	5639
3456	5640
3456	5684
3456	5697
3456	5714
3456	5739
3456	5743
3456	5760
3456	5775
3456	5800
3456	5822
3456	5827
3456	5828
3456	5829
3456	5839
3456	5844
3456	5848
3456	5897
3456	5902
3456	5947
3456	6098
3456	6328
3456	6337
3456	6437
3456	6458
3456	6481
3456	6496
3456	6498
3456	6523
3456	6560
3456	6595
3456	6736
3456	6832
3456	6869
3456	6907
3456	7168
3456	7214
3456	7225
3456	7393
3456	7400
3456	7414
3456	7450
3456	7553
3456	7620
3456	8174
3456	8192
3456	8295
3457	608
3457	896
3457	1024
3457	1157
3457	1191
3457	1297
3457	1305
3457	1360
3457	1385
3457	1498
3457	1688
3457	1706
3457	1729
3457	1799
3457	1915
3457	1972
3457	2066
3457	2114
3457	2129
3457	2144
3457	2160
3457	2257
3457	2289
3457	2326
3457	2364
3457	2369
3457	2381
3457	2398
3457	2485
3457	2516
3457	2565
3457	2612
3457	2619
3457	2654
3457	2657
3457	2686
3457	2775
3457	2787
3457	2790
3457	2799
3457	2811
3457	2822
3457	2851
3457	2871
3457	2900
3457	2923
3457	3002
3457	3027
3457	3028
3457	3073
3457	3084
3457	3092
3457	3103
3457	3117
3457	3125
3457	3140
3457	3144
3457	3192
3457	3276
3457	3297
3457	3352
3457	3404
3457	3417
3457	3433
3457	3455
3457	3461
3457	3464
3457	3537
3457	3541
3457	3547
3457	3555
3457	3568
3457	3607
3457	3609
3457	3634
3457	3650
3457	3661
3457	3680
3457	3726
3457	3785
3457	3812
3457	3843
3457	3856
3457	3871
3457	3887
3457	3892
3457	3946
3457	3970
3457	3973
3457	4124
3457	4199
3457	4290
3457	4298
3457	4315
3457	4323
3457	4335
3457	4417
3457	4422
3457	4466
3457	4468
3457	4510
3457	4529
3457	4536
3457	4552
3457	4557
3457	4558
3457	4562
3457	4583
3457	4648
3457	4706
3457	4719
3457	4778
3457	4781
3457	4815
3457	4822
3457	4827
3457	4828
3457	4875
3457	4879
3457	4938
3457	4992
3457	5026
3457	5044
3457	5073
3457	5092
3457	5115
3457	5176
3457	5179
3457	5215
3457	5239
3457	5288
3457	5289
3457	5327
3457	5341
3457	5415
3457	5426
3457	5430
3457	5432
3457	5437
3457	5467
3457	5479
3457	5500
3457	5514
3457	5527
3457	5753
3457	5800
3457	5827
3457	6004
3457	6041
3457	6123
3457	6235
3457	6505
3457	6529
3457	6543
3457	6686
3457	6833
3457	6914
3457	7115
3457	7131
3457	7237
3457	7306
3457	7400
3457	7442
3457	7478
3457	7561
3457	7587
3458	15
3458	737
3458	896
3458	1024
3458	1473
3458	1744
3458	1984
3458	2114
3458	2257
3458	2485
3458	2508
3458	2510
3458	2654
3458	2657
3458	2686
3458	2727
3458	2871
3458	2923
3458	2958
3458	3002
3458	3005
3458	3026
3458	3191
3458	3301
3458	3447
3458	3453
3458	3454
3458	3456
3458	3464
3458	3480
3458	3498
3458	3520
3458	3529
3458	3537
3458	3586
3458	3634
3458	3843
3458	3847
3458	3873
3458	3887
3458	3892
3458	3897
3458	3903
3458	3976
3458	4041
3458	4055
3458	4162
3458	4179
3458	4338
3458	4483
3458	4547
3458	4551
3458	4795
3458	4828
3458	5002
3458	5055
3458	5073
3458	5083
3458	5412
3458	5421
3458	5499
3458	5804
3458	5897
3458	5947
3458	5963
3458	6337
3458	7618
3458	7855
3458	7961
3459	15
3459	896
3459	1549
3459	1799
3459	2276
3459	2398
3459	2440
3459	2516
3459	2765
3459	2925
3459	3015
3459	3027
3459	3089
3459	3103
3459	3456
3459	3464
3459	3643
3459	3830
3459	3897
3459	3898
3459	3910
3459	3976
3459	4041
3459	4099
3459	4310
3459	4355
3459	4400
3459	4448
3459	4574
3459	4600
3459	4653
3459	4712
3459	4764
3459	4875
3459	4929
3459	4986
3459	5061
3459	5103
3459	5144
3459	5155
3459	5178
3459	5199
3459	5226
3459	5254
3459	5262
3459	5301
3459	5305
3459	5321
3459	5363
3459	5393
3459	5415
3459	5437
3459	5449
3459	5484
3459	5506
3459	5524
3459	5559
3459	5596
3459	5624
3459	5635
3459	5638
3459	5739
3459	5780
3459	5809
3459	5811
3459	5830
3459	5839
3459	5844
3459	5871
3459	5886
3459	5950
3459	5980
3459	6029
3459	6078
3459	6106
3459	6124
3459	6198
3459	6221
3459	6272
3459	6299
3459	6432
3459	6441
3459	6481
3459	6576
3459	6606
3459	6665
3459	6699
3459	6832
3459	6869
3459	7116
3459	7301
3459	7809
3460	2326
3460	3238
3460	3464
3460	3830
3460	4463
3460	4662
3460	4791
3460	4875
3460	5073
3460	5083
3460	5178
3460	5210
3460	5289
3460	5596
3460	5819
3460	5829
3460	6347
3460	7131
3460	7510
3460	7855
3460	7879
3460	7908
3461	72
3461	222
3461	1185
3461	1247
3461	1548
3461	1984
3461	2066
3461	2144
3461	2252
3461	2277
3461	2326
3461	2398
3461	2552
3461	2760
3461	2787
3461	2811
3461	2917
3461	3034
3461	3073
3461	3089
3461	3140
3461	3271
3461	3321
3461	3447
3461	3454
3461	3455
3461	3456
3461	3464
3461	3557
3461	3607
3461	3631
3461	3643
3461	3755
3461	3796
3461	3835
3461	3898
3461	3956
3461	4011
3461	4037
3461	4040
3461	4044
3461	4055
3461	4072
3461	4098
3461	4099
3461	4110
3461	4191
3461	4256
3461	4266
3461	4269
3461	4297
3461	4335
3461	4529
3461	4536
3461	4578
3461	4587
3461	4613
3461	4625
3461	4631
3461	4646
3461	4648
3461	4650
3461	4658
3461	4666
3461	4677
3461	4678
3461	4713
3461	4777
3461	4778
3461	4779
3461	4795
3461	4808
3461	4809
3461	4811
3461	4815
3461	4828
3461	4875
3461	4964
3461	4977
3461	4986
3461	5075
3461	5189
3461	5215
3461	5321
3461	5449
3461	5452
3461	5454
3461	5457
3461	5463
3461	5539
3461	5559
3461	5563
3461	5568
3461	5592
3461	5620
3461	5651
3461	5680
3461	5683
3461	5693
3461	8295
3461	8296
3462	72
3462	1157
3462	1185
3462	1305
3462	1352
3462	1473
3462	1548
3462	1984
3462	2014
3462	2144
3462	2326
3462	2354
3462	2398
3462	2456
3462	2696
3462	2760
3462	2822
3462	2871
3462	3014
3462	3192
3462	3352
3462	3433
3462	3443
3462	3464
3462	3557
3462	3956
3462	3958
3462	4011
3462	4037
3462	4040
3462	4044
3462	4072
3462	4124
3462	4189
3462	4212
3462	4266
3462	4338
3462	4466
3462	4510
3462	4613
3462	4712
3462	4776
3462	4796
3462	4811
3462	4962
3462	5254
3462	5484
3462	5511
3462	5817
3462	6156
3462	6501
3462	6632
3462	6634
3462	7478
3463	1185
3463	1360
3463	1688
3463	2592
3463	2790
3463	2811
3463	2871
3463	3014
3463	3027
3463	3034
3463	3073
3463	3106
3463	3125
3463	3140
3463	3144
3463	3321
3463	3334
3463	3352
3463	3443
3463	3454
3463	3464
3463	3635
3463	3664
3463	3748
3463	3806
3463	3812
3463	3958
3463	4011
3463	4040
3463	4072
3463	4199
3463	4212
3463	4261
3463	4266
3463	4466
3463	4485
3463	4510
3463	4528
3463	4531
3463	4551
3463	4578
3463	4613
3463	4662
3463	4706
3463	4719
3463	4735
3463	4796
3463	4808
3463	4811
3463	4814
3463	4820
3463	4827
3463	5106
3463	5204
3463	5239
3463	5817
3465	3258
3465	3459
3465	5301
3466	1166
3466	1352
3466	1549
3466	2209
3466	2535
3466	3459
3466	3473
3466	3680
3466	3969
3466	4037
3466	4735
3466	4986
3466	5020
3466	5073
3466	5301
3466	6606
3466	7088
3467	3473
3468	2324
3468	3473
3468	3489
3469	737
3469	825
3469	1166
3469	2535
3469	2686
3469	3028
3469	3073
3469	3084
3469	3192
3469	3433
3469	3452
3469	3473
3469	3529
3469	3567
3469	3587
3469	3615
3469	3804
3469	4201
3469	4335
3469	4485
3469	4827
3469	5844
3469	6262
3470	825
3470	974
3470	1166
3470	1744
3470	2209
3470	2252
3470	2597
3470	2623
3470	2654
3470	2667
3470	2674
3470	2693
3470	2973
3470	3148
3470	3173
3470	3473
3470	3489
3470	3580
3470	3587
3470	3670
3470	8293
3472	1305
3472	2237
3472	2285
3472	2440
3472	2775
3472	2811
3472	3352
3472	3460
3472	3473
3472	3635
3472	4037
3472	4534
3472	4654
3472	4999
3472	5083
3471	3473
3471	4037
3475	2790
3479	72
3479	1157
3479	1166
3479	1307
3479	1729
3479	1744
3479	1990
3479	2066
3479	2134
3479	2237
3479	2328
3479	2364
3479	2369
3479	2499
3479	2516
3479	2612
3479	2619
3479	2646
3479	2653
3479	2657
3479	2667
3479	2687
3479	2932
3479	2958
3479	2981
3479	3002
3479	3005
3479	3009
3479	3027
3479	3073
3479	3084
3479	3089
3479	3125
3479	3192
3479	3276
3479	3321
3479	3334
3479	3352
3479	3417
3479	3439
3479	3456
3479	3537
3479	3538
3479	3568
3479	3580
3479	3587
3479	3615
3479	3631
3479	3661
3479	3691
3479	3748
3479	3843
3479	3958
3479	4013
3479	4037
3479	4040
3479	4041
3479	4065
3479	4138
3479	4191
3479	4233
3479	4263
3479	4269
3479	4289
3479	4299
3479	4323
3479	4332
3479	4335
3479	4351
3479	4365
3479	4385
3479	4422
3479	4480
3479	4483
3479	4485
3479	4574
3479	4600
3479	4661
3479	4662
3479	4814
3479	4827
3479	4828
3479	4875
3479	4929
3479	4938
3479	4999
3479	5130
3479	5459
3479	5482
3479	5513
3479	5637
3479	5693
3479	5732
3479	5737
3479	5743
3479	5844
3479	5872
3479	5963
3479	6098
3479	6124
3479	6218
3479	6739
3480	978
3480	1915
3480	2506
3480	2654
3480	2657
3480	2660
3480	2687
3480	2727
3480	2775
3480	2973
3480	3007
3480	3352
3480	3458
3480	3541
3480	3650
3480	3681
3480	4201
3480	4735
3481	1297
3481	2290
3481	2324
3481	2485
3481	2653
3481	2660
3481	2686
3481	2687
3481	2799
3481	3059
3481	3117
3481	3480
3481	3538
3481	3737
3481	3807
3481	3867
3481	3914
3482	825
3482	974
3482	1100
3482	1297
3482	2209
3482	2252
3482	2257
3482	2324
3482	2485
3482	2506
3482	2597
3482	2654
3482	2667
3482	2687
3482	2973
3482	2974
3482	3010
3482	3028
3482	3114
3482	3480
3482	3769
3482	3772
3482	4191
3482	4290
3483	1247
3483	1990
3483	2144
3483	2209
3483	2654
3483	2657
3483	2674
3483	2687
3483	2831
3483	3026
3483	3276
3483	3393
3483	3417
3483	3634
3483	3897
3483	5263
3483	5430
3483	5484
3483	5545
3483	6251
3477	827
3477	1706
3477	2209
3477	2210
3477	2252
3477	2257
3477	2411
3477	2485
3477	2508
3477	2510
3477	2535
3477	2565
3477	2585
3477	2595
3477	2597
3477	2619
3477	2623
3477	2653
3477	2654
3477	2674
3477	2687
3477	2727
3477	2746
3477	2747
3477	3005
3477	3010
3477	3024
3477	3117
3477	3173
3477	3260
3477	3404
3477	3506
3477	3529
3477	3557
3477	3587
3477	3646
3477	3650
3477	3681
3477	3800
3477	3812
3477	3816
3477	3843
3477	3847
3477	3937
3477	3946
3477	3967
3477	3970
3477	3971
3477	3973
3477	3980
3477	4021
3477	4024
3477	8294
3478	1159
3478	1239
3478	1297
3478	1473
3478	2001
3478	2511
3478	2687
3478	2693
3478	2775
3478	3089
3478	3394
3478	3479
3478	3586
3478	3873
3478	3958
3478	4138
3478	4179
3478	4289
3478	4338
3478	4527
3478	4781
3478	4797
3478	4828
3478	5179
3478	5226
3478	5288
3478	5335
3478	5454
3478	5543
3478	5732
3478	5775
3478	5799
3478	5814
3478	5829
3478	5850
3478	5994
3478	6006
3478	6124
3478	6227
3478	6458
3478	6918
3478	7115
3487	3489
3488	465
3488	608
3488	1157
3488	1473
3488	1706
3488	2066
3488	2328
3488	2506
3488	2655
3488	3084
3488	3117
3488	3489
3488	3892
3488	3967
3488	4055
3488	4365
3492	2285
3492	5814
3492	8293
3493	8293
3490	3321
3490	8293
3494	8293
3495	2285
3495	5375
3495	8293
3427	8293
3496	2144
3496	2542
3496	2623
3496	2660
3496	2859
3496	3258
3496	3562
3496	4485
3496	4531
3496	8293
3491	2285
3491	8293
2524	1688
2524	2508
2524	2693
2524	3946
2524	5246
2524	7803
2524	8293
3497	8293
3498	346
3498	608
3498	737
3498	896
3498	1385
3498	1473
3498	1571
3498	1799
3498	2001
3498	2237
3498	2290
3498	2326
3498	2381
3498	2398
3498	2456
3498	2490
3498	2516
3498	2535
3498	2605
3498	2775
3498	2909
3498	3014
3498	3015
3498	3089
3498	3180
3498	3238
3498	3297
3498	3309
3498	3352
3498	3393
3498	3443
3498	3452
3498	3456
3498	3460
3498	3586
3498	3631
3498	3755
3498	3796
3498	3835
3498	3897
3498	3910
3498	3969
3498	4037
3498	4040
3498	4099
3498	4335
3498	4448
3498	4530
3498	4534
3498	4536
3498	4587
3498	4600
3498	4653
3498	4666
3498	4712
3498	4735
3498	4811
3498	4846
3498	4899
3498	4953
3498	4977
3498	4986
3498	5022
3498	5061
3498	5072
3498	5155
3498	5189
3498	5254
3498	5285
3498	5412
3498	5423
3498	5449
3498	5452
3498	5454
3498	5459
3498	5463
3498	5482
3498	5509
3498	5524
3498	5527
3498	5637
3498	5651
3498	5683
3498	5693
3498	5721
3498	5743
3498	5753
3498	5780
3498	5790
3498	5828
3498	5837
3498	5844
3498	5863
3498	5902
3498	5936
3498	5991
3498	5994
3498	6098
3498	6299
3498	6328
3498	6918
3498	7054
3498	7478
3498	7553
3498	7587
3498	7632
3498	7726
3498	7882
3498	7961
3498	8044
3498	8083
3498	8178
3498	8293
3498	8294
3499	2285
3499	7803
3499	8293
3500	8293
3504	2623
3509	2542
3510	3516
3515	3516
3515	3538
3515	3587
3511	3516
3512	1706
3512	2209
3512	2328
3512	2485
3512	2510
3512	2653
3512	2799
3512	2981
3512	3516
3513	204
3513	2660
3513	3009
3513	3516
3514	3516
3518	1297
3518	2398
3518	2657
3518	3005
3518	3720
3518	8294
3519	737
3519	1549
3519	2134
3519	2145
3519	2237
3519	2328
3519	2398
3519	2485
3519	2516
3519	2565
3519	2576
3519	2585
3519	2595
3519	2619
3519	2657
3519	2686
3519	2693
3519	2746
3519	2831
3519	2871
3519	3007
3519	3024
3519	3026
3519	3028
3519	3084
3519	3092
3519	3117
3519	3258
3519	3291
3519	3352
3519	3443
3519	3456
3519	3529
3519	3568
3519	3615
3519	3661
3519	3796
3519	3800
3519	3892
3519	4191
3519	4247
3519	4263
3519	4400
3519	4448
3519	4587
3519	4600
3519	5144
3519	5459
3520	3529
3521	15
3521	825
3521	2066
3521	2328
3521	2485
3521	2535
3521	2790
3521	2940
3521	3005
3521	3117
3521	3125
3521	3258
3521	3291
3521	3334
3521	3443
3521	3498
3521	3529
3521	3568
3521	3969
3521	4384
3521	4453
3521	4482
3521	4485
3521	4735
3521	5844
3521	5886
3521	6328
3521	7632
3521	7757
3522	15
3522	2001
3522	2134
3522	2328
3522	2364
3522	2384
3522	2398
3522	2565
3522	2851
3522	2958
3522	3192
3522	3291
3522	3334
3522	3393
3522	3394
3522	3447
3522	3453
3522	3455
3522	3456
3522	3529
3522	3554
3522	3557
3522	3650
3522	3691
3522	3806
3522	3910
3522	3976
3522	4044
3522	4124
3522	4441
3522	4510
3522	4551
3522	4552
3522	4558
3522	4584
3522	4620
3522	4631
3522	4661
3522	4824
3522	4831
3522	4875
3522	5020
3522	5073
3522	5179
3522	5233
3522	5254
3522	5305
3522	5375
3522	5454
3522	5457
3522	5511
3522	5543
3522	5630
3522	5639
3522	5640
3522	5683
3522	5697
3522	5790
3522	5818
3522	5902
3522	5963
3522	5994
3522	6124
3522	6148
3522	6246
3522	6306
3522	6327
3522	6553
3522	6634
3522	6770
3522	7225
3523	1100
3523	1297
3523	1744
3523	1915
3523	2257
3523	2324
3523	2411
3523	2485
3523	2510
3523	2654
3523	2657
3523	2693
3523	2727
3523	2747
3523	2973
3523	3005
3523	3010
3523	3109
3523	3114
3523	3148
3523	3520
3523	3529
3523	3670
3523	3681
3523	3769
3523	3776
3523	3804
3523	3807
3524	3529
3525	1297
3525	1935
3525	2114
3525	2510
3525	2657
3525	2923
3525	3005
3525	3059
3525	3200
3525	3404
3525	3529
3525	3541
3525	3680
3525	3772
3525	3807
3525	6855
3526	1706
3526	2411
3526	2485
3526	2654
3526	3529
3526	3887
3527	465
3527	608
3527	778
3527	827
3527	840
3527	1297
3527	1403
3527	1453
3527	1706
3527	1777
3527	1915
3527	2114
3527	2257
3527	2411
3527	2485
3527	2508
3527	2544
3527	2565
3527	2585
3527	2619
3527	2657
3527	2686
3527	2727
3527	2785
3527	3007
3527	3010
3527	3024
3527	3026
3527	3028
3527	3059
3527	3084
3527	3117
3527	3200
3527	3260
3527	3352
3527	3480
3527	3483
3527	3529
3527	3576
3527	3631
3527	3646
3527	3650
3527	3772
3527	3803
3527	3804
3527	3812
3527	3822
3527	3871
3527	3887
3527	3892
3527	3893
3527	3903
3527	3926
3527	3933
3527	3937
3527	3946
3527	3967
3527	5012
3527	5288
3527	5484
3527	6560
3527	6994
3527	7108
3527	7214
3386	204
3386	974
3386	1166
3386	2066
3386	2398
3386	3005
3386	3028
3386	3089
3386	3117
3386	3456
3386	3892
3386	5100
3530	204
3530	2660
3530	4349
3531	2290
3532	2290
3532	2727
3532	2747
3532	2974
3532	3548
3535	2016
3535	2653
3535	4994
3535	6148
3535	6437
3536	417
3536	2016
3536	2660
3536	2667
3536	2799
3536	3520
3538	4687
3538	6720
3539	2508
3539	2660
3540	2595
3540	2660
3540	3717
3540	4349
3541	762
3541	825
3541	1239
3541	1453
3541	1915
3541	1935
3541	2066
3541	2114
3541	2145
3541	2210
3541	2307
3541	2506
3541	2508
3541	2544
3541	2565
3541	2585
3541	2595
3541	2646
3541	2653
3541	2655
3541	2657
3541	2660
3541	2667
3541	2686
3541	2727
3541	2746
3541	2859
3541	2900
3541	2923
3541	2958
3541	3005
3541	3007
3541	3026
3541	3028
3541	3059
3541	3084
3541	3117
3541	3200
3541	3260
3541	3276
3541	3394
3541	3404
3541	3454
3541	3480
3541	3562
3541	3576
3541	3616
3541	3645
3541	3650
3541	3680
3541	3803
3541	3807
3541	3809
3541	3812
3541	3847
3541	3849
3541	3871
3541	3887
3541	3888
3541	3892
3541	3893
3541	3903
3541	3922
3541	3926
3541	3933
3541	3937
3541	3942
3541	3967
3541	4011
3541	4021
3541	4024
3541	4049
3541	4055
3541	4110
3541	4162
3541	4179
3541	4191
3541	4256
3541	4417
3541	4424
3541	4578
3542	2485
3542	2660
3542	3453
3542	4011
3542	5058
3543	2657
3543	2660
3543	3548
3508	417
3508	1166
3508	1297
3508	2328
3508	2535
3508	2660
3508	2900
3508	3026
3508	3680
3508	4735
3508	6496
3544	2657
3544	2660
3544	2799
3544	3276
3544	3609
3544	3646
3544	3937
3545	2660
3545	7890
3550	417
3551	417
3552	417
3553	417
3553	2252
3553	2597
3553	2653
3553	2654
3553	3276
3553	3587
3553	3670
3554	15
3554	2958
3554	3009
3554	4373
3554	5705
3554	7839
3555	465
3555	1935
3555	2324
3555	2328
3555	2667
3555	2693
3555	2746
3555	2973
3555	3009
3555	3024
3555	3026
3555	3537
3555	3887
3555	3892
3556	1680
3556	1915
3556	2114
3556	2686
3556	2727
3556	3200
3556	3276
3556	3541
3556	3680
3556	3804
3556	3807
3556	3892
3556	5204
3556	5222
3557	2257
3557	2799
3557	3028
3557	3084
3557	3615
3557	3645
3557	3871
3557	4199
3557	4558
3557	4562
3558	2799
3560	1297
3560	2516
3560	2565
3560	2597
3560	2653
3560	2667
3560	2923
3560	3125
3560	3320
3560	3803
3560	3843
3560	4299
3560	4402
3560	4463
3560	4481
3560	4485
3561	1935
3561	2667
3561	3562
3561	3856
3562	465
3562	825
3562	974
3562	1166
3562	1297
3562	1549
3562	1935
3562	1990
3562	2066
3562	2210
3562	2328
3562	2506
3562	2585
3562	2619
3562	2657
3562	2667
3562	2674
3562	2727
3562	2746
3562	2958
3562	2973
3562	3005
3562	3024
3562	3260
3562	3537
3562	3541
3562	3580
3562	3650
3562	3800
3562	3807
3562	3822
3562	3892
3562	3970
3562	4021
3562	4124
3562	4191
3562	4256
3562	6832
3562	7632
3562	8294
3563	2667
3563	4341
3563	5479
3564	2667
3564	3480
3565	2667
3566	2667
3567	2324
3567	2384
3567	2485
3567	2565
3567	2595
3567	2619
3567	2654
3567	2657
3567	2667
3567	2981
3567	3148
3567	3670
3567	3671
3567	3680
3567	3717
3567	4043
3567	4335
3567	4929
3568	15
3568	608
3568	737
3568	825
3568	827
3568	1185
3568	1239
3568	1307
3568	1453
3568	1688
3568	1990
3568	2066
3568	2134
3568	2257
3568	2328
3568	2384
3568	2398
3568	2485
3568	2506
3568	2516
3568	2576
3568	2585
3568	2612
3568	2653
3568	2657
3568	2760
3568	2822
3568	2831
3568	2859
3568	2871
3568	2900
3568	2932
3568	2958
3568	2981
3568	3010
3568	3015
3568	3103
3568	3114
3568	3125
3568	3192
3568	3258
3568	3321
3568	3334
3568	3352
3568	3394
3568	3417
3568	3439
3568	3443
3568	3454
3568	3456
3568	3460
3568	3463
3568	3479
3568	3537
3568	3557
3568	3562
3568	3615
3568	3635
3568	3645
3568	3660
3568	3661
3568	3720
3568	3787
3568	3796
3568	3800
3568	3812
3568	3813
3568	3843
3568	3897
3568	3910
3568	3946
3568	3949
3568	3970
3568	3973
3568	4011
3568	4013
3568	4021
3568	4030
3568	4040
3568	4043
3568	4047
3568	4049
3568	4051
3568	4055
3568	4072
3568	4078
3568	4088
3568	4098
3568	4103
3568	4110
3568	4124
3568	4138
3568	4162
3568	4171
3568	4173
3568	4179
3568	4189
3568	4191
3568	4201
3568	4233
3568	4235
3568	4256
3568	4261
3568	4263
3568	4265
3568	4269
3568	4289
3568	4297
3568	4299
3568	4323
3568	4335
3568	4373
3568	4417
3568	4448
3568	4483
3568	4530
3568	4536
3568	4547
3568	4551
3568	4578
3568	4605
3568	4653
3568	4662
3568	4706
3568	4712
3568	4735
3568	4811
3568	4953
3568	4999
3568	5130
3568	5146
3568	5176
3568	5200
3568	5254
3568	5262
3568	5404
3568	5459
3568	5484
3568	5509
3568	5620
3568	5757
3568	5844
3568	5848
3568	5863
3568	5928
3568	6162
3568	8294
3569	1297
3569	1453
3569	1549
3569	1777
3569	2114
3569	2210
3569	2485
3569	2508
3569	2565
3569	2653
3569	2654
3569	2657
3569	2693
3569	2747
3569	2900
3569	3026
3569	3059
3569	3148
3569	3173
3569	3200
3569	3352
3569	3537
3569	3541
3569	3557
3569	3580
3569	3646
3569	3650
3569	3680
3569	3720
3569	3803
3569	3804
3569	3807
3569	3871
3569	3926
3569	3937
3569	3946
3569	4021
3569	4043
3569	4653
3569	5484
3569	5814
3569	6347
3576	2252
3576	3026
3576	3970
3576	6855
3577	2252
3579	3580
3579	4181
3578	3580
3578	3708
3587	1026
3587	1166
3587	2324
3587	2674
3587	3459
3587	4488
3587	5022
3587	6328
3587	6388
3587	6850
3587	6855
3587	6869
3587	7567
3587	7708
3587	8178
3581	3587
3582	3587
3583	1915
3583	2657
3583	2747
3583	3587
3584	3587
3585	3587
3585	6505
3586	155
3586	1026
3586	2160
3586	2658
3586	2774
3586	2940
3586	3084
3586	3238
3586	3291
3586	3293
3586	3334
3586	3498
3586	3587
3586	3634
3586	3770
3586	3830
3586	3873
3586	3897
3586	3962
3586	4037
3586	4065
3586	4099
3586	4218
3586	4310
3586	4401
3586	4435
3586	4441
3586	4483
3586	4632
3586	4687
3586	4709
3586	4712
3586	4748
3586	4795
3586	4828
3586	4875
3586	4981
3586	4994
3586	5020
3586	5022
3586	5037
3586	5079
3586	5103
3586	5123
3586	5178
3586	5188
3586	5199
3586	5200
3586	5210
3586	5254
3586	5298
3586	5335
3586	5423
3586	5479
3586	5484
3586	5524
3586	5527
3586	5543
3586	5563
3586	5605
3586	5624
3586	5638
3586	5684
3586	5714
3586	5739
3586	5753
3586	5760
3586	5799
3586	5800
3586	5804
3586	5806
3586	5811
3586	5814
3586	5819
3586	5827
3586	5839
3586	5872
3586	5886
3586	5902
3586	5972
3586	5980
3586	6032
3586	6043
3586	6044
3586	6123
3586	6226
3586	6227
3586	6251
3586	6270
3586	6272
3586	6296
3586	6311
3586	6327
3586	6344
3586	6407
3586	6414
3586	6427
3586	6464
3586	6481
3586	6501
3586	6505
3586	6555
3586	6613
3586	6665
3586	6680
3586	6715
3586	6770
3586	6780
3586	6784
3586	6832
3586	6833
3586	6875
3586	6907
3586	6913
3586	6914
3586	6930
3586	6934
3586	6942
3586	6976
3586	6979
3586	7012
3586	7021
3586	7050
3586	7063
3586	7092
3586	7110
3586	7119
3586	7143
3586	7144
3586	7168
3586	7185
3586	7237
3586	7301
3586	7351
3586	7381
3586	7400
3586	7414
3586	7436
3586	7553
3586	7587
3586	7632
3586	7651
3586	7662
3586	7726
3586	7795
3586	7809
3586	7835
3586	7874
3586	7921
3586	7961
3586	7979
3586	8042
3586	8051
3586	8121
3586	8128
3586	8295
3589	2510
3589	2657
3589	2923
3589	3276
3589	3681
3528	1166
3528	1297
3528	2257
3528	2411
3528	2565
3528	2654
3528	2923
3528	2973
3528	3024
3528	3276
3528	3737
3528	3745
3528	3804
3591	2517
3591	2787
3591	3014
3591	3334
3591	3352
3591	3454
3591	3568
3591	3615
3591	3645
3591	4299
3591	4480
3591	4578
3591	8294
3590	3591
3593	554
3593	1403
3593	1961
3593	2237
3593	2354
3593	2654
3593	2822
3593	2851
3593	3456
3593	3726
3593	3803
3593	4037
3593	4247
3593	4884
3593	4999
3593	5384
3593	5404
3593	5452
3593	5680
3593	5776
3593	5848
3593	6736
3593	7101
3593	7115
3593	7143
3593	7144
3594	554
3594	2384
3598	2354
3598	2654
3598	3173
3598	3192
3595	3173
3595	3537
3599	3173
3600	1166
3600	2674
3600	3173
3600	3650
3600	4219
3600	5430
3600	5811
3600	6123
3600	6417
3600	6946
3600	7279
3600	7478
3601	15
3601	346
3601	737
3601	974
3601	1026
3601	1799
3601	2001
3601	2276
3601	2324
3601	2369
3601	2398
3601	2657
3601	2696
3601	2774
3601	3027
3601	3089
3601	3173
3601	3334
3601	3459
3601	3645
3601	3646
3601	3748
3601	3785
3601	3830
3601	3897
3601	3958
3601	4037
3601	4138
3601	4191
3601	4216
3601	4297
3601	4310
3601	4400
3601	4530
3601	4578
3601	4795
3601	4797
3601	4820
3601	4977
3601	5189
3601	5392
3601	5412
3601	5680
3601	5721
3601	5732
3601	5737
3601	5743
3601	6156
3601	6251
3601	7620
3601	7632
3601	7699
3596	3173
3597	2066
3597	2328
3597	2485
3597	2565
3597	2696
3597	2747
3597	3010
3597	3026
3597	3059
3597	3173
3597	3192
3597	3404
3597	3681
3602	1166
3603	1166
3603	1305
3603	1310
3603	2237
3603	2917
3603	3002
3603	3433
3603	3803
3603	4044
3603	4189
3603	4792
3603	5254
3605	974
3606	974
3607	15
3607	762
3607	974
3607	2145
3607	2237
3607	2328
3607	2516
3607	2535
3607	2851
3607	3352
3607	3456
3607	4037
3607	4781
3607	4953
3607	5022
3607	5233
3607	5543
3607	5684
3607	6327
3607	6715
3607	6770
3607	6833
3607	7143
3607	7168
3610	1744
3610	2674
3610	2747
3610	3148
3611	1297
3611	1744
3611	2257
3611	2324
3611	2411
3611	2485
3611	2510
3611	2654
3611	2657
3611	2674
3611	2693
3611	2923
3611	2973
3611	3005
3611	3059
3611	3114
3611	3148
3611	3404
3611	3680
3611	3737
3611	3769
3611	3847
3613	3616
3614	465
3614	608
3614	737
3614	896
3614	1024
3614	1100
3614	1157
3614	1159
3614	1247
3614	1297
3614	1310
3614	1473
3614	1648
3614	1733
3614	1769
3614	1799
3614	1984
3614	1990
3614	2001
3614	2066
3614	2145
3614	2257
3614	2258
3614	2276
3614	2328
3614	2364
3614	2381
3614	2507
3614	2508
3614	2516
3614	2535
3614	2576
3614	2592
3614	2605
3614	2689
3614	2727
3614	2764
3614	2765
3614	2775
3614	2787
3614	2790
3614	2822
3614	2831
3614	2859
3614	2909
3614	2923
3614	2958
3614	3002
3614	3027
3614	3034
3614	3089
3614	3103
3614	3106
3614	3192
3614	3238
3614	3274
3614	3276
3614	3284
3614	3291
3614	3309
3614	3352
3614	3393
3614	3394
3614	3417
3614	3443
3614	3447
3614	3452
3614	3455
3614	3456
3614	3458
3614	3459
3614	3460
3614	3537
3614	3554
3614	3557
3614	3562
3614	3568
3614	3586
3614	3607
3614	3616
3614	3634
3614	3643
3614	3691
3614	3776
3614	3796
3614	3843
3614	3854
3614	3897
3614	3898
3614	3910
3614	3921
3614	3958
3614	4013
3614	4037
3614	4055
3614	4065
3614	4068
3614	4110
3614	4124
3614	4162
3614	4191
3614	4201
3614	4233
3614	4256
3614	4290
3614	4297
3614	4298
3614	4310
3614	4315
3614	4335
3614	4338
3614	4400
3614	4422
3614	4448
3614	4482
3614	4483
3614	4500
3614	4510
3614	4527
3614	4530
3614	4534
3614	4551
3614	4574
3614	4587
3614	4600
3614	4653
3614	4654
3614	4666
3614	4712
3614	4715
3614	4781
3614	4792
3614	4824
3614	4828
3614	4846
3614	4929
3614	4938
3614	4953
3614	4962
3614	4999
3614	5022
3614	5026
3614	5044
3614	5055
3614	5072
3614	5073
3614	5079
3614	5083
3614	5092
3614	5100
3614	5103
3614	5106
3614	5121
3614	5123
3614	5155
3614	5178
3614	5182
3614	5222
3614	5226
3614	5239
3614	5245
3614	5326
3614	5335
3614	5387
3614	5412
3614	5430
3614	5454
3614	5459
3614	5463
3614	5509
3614	5513
3614	5524
3614	5543
3614	5563
3614	5596
3614	5637
3614	5680
3614	5684
3614	5693
3614	5714
3614	5732
3614	5737
3614	5739
3614	5743
3614	5753
3614	5775
3614	5798
3614	5802
3614	5804
3614	5818
3614	5828
3614	5837
3614	5844
3614	5848
3614	5922
3614	5925
3614	5947
3614	6006
3614	6124
3614	6227
3614	6229
3614	6327
3614	6715
3614	6875
3614	7092
3615	465
3615	762
3615	778
3615	825
3615	827
3615	1297
3615	1307
3615	1453
3615	1549
3615	1688
3615	1706
3615	1729
3615	1769
3615	1915
3615	1990
3615	2066
3615	2144
3615	2145
3615	2237
3615	2240
3615	2252
3615	2307
3615	2328
3615	2381
3615	2398
3615	2411
3615	2508
3615	2516
3615	2535
3615	2544
3615	2592
3615	2595
3615	2619
3615	2646
3615	2653
3615	2655
3615	2657
3615	2686
3615	2746
3615	2760
3615	2859
3615	2871
3615	2932
3615	2981
3615	3007
3615	3024
3615	3026
3615	3059
3615	3117
3615	3125
3615	3140
3615	3180
3615	3192
3615	3200
3615	3258
3615	3260
3615	3291
3615	3352
3615	3394
3615	3404
3615	3439
3615	3443
3615	3452
3615	3453
3615	3455
3615	3456
3615	3483
3615	3541
3615	3557
3615	3562
3615	3568
3615	3607
3615	3616
3615	3635
3615	3645
3615	3650
3615	3660
3615	3664
3615	3691
3615	3720
3615	3796
3615	3803
3615	3804
3615	3806
3615	3807
3615	3812
3615	3822
3615	3843
3615	3847
3615	3887
3615	3893
3615	3903
3615	3910
3615	3926
3615	3933
3615	3937
3615	3946
3615	3956
3615	3967
3615	3969
3615	3970
3615	3980
3615	3999
3615	4013
3615	4024
3615	4043
3615	4044
3615	4055
3615	4098
3615	4111
3615	4124
3615	4179
3615	4233
3615	4256
3615	4263
3615	4269
3615	4289
3615	4290
3615	4299
3615	4349
3615	4365
3615	4384
3615	4417
3615	4422
3615	4424
3615	4463
3615	4480
3615	4485
3615	4531
3615	4547
3615	4578
3615	4587
3615	4666
3615	4798
3615	4953
3615	5121
3615	5130
3615	5132
3615	5210
3615	5804
3615	5817
3615	7683
3615	8293
3615	8294
3618	3148
3619	3148
3620	1157
3621	1157
3622	465
3622	1157
3622	1706
3622	1744
3622	2257
3622	2485
3622	2510
3622	2544
3622	2585
3622	2657
3622	2727
3622	2747
3622	3024
3622	3026
3622	3028
3622	3059
3622	3084
3622	3352
3622	3480
3622	3650
3622	3892
3622	3903
3624	72
3624	825
3624	1247
3624	1473
3624	1733
3624	1744
3624	1990
3624	2210
3624	2237
3624	2240
3624	2485
3624	2516
3624	2544
3624	2565
3624	2595
3624	2619
3624	2653
3624	2655
3624	2657
3624	2746
3624	2831
3624	2871
3624	2900
3624	2909
3624	2973
3624	2981
3624	3007
3624	3024
3624	3026
3624	3125
3624	3274
3624	3334
3624	3404
3624	3461
3624	3568
3624	3660
3624	3800
3624	3811
3624	3892
3624	3999
3624	4021
3624	4024
3624	4031
3624	4043
3624	4110
3624	4162
3624	4191
3624	4290
3624	4299
3624	4335
3624	4359
3624	4384
3624	4422
3624	4448
3624	4485
3624	4528
3624	4529
3624	4587
3624	4946
3624	5459
3624	5545
3624	5637
3624	5684
3624	5980
3625	1239
3625	3520
3625	4013
3625	4201
3629	2727
3629	3010
3629	3114
3629	3537
3604	2923
3604	3629
3628	3629
3630	465
3630	1297
3630	1729
3630	1990
3630	2066
3630	2240
3630	2276
3630	2398
3630	2585
3630	2612
3630	2657
3630	2746
3630	2923
3630	2958
3630	3005
3630	3024
3630	3117
3630	3439
3630	3454
3630	3562
3630	3650
3630	3660
3630	3661
3630	3812
3630	3898
3630	3946
3630	3973
3630	4021
3630	4299
3630	4373
3630	4510
3630	4531
3631	15
3631	72
3631	737
3631	762
3631	978
3631	1307
3631	1549
3631	2066
3631	2145
3631	2258
3631	2328
3631	2364
3631	2369
3631	2381
3631	2398
3631	2433
3631	2517
3631	2535
3631	2544
3631	2619
3631	2653
3631	2790
3631	2859
3631	3007
3631	3026
3631	3084
3631	3180
3631	3192
3631	3258
3631	3276
3631	3313
3631	3352
3631	3452
3631	3456
3631	3463
3631	3562
3631	3568
3631	3615
3631	3650
3631	3660
3631	3787
3631	3812
3631	3813
3631	3816
3631	3871
3631	3910
3631	3914
3631	3937
3631	3946
3631	3967
3631	3973
3631	4011
3631	4024
3631	4037
3631	4099
3631	4103
3631	4117
3631	4173
3631	4179
3631	4181
3631	4199
3631	4231
3631	4233
3631	4290
3631	4297
3631	4335
3631	4349
3631	4424
3631	4510
3631	4550
3631	4661
3631	4735
3631	4846
3631	5022
3631	5055
3631	5072
3631	5254
3631	5392
3631	5412
3631	5449
3631	5509
3631	5539
3631	5568
3631	5592
3631	5817
3631	6004
3631	6918
3631	7391
3631	7553
3631	8293
3631	8295
3632	3650
3633	608
3633	1549
3633	1777
3633	1915
3633	2066
3633	2114
3633	2252
3633	2384
3633	2411
3633	2508
3633	2565
3633	2585
3633	2657
3633	2746
3633	2923
3633	3028
3633	3117
3633	3260
3633	3480
3633	3557
3633	3576
3633	3650
3633	3680
3633	3720
3633	3800
3633	3803
3633	3804
3633	3807
3633	3812
3633	3822
3633	3871
3633	3887
3633	3893
3633	3898
3633	3926
3633	3933
3633	3946
3633	4011
3633	4013
3633	4021
3633	4110
3633	4162
3633	4173
3633	4181
3633	4201
3633	4349
3633	5404
3633	8294
3634	737
3634	1159
3634	1799
3634	1982
3634	2240
3634	2276
3634	2398
3634	2490
3634	2764
3634	2831
3634	3089
3634	3144
3634	3352
3634	3393
3634	3394
3634	3443
3634	3456
3634	3635
3634	3643
3634	3650
3634	3755
3634	3897
3634	3976
3634	4098
3634	4099
3634	4191
3634	4212
3634	4247
3634	4323
3634	4335
3634	4361
3634	4384
3634	4448
3634	4530
3634	4574
3634	4587
3634	4646
3634	4666
3634	4712
3634	4781
3634	4846
3634	4964
3634	5002
3634	5022
3634	5028
3634	5155
3634	5210
3634	5233
3634	5323
3634	5423
3634	5449
3634	5463
3634	5509
3634	5513
3634	5683
3634	5773
3634	5800
3634	5806
3634	5812
3634	5817
3634	5863
3634	5886
3634	5925
3634	5928
3634	5994
3634	6094
3634	6218
3634	6251
3634	6262
3634	6337
3634	6400
3634	6441
3634	6481
3634	6784
3634	6875
3634	6976
3634	7295
3634	7301
3634	7561
3634	7965
3634	8141
3634	8295
3635	608
3635	827
3635	1157
3635	1453
3635	1729
3635	2066
3635	2129
3635	2289
3635	2328
3635	2535
3635	2595
3635	2655
3635	2746
3635	2760
3635	2932
3635	2958
3635	3007
3635	3117
3635	3180
3635	3192
3635	3276
3635	3291
3635	3352
3635	3394
3635	3439
3635	3454
3635	3562
3635	3568
3635	3615
3635	3631
3635	3650
3635	3660
3635	3787
3635	3813
3635	3926
3635	3933
3635	3937
3635	3967
3635	3970
3635	3980
3635	4013
3635	4138
3635	4191
3635	4201
3635	4233
3635	4247
3635	4256
3635	4265
3635	4290
3635	4297
3635	4311
3635	4331
3635	4332
3635	4373
3635	4384
3635	4386
3635	4402
3635	4403
3635	4453
3635	4875
3635	6243
3635	7054
3635	7378
3636	1453
3636	2508
3636	2576
3636	2774
3636	3276
3636	3646
3636	3650
3636	3926
3636	3937
3636	4953
3636	5254
3637	2592
3637	3117
3637	3650
3637	3910
3638	3650
3639	762
3639	1777
3639	2760
3639	2871
3639	3026
3639	3144
3639	3309
3639	3537
3639	3650
3639	4261
3639	4662
3639	5055
3640	3650
3641	15
3641	72
3641	465
3641	737
3641	762
3641	825
3641	1026
3641	1060
3641	1307
3641	1385
3641	1549
3641	1680
3641	1688
3641	1769
3641	2066
3641	2134
3641	2144
3641	2145
3641	2160
3641	2210
3641	2276
3641	2307
3641	2326
3641	2328
3641	2398
3641	2433
3641	2507
3641	2516
3641	2544
3641	2565
3641	2576
3641	2653
3641	2696
3641	2746
3641	2790
3641	2822
3641	2831
3641	2851
3641	2859
3641	2900
3641	2909
3641	2917
3641	2925
3641	2958
3641	3002
3641	3014
3641	3024
3641	3026
3641	3027
3641	3059
3641	3084
3641	3089
3641	3103
3641	3117
3641	3191
3641	3192
3641	3238
3641	3258
3641	3260
3641	3334
3641	3352
3641	3393
3641	3404
3641	3417
3641	3439
3641	3454
3641	3456
3641	3459
3641	3460
3641	3537
3641	3562
3641	3568
3641	3607
3641	3615
3641	3631
3641	3643
3641	3650
3641	3720
3641	3724
3641	3748
3641	3792
3641	3796
3641	3800
3641	3813
3641	3854
3641	3897
3641	3898
3641	3946
3641	3962
3641	3969
3641	4021
3641	4037
3641	4044
3641	4065
3641	4099
3641	4110
3641	4124
3641	4162
3641	4171
3641	4173
3641	4179
3641	4191
3641	4247
3641	4254
3641	4269
3641	4297
3641	4298
3641	4310
3641	4335
3641	4349
3641	4400
3641	4488
3641	4536
3641	4547
3641	4587
3641	4600
3641	4632
3641	4645
3641	4653
3641	4662
3641	4687
3641	4709
3641	4712
3641	4713
3641	4764
3641	4781
3641	4795
3641	4811
3641	4828
3641	4846
3641	4884
3641	4929
3641	4962
3641	4977
3641	5022
3641	5033
3641	5037
3641	5073
3641	5079
3641	5103
3641	5121
3641	5182
3641	5189
3641	5295
3641	5321
3641	5327
3641	5335
3641	5404
3641	5412
3641	5415
3641	5437
3641	5439
3641	5449
3641	5452
3641	5454
3641	5459
3641	5484
3641	5506
3641	5524
3641	5527
3641	5543
3641	5563
3641	5596
3641	5605
3641	5693
3641	5697
3641	5714
3641	5739
3641	5743
3641	5753
3641	5800
3641	5802
3641	5811
3641	5818
3641	5829
3641	5848
3641	5871
3641	5977
3641	6004
3641	6098
3641	6105
3641	6107
3641	6123
3641	6124
3641	6148
3641	6227
3641	6229
3641	6272
3641	6347
3641	6417
3641	6464
3641	6498
3641	6560
3641	6613
3641	6739
3641	6770
3641	6777
3641	6783
3641	6805
3641	6855
3641	6860
3641	6869
3641	6897
3641	6901
3641	6930
3641	6934
3641	6948
3641	6955
3641	7092
3641	7108
3641	7632
3641	8294
3642	15
3642	72
3642	155
3642	465
3642	778
3642	840
3642	896
3642	1159
3642	1239
3642	1352
3642	1473
3642	1493
3642	1548
3642	1648
3642	1733
3642	1823
3642	1972
3642	1982
3642	2001
3642	2160
3642	2276
3642	2277
3642	2285
3642	2398
3642	2433
3642	2440
3642	2490
3642	2507
3642	2535
3642	2576
3642	2605
3642	2620
3642	2658
3642	2765
3642	2774
3642	2775
3642	2914
3642	2925
3642	3084
3642	3089
3642	3191
3642	3238
3642	3274
3642	3291
3642	3334
3642	3346
3642	3459
3642	3479
3642	3498
3642	3586
3642	3614
3642	3634
3642	3643
3642	3650
3642	3792
3642	3796
3642	3807
3642	3830
3642	3842
3642	3873
3642	3897
3642	3919
3642	3922
3642	3937
3642	3969
3642	3976
3642	4037
3642	4041
3642	4065
3642	4099
3642	4134
3642	4175
3642	4201
3642	4247
3642	4276
3642	4310
3642	4338
3642	4361
3642	4483
3642	4488
3642	4527
3642	4530
3642	4534
3642	4536
3642	4574
3642	4604
3642	4689
3642	4709
3642	4712
3642	4713
3642	4715
3642	4717
3642	4748
3642	4764
3642	4781
3642	4786
3642	4791
3642	4795
3642	4797
3642	4798
3642	4828
3642	4875
3642	4899
3642	4980
3642	5002
3642	5012
3642	5020
3642	5022
3642	5037
3642	5061
3642	5072
3642	5079
3642	5103
3642	5121
3642	5123
3642	5140
3642	5176
3642	5178
3642	5179
3642	5182
3642	5188
3642	5200
3642	5210
3642	5226
3642	5233
3642	5254
3642	5262
3642	5263
3642	5273
3642	5288
3642	5295
3642	5301
3642	5305
3642	5321
3642	5335
3642	5384
3642	5404
3642	5415
3642	5423
3642	5437
3642	5439
3642	5459
3642	5479
3642	5482
3642	5487
3642	5499
3642	5524
3642	5527
3642	5529
3642	5543
3642	5545
3642	5559
3642	5563
3642	5582
3642	5584
3642	5596
3642	5624
3642	5626
3642	5630
3642	5638
3642	5640
3642	5663
3642	5680
3642	5683
3642	5693
3642	5705
3642	5713
3642	5714
3642	5721
3642	5732
3642	5737
3642	5739
3642	5743
3642	5745
3642	5753
3642	5756
3642	5760
3642	5773
3642	5775
3642	5780
3642	5784
3642	5790
3642	5799
3642	5800
3642	5802
3642	5804
3642	5814
3642	5818
3642	5824
3642	5827
3642	5828
3642	5829
3642	5837
3642	5844
3642	5848
3642	5860
3642	5871
3642	5872
3642	5886
3642	5891
3642	5902
3642	5925
3642	5928
3642	5936
3642	5947
3642	5950
3642	5963
3642	5972
3642	5973
3642	5977
3642	5980
3642	5991
3642	5994
3642	6001
3642	6004
3642	6006
3642	6021
3642	6029
3642	6080
3642	6094
3642	6098
3642	6105
3642	6107
3642	6109
3642	6111
3642	6124
3642	6130
3642	6148
3642	6151
3642	6156
3642	6161
3642	6166
3642	6170
3642	6218
3642	6221
3642	6226
3642	6229
3642	6246
3642	6251
3642	6255
3642	6262
3642	6269
3642	6296
3642	6299
3642	6305
3642	6306
3642	6323
3642	6327
3642	6328
3642	6330
3642	6334
3642	6337
3642	6340
3642	6344
3642	6347
3642	6388
3642	6400
3642	6409
3642	6414
3642	6417
3642	6422
3642	6424
3642	6435
3642	6437
3642	6441
3642	6458
3642	6462
3642	6474
3642	6475
3642	6481
3642	6496
3642	6501
3642	6503
3642	6505
3642	6523
3642	6528
3642	6552
3642	6553
3642	6554
3642	6560
3642	6566
3642	6570
3642	6571
3642	6576
3642	6589
3642	6590
3642	6592
3642	6594
3642	6595
3642	6599
3642	6600
3642	6613
3642	6624
3642	6628
3642	6632
3642	6634
3642	6663
3642	6665
3642	6699
3642	6700
3642	6714
3642	6715
3642	6720
3642	6721
3642	6736
3642	6739
3642	6765
3642	6770
3642	6774
3642	6783
3642	6789
3642	6803
3642	6832
3642	6833
3642	6850
3642	6855
3642	6860
3642	6869
3642	6873
3642	6897
3642	6901
3642	6913
3642	6914
3642	6918
3642	6924
3642	6930
3642	6934
3642	6946
3642	6948
3642	6953
3642	6994
3642	7040
3642	7047
3642	7050
3642	7052
3642	7054
3642	7092
3642	7094
3642	7108
3642	7115
3642	7131
3642	7168
3642	7185
3642	7201
3642	7225
3642	7233
3642	7295
3642	7304
3642	7351
3642	7373
3642	7378
3642	7442
3642	7478
3642	7497
3642	7510
3642	7553
3642	7587
3642	7620
3642	7632
3642	7809
3642	7839
3642	8295
3643	15
3643	72
3643	608
3643	737
3643	1385
3643	1473
3643	2144
3643	2276
3643	2354
3643	2398
3643	2605
3643	2619
3643	2790
3643	3024
3643	3089
3643	3260
3643	3321
3643	3417
3643	3461
3643	3634
3643	3645
3643	3650
3643	3748
3643	3796
3643	3800
3643	3946
3643	3956
3643	3967
3643	3970
3643	4041
3643	4191
3643	4297
3643	4298
3643	4310
3643	4530
3643	4578
3643	4712
3643	4899
3643	5103
3643	5226
3643	5452
3643	5743
3643	6029
3643	6765
3645	737
3645	825
3645	827
3645	978
3645	1239
3645	2066
3645	2210
3645	2289
3645	2328
3645	2646
3645	2653
3645	2746
3645	2859
3645	2958
3645	3125
3645	3144
3645	3260
3645	3291
3645	3439
3645	3562
3645	3568
3645	3650
3645	3720
3645	3816
3645	3970
3645	4021
3645	4110
3645	4162
3645	4179
3645	4263
3645	4299
3645	4365
3645	4373
3645	4403
3645	4417
3645	4422
3645	4463
3645	4510
3645	4528
3645	4531
3649	3650
3646	825
3646	1777
3646	2210
3646	2657
3646	2958
3646	2981
3646	3650
3646	4021
3646	8294
3647	465
3647	1453
3647	1706
3647	2585
3647	3007
3647	3024
3647	3028
3647	3260
3647	3352
3647	3650
3647	3903
3647	3926
3647	3937
3651	3537
3652	3537
3654	2324
3653	2324
3653	2693
3655	825
3655	2324
3655	2693
3655	3002
3655	4103
3655	4110
3655	5055
3655	6918
3655	8294
3656	2693
3656	4072
3656	5288
3657	2693
3658	737
3658	1239
3658	1729
3658	2237
3658	2257
3658	2328
3658	2485
3658	2510
3658	2585
3658	2620
3658	2693
3658	2774
3658	2909
3658	2932
3658	3005
3658	3089
3658	3192
3658	3352
3658	3417
3658	3537
3658	3568
3658	3664
3658	3796
3658	4191
3658	4448
3658	4666
3658	4781
3658	5140
3658	5148
3658	5335
3658	5341
3658	5459
3658	5509
3658	5651
3658	5799
3658	6227
3658	6624
3658	6790
3658	7512
3659	465
3659	825
3659	978
3659	1385
3659	1706
3659	1729
3659	2066
3659	2289
3659	2307
3659	2544
3659	2585
3659	2727
3659	2859
3659	2958
3659	3026
3659	3028
3659	3059
3659	3084
3659	3117
3659	3352
3659	3394
3659	3404
3659	3568
3659	3660
3659	3871
3659	3887
3659	3892
3659	3912
3659	3914
3659	3922
3659	4188
3659	4263
3659	4289
3659	4297
3659	4411
3659	4417
3659	4424
3659	8293
3660	762
3660	1157
3660	1307
3660	1385
3660	1453
3660	1769
3660	1777
3660	1990
3660	2066
3660	2252
3660	2289
3660	2508
3660	2516
3660	2535
3660	2544
3660	2565
3660	2619
3660	2653
3660	2654
3660	2696
3660	2900
3660	2923
3660	2958
3660	3002
3660	3117
3660	3144
3660	3180
3660	3260
3660	3276
3660	3291
3660	3352
3660	3394
3660	3447
3660	3463
3660	3557
3660	3562
3660	3568
3660	3607
3660	3615
3660	3631
3660	3645
3660	3646
3660	3720
3660	3724
3660	3804
3660	3806
3660	3813
3660	3854
3660	3887
3660	3967
3660	4013
3660	4021
3660	4037
3660	4051
3660	4088
3660	4110
3660	4124
3660	4138
3660	4181
3660	4191
3660	4201
3660	4234
3660	4247
3660	4256
3660	4289
3660	4297
3660	4299
3660	4349
3660	4365
3660	4373
3660	4384
3660	4422
3660	4424
3660	4453
3660	4463
3660	4485
3660	4510
3660	4528
3660	4531
3660	4820
3660	4938
3660	4953
3660	4983
3660	5092
3660	5130
3660	5132
3660	8294
3661	825
3661	978
3661	1453
3661	1706
3661	1729
3661	2066
3661	2134
3661	2210
3661	2328
3661	2619
3661	2746
3661	2923
3661	3007
3661	3024
3661	3026
3661	3180
3661	3192
3661	3200
3661	3260
3661	3352
3661	3463
3661	3555
3661	3562
3661	3568
3661	3615
3661	3631
3661	3812
3661	3871
3661	3903
3661	3926
3661	3937
3661	3967
3661	4043
3661	4289
3661	4359
3661	4365
3662	3352
3662	4335
3662	6299
3662	6330
3662	6334
3662	6634
3662	6914
3662	7021
3662	7512
3662	7924
3663	3352
3664	3352
3665	1385
3665	1680
3665	1982
3665	2223
3665	2535
3665	2658
3665	3028
3665	3352
3665	3459
3665	3691
3665	4507
3665	4536
3665	5233
3665	5288
3665	6330
3665	6422
3665	6790
3665	6946
3665	7553
3665	8044
3666	222
3666	346
3666	737
3666	762
3666	1159
3666	1185
3666	1247
3666	1453
3666	1548
3666	1549
3666	1648
3666	1680
3666	1729
3666	1799
3666	2134
3666	2144
3666	2210
3666	2240
3666	2252
3666	2307
3666	2326
3666	2328
3666	2369
3666	2398
3666	2456
3666	2490
3666	2506
3666	2517
3666	2535
3666	2544
3666	2655
3666	2775
3666	2831
3666	2859
3666	2871
3666	2900
3666	2932
3666	2981
3666	3024
3666	3026
3666	3089
3666	3106
3666	3180
3666	3191
3666	3192
3666	3260
3666	3274
3666	3284
3666	3352
3666	3393
3666	3394
3666	3452
3666	3454
3666	3456
3666	3460
3666	3483
3666	3554
3666	3557
3666	3562
3666	3568
3666	3586
3666	3615
3666	3660
3666	3661
3666	3812
3666	3813
3666	3843
3666	3897
3666	3910
3666	3942
3666	3946
3666	3958
3666	3976
3666	4011
3666	4037
3666	4055
3666	4078
3666	4098
3666	4099
3666	4110
3666	4124
3666	4179
3666	4191
3666	4219
3666	4256
3666	4266
3666	4272
3666	4331
3666	4384
3666	4422
3666	4448
3666	4466
3666	4530
3666	4534
3666	4536
3666	4547
3666	4600
3666	4653
3666	4661
3666	4666
3666	4712
3666	4777
3666	4780
3666	4811
3666	4814
3666	4828
3666	4899
3666	4977
3666	4986
3666	5100
3666	5130
3666	5189
3666	5233
3666	5239
3666	5288
3666	5305
3666	5323
3666	5327
3666	5335
3666	5430
3666	5445
3666	5449
3666	5459
3666	5463
3666	5484
3666	5506
3666	5509
3666	5511
3666	5568
3666	5592
3666	5650
3666	5683
3666	5694
3666	5743
3666	5790
3666	5817
3666	5828
3666	5863
3666	5936
3666	5947
3666	5994
3666	6098
3666	8294
3666	8295
3667	2066
3667	3117
3667	3276
3667	3352
3667	3971
3667	4201
3668	3669
3673	2398
3673	2510
3673	4315
3673	4547
3673	5204
3674	2747
3674	3557
3675	2747
3676	2747
3677	1305
3677	2747
3678	1777
3678	1915
3678	1935
3678	2114
3678	2565
3678	2686
3678	2727
3678	2923
3678	3059
3678	3404
3678	3480
3678	3483
3678	3680
3678	3822
3678	3847
3678	3856
3678	3871
3681	2654
3682	778
3682	825
3682	827
3682	1140
3682	1157
3682	1239
3682	1307
3682	1453
3682	1549
3682	1744
3682	1777
3682	1915
3682	1935
3682	2066
3682	2114
3682	2328
3682	2433
3682	2508
3682	2565
3682	2619
3682	2653
3682	2655
3682	2657
3682	2686
3682	2859
3682	2900
3682	2981
3682	3024
3682	3180
3682	3260
3682	3276
3682	3291
3682	3394
3682	3404
3682	3463
3682	3483
3682	3541
3682	3562
3682	3681
3682	3769
3682	3772
3682	3787
3682	3800
3682	3803
3682	3806
3682	3813
3682	3816
3682	3847
3682	3871
3682	3887
3682	3898
3682	3926
3682	3933
3682	3937
3682	3942
3682	3946
3682	3967
3682	3970
3682	3980
3682	4024
3682	4088
3682	4110
3682	4162
3682	4173
3682	4181
3682	4201
3682	4233
3682	4247
3682	4256
3682	4269
3682	4289
3682	4323
3682	4331
3682	4351
3682	4373
3683	2398
3683	2654
3683	4037
3683	4884
3683	5246
3683	7478
3684	2654
3685	2237
3685	2654
3686	2384
3686	2654
3686	3871
3692	72
3692	1473
3692	2398
3692	2654
3692	4338
3692	5423
3692	5452
3692	5484
3687	2654
3688	15
3688	1385
3688	2289
3688	2654
3689	2654
3689	3352
3690	2654
3691	1140
3691	1191
3691	1307
3691	1473
3691	1799
3691	2289
3691	2398
3691	2654
3691	2658
3691	2689
3691	2822
3691	3106
3691	3238
3691	3301
3691	3352
3691	3394
3691	3452
3691	3456
3691	3480
3691	3537
3691	3557
3691	3568
3691	3615
3691	3634
3691	3769
3691	3792
3691	3832
3691	3847
3691	3885
3691	3969
3691	4011
3691	4037
3691	4044
3691	4124
3691	4191
3691	4201
3691	4218
3691	4233
3691	4234
3691	4310
3691	4335
3691	4359
3691	4424
3691	4448
3691	4481
3691	4820
3691	4944
3691	5020
3691	5141
3691	5208
3691	5271
3691	5288
3691	5295
3691	5298
3691	5335
3691	5404
3691	5449
3691	5459
3691	5481
3691	5513
3691	5529
3691	5568
3691	5739
3691	5760
3691	5800
3691	5835
3691	5902
3691	5963
3691	6032
3691	6305
3691	6498
3691	6665
3691	6833
3691	6897
3691	6917
3691	6934
3691	6938
3691	6945
3691	7042
3691	7047
3691	7054
3691	7110
3691	7161
3691	7186
3691	7306
3691	7378
3691	7387
3691	7422
3691	7423
3691	7440
3691	7450
3691	7497
3691	7587
3691	7632
3691	7809
3693	2654
3694	2654
3695	2654
3696	2654
3697	2654
3698	2654
3700	3645
3700	3701
3702	1744
3703	1744
3704	1744
3705	1549
3705	1744
3705	3804
3706	1744
3707	1744
3709	465
3709	1990
3709	2585
3709	3026
3709	3404
3709	4037
3709	6595
2067	3114
2067	6914
2067	7763
3711	3713
3712	3713
3714	1239
3714	2066
3714	2384
3714	2653
3714	2859
3714	2958
3714	3010
3714	3258
3714	3562
3714	4043
3714	4055
3714	4058
3714	4162
3714	4179
3714	8294
3715	3010
3717	3010
3718	3005
3719	1549
3719	2958
3719	3005
3719	3117
3719	3260
3719	3394
3719	3541
3719	3562
3719	3645
3719	4013
3719	4021
3719	4191
3719	4290
3719	4299
3723	762
3723	1297
3723	2508
3723	3459
3723	5412
3723	7587
3723	7632
3724	465
3724	608
3724	825
3724	978
3724	1140
3724	1239
3724	1297
3724	1307
3724	1385
3724	1453
3724	1729
3724	1990
3724	2066
3724	2134
3724	2210
3724	2289
3724	2328
3724	2508
3724	2516
3724	2544
3724	2565
3724	2585
3724	2595
3724	2612
3724	2646
3724	2653
3724	2746
3724	2859
3724	2900
3724	2932
3724	2958
3724	2981
3724	3026
3724	3059
3724	3117
3724	3125
3724	3144
3724	3192
3724	3258
3724	3291
3724	3313
3724	3346
3724	3439
3724	3483
3724	3555
3724	3562
3724	3568
3724	3615
3724	3645
3724	3660
3724	3661
3724	3787
3724	3800
3724	3816
3724	3867
3724	3914
3724	3926
3724	3933
3724	3937
3724	3946
3724	4013
3724	4021
3724	4024
3724	4031
3724	4043
3724	4051
3724	4055
3724	4110
3724	4138
3724	4162
3724	4179
3724	4181
3724	4183
3724	4201
3724	4233
3724	4234
3724	4247
3724	4254
3724	4256
3724	4263
3724	4269
3724	4289
3724	4299
3724	4349
3724	4373
3724	4384
3724	4412
3724	4422
3724	4424
3724	4463
3724	4480
3724	4485
3724	4510
3722	1297
3722	5773
3733	1297
3571	15
3571	1297
3571	1403
3571	1453
3571	1688
3571	2328
3571	2398
3571	2485
3571	2653
3571	2851
3571	2871
3571	2981
3571	3059
3571	3144
3571	3586
3571	3634
3571	3643
3571	3897
3571	3926
3571	4289
3571	4310
3571	4335
3571	4463
3571	5028
3571	5103
3571	5106
3571	5210
3571	5288
3571	5799
3571	5801
3571	5814
3571	5818
3571	5872
3571	5922
3571	5925
3571	6044
3571	6227
3571	6327
3571	6875
3571	6976
3571	6979
3571	7233
3571	7553
3571	7809
3571	7908
3725	1297
3725	2411
3725	2657
3725	4528
3726	1297
3726	2655
3726	3092
3727	1297
3728	15
3728	737
3728	762
3728	1024
3728	1297
3728	1307
3728	1385
3728	1453
3728	1473
3728	1549
3728	2001
3728	2066
3728	2398
3728	2506
3728	2508
3728	2516
3728	2774
3728	2785
3728	2909
3728	2917
3728	3034
3728	3089
3728	3106
3728	3192
3728	3276
3728	3352
3728	3456
3728	3458
3728	3720
3728	3724
3728	3843
3728	3887
3728	3946
3728	3976
3728	4037
3728	4099
3728	4110
3728	4175
3728	4201
3728	4220
3728	4261
3728	4289
3728	4335
3728	4349
3728	4400
3728	4417
3728	4463
3728	4480
3728	4536
3728	4587
3728	4600
3728	4709
3728	4712
3728	4719
3728	4735
3728	4777
3728	4797
3728	4808
3728	4875
3728	4977
3728	4983
3728	5020
3728	5083
3728	5100
3728	5176
3728	5233
3728	5327
3728	5341
3728	5412
3728	5417
3728	5430
3728	5449
3728	5506
3728	5524
3728	5775
3728	5780
3728	5828
3728	5936
3728	5994
3728	6347
3728	7855
3728	7912
3728	8294
3728	8295
3728	8296
3729	1297
3729	1307
3729	1990
3729	2066
3729	2328
3729	2775
3729	2790
3729	3562
3729	4191
3729	4811
3729	5484
3735	1297
3735	1549
3735	2210
3730	1297
3731	1297
3731	1915
3731	2411
3731	2727
3731	2974
3731	3200
3731	3480
3731	3557
3731	3646
3731	3803
3731	3804
3731	3807
3731	3822
3731	4453
3731	4480
3742	1100
3742	3443
3742	3976
3743	737
3743	1100
3743	1385
3743	3443
3743	3456
3743	4297
3743	4796
3743	4962
3743	5123
3743	5133
3744	3024
3744	3745
3746	2485
3747	2485
3747	3334
3747	5790
3747	6737
3748	1688
3748	2289
3748	2354
3748	2485
3748	2516
3748	2653
3748	2696
3748	2790
3748	2871
3748	2958
3748	3026
3748	3059
3748	3192
3748	3452
3748	3456
3748	3537
3748	3796
3748	3812
3748	3854
3748	4072
3748	4124
3748	4256
3748	4261
3748	4299
3748	4557
3748	4653
3748	4677
3748	4712
3748	5026
3748	5848
3749	737
3749	2485
3749	2871
3749	4037
3750	2485
3750	3007
3751	15
3751	2485
3751	2619
3751	3028
3751	3946
3751	4310
3751	5178
3751	5210
3751	6337
3751	8037
3751	8295
3752	2328
3752	2485
3752	2619
3752	2871
3752	3615
3752	3962
3752	4179
3752	5412
3752	5605
3752	6241
3752	7063
3752	7662
3752	7908
3752	8073
3752	8192
3753	2485
3754	2485
3754	2565
3754	2657
3754	3026
3754	3059
3754	3800
3679	2657
3679	5886
3757	2657
3720	825
3720	2066
3720	2210
3720	2657
3720	3260
3720	3562
3720	3568
3720	3615
3720	4030
3720	4183
3720	8294
3758	2657
3759	2657
3760	2657
3761	2535
3761	2657
3762	2657
3762	2900
3762	2923
3762	3394
3762	3912
3762	4323
3762	4453
3762	5288
3763	2657
3763	3452
3763	3933
3764	1549
3764	2657
3764	3769
3764	5807
3764	5922
3764	6330
3764	6790
3764	6953
3764	6955
3764	6979
3765	2411
3766	2411
3766	2790
3766	3028
3766	3034
3766	3271
3766	3453
3766	3480
3766	4646
3766	4735
3767	1385
3767	2066
3767	2210
3767	2411
3767	2565
3767	3117
3767	3192
3767	3394
3767	4110
3767	4173
3767	4384
3767	4385
3767	4403
3767	4510
3767	4529
3767	8293
3770	1403
3770	1549
3770	2210
3770	2535
3770	2746
3770	2851
3770	3180
3770	3346
3770	3769
3770	3800
3770	3808
3770	4037
3770	5432
3770	5582
3770	6503
3770	6560
3770	6736
3770	6784
3770	7214
3770	7222
3770	7295
3770	7946
3772	6930
3771	3480
3771	3643
3771	3772
3774	3776
3775	2923
3775	2958
3775	3024
3775	3180
3775	3394
3775	3720
3775	3776
3775	3970
3775	3974
3775	4218
3775	6979
3775	8294
3777	1385
3777	3568
3777	3646
3777	4297
3777	4373
3777	4384
3777	4402
3777	4413
3777	4417
3777	4424
3777	5239
3779	1024
3779	3480
3780	3480
3780	3887
3780	4110
3781	3480
3782	762
3782	3480
3782	4256
3784	3480
3783	3480
3785	737
3785	2398
3785	2411
3785	2565
3785	2958
3785	2981
3785	3026
3785	3276
3785	3483
3785	3562
3785	4179
3785	4189
3785	4199
3785	4666
3785	4846
3785	5200
3785	5484
3785	5693
3786	15
3786	608
3786	737
3786	825
3786	1159
3786	1453
3786	1549
3786	1777
3786	2001
3786	2066
3786	2252
3786	2258
3786	2273
3786	2277
3786	2354
3786	2398
3786	2535
3786	2576
3786	2605
3786	2746
3786	2774
3786	2958
3786	3089
3786	3260
3786	3334
3786	3456
3786	3541
3786	3562
3786	3631
3786	3897
3786	3910
3786	3946
3786	3958
3786	3967
3786	4013
3786	4037
3786	4098
3786	4127
3786	4173
3786	4191
3786	4201
3786	4310
3786	4335
3786	4530
3786	4536
3786	4574
3786	4666
3786	4712
3786	4777
3786	4795
3786	4797
3786	4964
3786	5002
3786	5020
3786	5072
3786	5155
3786	5253
3786	5254
3786	5285
3786	5288
3786	5321
3786	5341
3786	5412
3786	5423
3786	5445
3786	5452
3786	5454
3786	5463
3786	5503
3786	5514
3786	5533
3786	5545
3786	5559
3786	5624
3786	5630
3786	5651
3786	5663
3786	5683
3786	5705
3786	5721
3786	5737
3786	5760
3786	5778
3786	5780
3786	5790
3786	5828
3786	5863
3786	5936
3786	5963
3786	5973
3786	6262
3786	6311
3786	6337
3786	6567
3786	6833
3786	7632
3786	8134
3786	8293
3786	8295
2975	2974
2975	3541
3791	2974
3787	15
3787	72
3787	155
3787	346
3787	737
3787	762
3787	1185
3787	1305
3787	1310
3787	1360
3787	1549
3787	1680
3787	1799
3787	1982
3787	2014
3787	2129
3787	2134
3787	2145
3787	2237
3787	2252
3787	2258
3787	2326
3787	2328
3787	2354
3787	2369
3787	2398
3787	2456
3787	2506
3787	2516
3787	2517
3787	2535
3787	2565
3787	2612
3787	2619
3787	2653
3787	2658
3787	2696
3787	2727
3787	2774
3787	2785
3787	2790
3787	2871
3787	2909
3787	2958
3787	3007
3787	3014
3787	3034
3787	3073
3787	3084
3787	3089
3787	3140
3787	3191
3787	3192
3787	3260
3787	3276
3787	3291
3787	3309
3787	3321
3787	3334
3787	3346
3787	3352
3787	3393
3787	3394
3787	3439
3787	3443
3787	3454
3787	3455
3787	3456
3787	3459
3787	3460
3787	3479
3787	3537
3787	3554
3787	3557
3787	3568
3787	3631
3787	3724
3787	3748
3787	3796
3787	3813
3787	3885
3787	3897
3787	3910
3787	3958
3787	3976
3787	4011
3787	4037
3787	4040
3787	4055
3787	4099
3787	4103
3787	4124
3787	4191
3787	4247
3787	4263
3787	4266
3787	4290
3787	4315
3787	4335
3787	4349
3787	4361
3787	4365
3787	4384
3787	4400
3787	4483
3787	4530
3787	4536
3787	4551
3787	4578
3787	4613
3787	4661
3787	4666
3787	4712
3787	4713
3787	4715
3787	4735
3787	4776
3787	4777
3787	4796
3787	4797
3787	4808
3787	4811
3787	4814
3787	4820
3787	4827
3787	4828
3787	4846
3787	4875
3787	4942
3787	4953
3787	4962
3787	4977
3787	4980
3787	4999
3787	5002
3787	5022
3787	5028
3787	5055
3787	5083
3787	5148
3787	5162
3787	5233
3787	5254
3787	5263
3787	5288
3787	5305
3787	5321
3787	5327
3787	5378
3787	5392
3787	5412
3787	5415
3787	5445
3787	5449
3787	5452
3787	5454
3787	5457
3787	5482
3787	5484
3787	5529
3787	5568
3787	5582
3787	5683
3787	5684
3787	5760
3787	5784
3787	5790
3787	5798
3787	5800
3787	5804
3787	5811
3787	5814
3787	5817
3787	5828
3787	5863
3787	5902
3787	5936
3787	5963
3787	5973
3787	5994
3787	6044
3787	6156
3787	6246
3787	6251
3787	6255
3787	6262
3787	6305
3787	6306
3787	6320
3787	6328
3787	6347
3787	6388
3787	6400
3787	6560
3787	6613
3787	6634
3787	6720
3787	6934
3787	6948
3787	6979
3787	7047
3787	7054
3787	7225
3787	7277
3787	7280
3787	7378
3787	7391
3787	7422
3787	7478
3787	7497
3787	7517
3787	7529
3787	7544
3787	7553
3787	7587
3787	7620
3787	7632
3787	7699
3787	7726
3787	7788
3787	7810
3787	7899
3787	7908
3787	8083
3787	8122
3787	8124
3787	8134
3787	8141
3787	8219
3787	8224
3787	8237
3787	8295
3792	72
3792	762
3792	2516
3792	2727
3792	3034
3792	3238
3792	3276
3792	3456
3792	4335
3792	4578
3792	4717
3792	4828
3792	4938
3792	4999
3792	5083
3792	5215
3792	5295
3792	5484
3792	5509
3792	5714
3792	6296
3792	6305
3792	6337
3792	6347
3792	6832
3792	7073
3792	8297
3796	737
3796	762
3796	1648
3796	1688
3796	1733
3796	1769
3796	2144
3796	2145
3796	2237
3796	2364
3796	2381
3796	2398
3796	2516
3796	2576
3796	2592
3796	2760
3796	2775
3796	2787
3796	2811
3796	2871
3796	3002
3796	3014
3796	3034
3796	3092
3796	3274
3796	3276
3796	3284
3796	3321
3796	3352
3796	3433
3796	3447
3796	3452
3796	3453
3796	3537
3796	3568
3796	3607
3796	3615
3796	3635
3796	3664
3796	3691
3796	3724
3796	3748
3796	3755
3796	3797
3796	3813
3796	3843
3796	3854
3796	3976
3796	4040
3796	4099
3796	4124
3796	4127
3796	4191
3796	4212
3796	4261
3796	4266
3796	4297
3796	4335
3796	4482
3796	4528
3796	4531
3796	4534
3796	4547
3796	4562
3796	4574
3796	4578
3796	4587
3796	4613
3796	4653
3796	4661
3796	4666
3796	4719
3796	4735
3796	4778
3796	4792
3796	4796
3796	4814
3796	4824
3796	4827
3796	4899
3796	5020
3796	5026
3796	5055
3796	5058
3796	5061
3796	5072
3796	5073
3796	5083
3796	5092
3796	5100
3796	5106
3796	5123
3796	5130
3796	5144
3796	5182
3796	5204
3796	5226
3796	5239
3796	5301
3796	5459
3796	5683
3796	5693
3796	5737
3796	5743
3796	5775
3796	5780
3796	5828
3796	5844
3796	5848
3796	5886
3796	5891
3796	5947
3796	5963
3795	3797
3794	15
3794	72
3794	737
3794	1769
3794	2129
3794	2237
3794	2354
3794	2456
3794	2565
3794	2592
3794	2612
3794	2696
3794	3092
3794	3284
3794	3433
3794	3443
3794	3453
3794	3537
3794	3568
3794	3748
3794	3796
3794	3797
3794	3854
3794	4189
3794	4191
3794	4247
3794	4297
3794	4335
3794	4338
3794	4361
3794	4653
3794	4712
3794	4938
3794	4953
3794	5026
3794	5072
3794	5392
3794	5423
3794	5484
3794	5511
3794	5753
3794	5818
3794	5848
3794	6148
3794	6347
3794	6832
3798	465
3798	825
3798	1239
3798	1688
3798	2066
3798	2210
3798	2328
3798	2508
3798	2535
3798	2859
3798	3007
3798	3028
3798	3117
3798	3180
3798	3260
3798	3586
3798	3887
3798	3969
3798	4051
3798	4485
3798	5155
3798	5178
3798	6875
3799	465
3799	2585
3799	3007
3799	3028
3799	3892
3799	3903
3800	3028
3800	3454
3800	3568
3803	1060
3803	1769
3803	3748
3803	4212
3803	4551
3803	4792
3803	4797
3803	4962
3803	7101
3803	7115
3801	3803
3802	465
3802	3024
3802	3084
3802	3803
3802	3892
3802	3922
3802	3926
3802	3937
3804	2066
3804	2506
3804	4021
3804	4201
3804	8294
3805	3807
3806	15
3806	465
3806	608
3806	1473
3806	1548
3806	2134
3806	2398
3806	2565
3806	2612
3806	2775
3806	2790
3806	2871
3806	3024
3806	3144
3806	3192
3806	3291
3806	3352
3806	3447
3806	3458
3806	3554
3806	3643
3806	3807
3806	3835
3806	4041
3806	4098
3806	4138
3806	4191
3806	4263
3806	4290
3806	4299
3806	4417
3806	4463
3806	4964
3806	5072
3806	5123
3806	5327
3806	5392
3806	5423
3806	5484
3806	5511
3806	5543
3806	5639
3806	5814
3806	6566
3806	6606
3809	6634
3809	8042
3810	3811
3812	15
3812	825
3812	1307
3812	2145
3812	2506
3812	2595
3812	2655
3812	2746
3812	2811
3812	2822
3812	2871
3812	2909
3812	2958
3812	2981
3812	3014
3812	3024
3812	3089
3812	3125
3812	3180
3812	3258
3812	3320
3812	3352
3812	3417
3812	3717
3812	3720
3812	3816
3812	3967
3812	3976
3812	4011
3812	4012
3812	4021
3812	4024
3812	4031
3812	4043
3812	4049
3812	4051
3812	4072
3812	4088
3812	4117
3812	4448
3812	4468
3812	4578
3812	4587
3812	4600
3812	4735
3812	4811
3812	5684
3812	6337
3812	6759
3812	6946
3812	8042
3812	8293
3812	8294
3813	15
3813	737
3813	896
3813	1307
3813	2134
3813	2258
3813	2289
3813	2381
3813	2398
3813	2516
3813	2565
3813	2605
3813	2646
3813	2653
3813	2775
3813	2831
3813	3144
3813	3192
3813	3276
3813	3313
3813	3334
3813	3346
3813	3352
3813	3394
3813	3456
3813	3537
3813	3562
3813	3568
3813	3615
3813	3645
3813	3660
3813	3661
3813	3717
3813	3724
3813	3816
3813	3873
3813	3962
3813	4012
3813	4024
3813	4031
3813	4037
3813	4055
3813	4088
3813	4138
3813	4162
3813	4179
3813	4191
3813	4256
3813	4263
3813	4269
3813	4323
3813	4335
3813	4349
3813	4359
3813	4384
3813	4424
3813	4463
3813	4480
3813	4534
3813	4536
3813	4797
3813	4964
3813	5079
3813	5106
3813	5115
3813	5132
3813	5133
3813	5146
3813	5254
3813	5404
3813	5445
3813	5454
3813	5459
3813	5527
3813	5592
3813	5683
3813	5721
3813	5739
3813	5743
3813	5780
3813	5863
3813	5882
3813	5922
3813	5963
3813	6123
3813	6156
3813	6762
3813	6832
3813	6833
3813	6914
3813	7168
3813	7632
3813	7839
3813	8294
3814	825
3814	1239
3814	1307
3814	2210
3814	2252
3814	2506
3814	2653
3814	2746
3814	2859
3814	2958
3814	2981
3814	3125
3814	3144
3814	3180
3814	3258
3814	3260
3814	3313
3814	3320
3814	3346
3814	3568
3814	3615
3814	3720
3814	3800
3814	3816
3814	3822
3814	3843
3814	3967
3814	4021
3814	4024
3814	4030
3814	4031
3814	4043
3814	4051
3814	4055
3814	4088
3814	4103
3814	4110
3814	4162
3814	4173
3814	4181
3814	4269
3814	4299
3814	4386
3814	4402
3814	6624
3814	8293
3814	8294
3815	465
3815	2014
3815	2114
3815	2210
3815	2276
3815	2506
3815	2544
3815	2595
3815	2655
3815	3024
3815	3260
3815	3717
3815	3812
3815	3816
3815	3922
3815	4011
3815	4021
3815	4024
3815	5721
3815	5732
3817	3200
3823	3541
3823	4735
3824	3541
3827	2900
3827	4110
3829	1935
3830	15
3830	737
3830	1549
3830	1935
3830	2240
3830	2516
3830	2565
3830	3014
3830	3321
3830	3456
3830	3911
3830	4191
3830	4735
3830	4796
3830	5073
3830	5100
3830	5412
3830	5463
3830	5479
3830	6098
3821	1935
3821	3007
3832	1935
3833	1935
3833	2923
3833	3892
3834	2114
3835	346
3835	1799
3835	2114
3835	2354
3835	2398
3835	2456
3835	3321
3835	3334
3835	3970
3835	4037
3835	4040
3835	4044
3835	4266
3835	4335
3835	4466
3835	4588
3835	4661
3835	4706
3835	4712
3835	4795
3835	4796
3835	4797
3835	4808
3835	4814
3835	4827
3835	4962
3835	5020
3835	5335
3835	5341
3835	5430
3835	5449
3835	5454
3835	5650
3835	5922
3835	6532
3836	2114
3837	2114
3841	2923
3839	2328
3839	2544
3839	2923
3839	3014
3839	3562
3840	2923
3842	608
3842	778
3842	1453
3842	2508
3842	2619
3842	2923
3842	3007
3842	3024
3842	3260
3842	3404
3842	3812
3842	3926
3842	3937
3842	3946
3842	3970
3843	762
3843	2565
3843	3276
3843	3443
3843	3453
3843	3455
3843	3458
3843	3847
3843	3958
3843	4266
3843	4335
3843	4448
3843	4620
3843	4792
3843	4811
3843	4820
3843	5043
3843	5058
3844	3847
3845	3554
3845	3847
3845	3887
3845	4011
3845	4315
3845	4712
3845	4824
3845	5288
3848	3849
3850	2565
3850	2655
3851	2565
3851	4138
3854	15
3854	737
3854	1352
3854	1473
3854	1688
3854	2066
3854	2134
3854	2237
3854	2258
3854	2328
3854	2364
3854	2398
3854	2433
3854	2516
3854	2619
3854	2653
3854	2696
3854	2764
3854	2871
3854	3024
3854	3026
3854	3034
3854	3059
3854	3089
3854	3192
3854	3238
3854	3274
3854	3276
3854	3352
3854	3404
3854	3443
3854	3447
3854	3452
3854	3456
3854	3498
3854	3537
3854	3562
3854	3607
3854	3643
3854	3748
3854	3796
3854	3813
3854	3958
3854	4040
3854	4099
3854	4124
3854	4191
3854	4199
3854	4256
3854	4297
3854	4335
3854	4485
3854	4510
3854	4530
3854	4547
3854	4578
3854	4653
3854	4706
3854	4712
3854	4814
3854	4827
3854	4828
3854	4846
3854	4884
3854	4999
3854	5026
3854	5055
3854	5061
3854	5072
3854	5285
3854	5301
3854	5412
3854	5430
3854	5445
3854	5459
3854	5463
3854	5637
3854	5651
3854	5737
3854	6098
3854	6148
3854	6699
3855	1157
3855	3404
3855	3483
3855	3615
3855	4011
3855	4335
3858	3059
3862	3059
3862	3562
3863	3026
3863	3059
3863	3192
3863	3537
3863	5308
3864	3059
3865	3059
3865	4138
3871	2237
3871	2384
3871	3321
3871	4999
3871	5162
3869	2237
3869	2384
3869	3871
3869	4600
3869	4999
3870	3871
3870	3888
3872	1307
3872	2066
3872	2210
3872	2237
3872	2328
3872	2384
3872	3321
3872	3871
3872	4162
3872	4179
3872	4269
3872	4365
3872	4999
3872	5384
3872	7553
3873	3084
3873	4712
3873	5563
3873	8038
3648	608
3648	778
3648	827
3648	3026
3648	3084
3648	3117
3648	3483
3648	3576
3648	3887
3876	3026
3876	3117
3876	4645
3878	3117
3877	737
3877	1310
3877	3117
3877	3643
3877	3792
3877	3976
3877	4266
3877	5295
3877	5484
3877	5683
3877	5772
3877	6784
3877	7092
3881	3026
3881	4335
3882	1706
3883	3483
3885	3887
3885	5466
3886	3887
3888	3892
3889	3892
3889	5499
3890	1548
3890	3892
3890	4110
3891	3892
3894	3576
3895	2307
3897	2307
3897	2565
3897	3568
3897	3898
3897	4199
3897	4335
3897	4485
3897	4551
3897	4792
3896	2307
3900	3903
3900	5818
3900	5925
3901	3903
3902	737
3902	1984
3902	2144
3902	2145
3902	2326
3902	2398
3902	2517
3902	2760
3902	2790
3902	3014
3902	3034
3902	3321
3902	3352
3902	3453
3902	3455
3902	3456
3902	3460
3902	3635
3902	3835
3902	3903
3902	3956
3902	3958
3902	3976
3902	4011
3902	4212
3902	4220
3902	4261
3902	4266
3902	4466
3902	4613
3902	4646
3902	4648
3902	4661
3902	4662
3902	4666
3902	4677
3902	4735
3902	4776
3902	4778
3902	4780
3902	4797
3902	4811
3902	4815
3904	2544
3905	2289
3905	2544
3906	2544
3907	2544
3909	465
3910	465
3910	1026
3910	2535
3910	3334
3910	3352
3910	3456
3910	3976
3910	4037
3910	4401
3910	4735
3910	5020
3910	5022
3910	5079
3910	5123
3910	5179
3910	5254
3910	5588
3910	5773
3910	5780
3910	5799
3910	6270
3910	6628
3910	6634
3910	6897
3910	6918
3910	6946
3910	7047
3910	7094
3910	7108
3910	7478
3910	7587
3910	7620
3910	8295
3911	465
3911	3643
3912	465
3912	2134
3912	2508
3912	2585
3912	2746
3912	2838
3912	2932
3912	3291
3912	3615
3912	3787
3912	3937
3912	4231
3912	4247
3912	4263
3912	4269
3912	4323
3912	8293
3916	72
3916	2328
3916	2585
3916	2871
3916	2958
3916	3274
3916	3586
3916	3755
3916	3796
3916	4041
3916	4099
3916	4335
3916	4536
3916	4653
3916	4709
3916	4797
3916	4875
3916	4899
3916	5020
3916	5079
3916	5176
3916	5233
3916	5285
3916	5454
3916	5459
3916	5524
3916	5605
3916	5630
3916	5639
3916	5705
3916	5714
3916	5775
3916	6083
3916	6105
3916	6123
3916	6124
3916	6555
3916	6914
3916	7063
3916	7225
3916	7620
3916	7961
3917	1729
3917	1990
3917	2014
3917	2237
3917	2328
3917	2440
3917	2456
3917	2585
3917	2646
3917	3125
3917	3144
3917	3352
3917	3568
3917	3645
3917	3787
3917	3806
3917	4201
3917	4263
3917	4384
3917	4422
3917	4485
3917	4500
3917	4687
3917	4706
3917	4735
3917	4977
3917	4999
3917	5449
3917	7553
3918	2585
3918	4335
3918	5559
3918	8294
3919	1680
3919	2585
3919	3024
3919	3614
3919	4315
3919	4547
3919	4587
3919	4687
3919	4717
3919	4795
3919	5121
3919	5188
3919	5222
3919	5288
3919	6628
3920	2585
3920	2785
3920	2871
3920	2981
3920	3787
3920	6299
3922	3191
3922	4661
3922	4779
3922	5412
3922	5947
3922	6299
3922	7295
3923	1453
3924	1453
3924	2210
3924	2508
3924	3949
3924	3967
3925	1453
3925	2653
3925	3144
3925	3634
3925	3897
3925	5210
3925	8295
3927	2508
3928	2328
3928	2508
3929	2508
3929	4875
3930	15
3930	2398
3930	2508
3930	4719
3930	4875
3931	2508
3932	2508
3932	4055
3932	5626
3932	6458
3935	3937
3936	3937
3941	3942
3943	608
3944	608
3947	2746
3947	2958
3947	3946
3945	3946
3945	4266
3948	2134
3948	2565
3948	2619
3948	2646
3948	3144
3948	3180
3948	3260
3948	3291
3948	3631
3948	3645
3948	3720
3948	3787
3948	3812
3948	3946
3948	3970
3948	4013
3948	4110
3948	4117
3948	4138
3948	4201
3948	4233
3948	4234
3948	4247
3948	4263
3948	4297
3948	8294
3949	827
3949	1239
3949	2210
3949	2384
3949	2506
3949	2595
3949	2653
3949	2655
3949	2746
3949	2859
3949	2958
3949	3258
3949	3260
3949	3562
3949	3717
3949	3720
3949	3800
3949	3812
3949	3843
3949	3967
3949	3970
3949	3980
3949	4011
3949	4021
3949	4043
3949	4055
3949	4058
3949	4162
3949	4179
3949	8294
3952	3024
3953	3024
3954	3024
3954	3260
3955	3024
3955	3720
3955	4233
3956	15
3956	737
3956	1157
3956	1307
3956	1549
3956	1990
3956	2066
3956	2145
3956	2160
3956	2276
3956	2364
3956	2398
3956	2535
3956	2576
3956	2760
3956	2859
3956	2900
3956	2917
3956	3024
3956	3089
3956	3180
3956	3276
3956	3320
3956	3439
3956	3452
3956	3454
3956	3455
3956	3456
3956	3461
3956	3537
3956	3568
3956	3643
3956	3645
3956	3898
3956	3958
3956	3971
3956	3976
3956	3980
3956	4011
3956	4024
3956	4031
3956	4044
3956	4072
3956	4098
3956	4124
3956	4138
3956	4219
3956	4261
3956	4290
3956	4310
3956	4323
3956	4335
3956	4365
3956	4384
3956	4402
3956	4463
3956	4468
3956	4528
3956	4531
3956	4578
3956	4795
3956	4814
3956	4831
3956	4983
3956	5022
3956	5100
3956	5130
3956	5210
3956	5321
3956	5412
3956	5484
3956	5499
3956	5539
3956	5697
3956	5775
3956	5804
3956	5871
3956	5886
3956	6337
3956	6505
3956	6570
3956	6833
3956	7063
3956	7632
3956	7651
3958	2619
3958	3897
3958	4072
3958	4099
3958	4269
3958	4485
3958	4531
3958	4689
3958	5301
3958	5605
3958	5928
3958	6123
3958	6554
3958	6774
3958	7908
3959	2535
3959	2619
3960	15
3960	608
3960	1473
3960	2398
3960	2516
3960	2535
3960	2619
3960	2831
3960	3806
3960	4041
3960	4099
3960	4191
3960	4453
3960	5072
3960	5254
3960	5327
3960	5392
3960	5412
3960	5423
3960	5484
3960	5543
3960	5640
3960	6560
3961	1549
3961	2210
3961	2252
3961	2535
3961	2595
3961	2619
3961	2655
3961	2746
3961	3180
3961	3800
3961	3970
3961	4011
3961	4021
3961	4024
3961	4103
3961	4110
3962	2859
3962	3260
3962	4557
3962	4886
3964	3260
3965	737
3965	825
3965	1549
3965	1688
3965	1769
3965	2134
3965	2144
3965	2328
3965	2398
3965	2499
3965	2535
3965	2576
3965	2646
3965	2653
3965	2774
3965	2790
3965	3027
3965	3073
3965	3260
3965	3297
3965	3321
3965	3334
3965	3352
3965	3394
3965	3454
3965	3463
3965	3568
3965	3615
3965	3645
3965	3752
3965	3969
3965	3976
3965	4065
3965	4071
3965	4191
3965	4269
3965	4299
3965	4578
3965	4687
3965	4827
3965	4875
3965	5022
3965	5079
3965	5130
3965	5178
3965	5233
3965	5288
3965	5321
3965	5437
3965	5524
3965	5527
3965	5605
3965	5802
3965	5819
3965	5822
3965	5902
3965	5932
3965	5947
3965	6006
3965	6043
3965	6044
3965	6124
3965	6148
3965	6156
3965	6174
3965	6270
3965	6306
3965	6344
3965	6414
3965	6496
3965	6552
3965	6566
3965	6832
3965	6976
3965	7101
3965	7225
3965	7422
3965	7620
3965	7632
3965	7707
3965	7788
3965	7809
3965	7961
3965	8134
3965	8168
3965	8174
3965	8209
3965	8237
3965	8294
3963	3260
3966	3967
3957	3970
3968	3970
3969	15
3969	72
3969	737
3969	1305
3969	1385
3969	1403
3969	1680
3969	1729
3969	1799
3969	2240
3969	2328
3969	2354
3969	2433
3969	2535
3969	2565
3969	2689
3969	2774
3969	2785
3969	2790
3969	2822
3969	2940
3969	3103
3969	3125
3969	3144
3969	3291
3969	3334
3969	3346
3969	3352
3969	3452
3969	3456
3969	3537
3969	3607
3969	3615
3969	3635
3969	3661
3969	3785
3969	3835
3969	3854
3969	3897
3969	3910
3969	3970
3969	4037
3969	4040
3969	4138
3969	4191
3969	4261
3969	4266
3969	4323
3969	4331
3969	4480
3969	4485
3969	4536
3969	4587
3969	4645
3969	4662
3969	4666
3969	4706
3969	4712
3969	4719
3969	4780
3969	4792
3969	4796
3969	4809
3969	4875
3969	4940
3969	4962
3969	5012
3969	5026
3969	5058
3969	5182
3969	5231
3969	5323
3969	5351
3969	5412
3969	5484
3969	5969
3969	6481
3969	6496
3969	6665
3969	6715
3969	6721
3969	6860
3969	7040
3969	7062
3969	7214
3969	7316
3969	7553
3969	7620
3969	7624
3969	7833
3971	2535
3971	3192
3971	3458
3971	3661
3971	4098
3971	5123
3971	5524
3973	1140
3973	2134
3973	2328
3973	2859
3973	2900
3973	2932
3973	3192
3973	3276
3973	3291
3973	3394
3973	3562
3973	3615
3973	3717
3973	3787
3973	3813
3973	3898
3973	4055
3973	4138
3973	4162
3973	4179
3973	4181
3973	4191
3973	4201
3973	4216
3973	4256
3973	4263
3973	4269
3973	4272
3973	4289
3973	4290
3973	4303
3973	4311
3973	4331
3976	15
3976	72
3976	346
3976	406
3976	737
3976	762
3976	978
3976	1305
3976	1310
3976	1549
3976	1648
3976	1984
3976	2001
3976	2144
3976	2240
3976	2276
3976	2354
3976	2364
3976	2369
3976	2398
3976	2517
3976	2535
3976	2565
3976	2589
3976	2775
3976	2790
3976	2871
3976	3014
3976	3034
3976	3089
3976	3180
3976	3271
3976	3276
3976	3334
3976	3352
3976	3455
3976	3456
3976	3459
3976	3537
3976	3643
3976	3792
3976	3796
3976	3830
3976	3897
3976	3958
3976	4037
3976	4040
3976	4110
3976	4124
3976	4127
3976	4189
3976	4191
3976	4211
3976	4212
3976	4219
3976	4220
3976	4298
3976	4335
3976	4338
3976	4401
3976	4402
3976	4500
3976	4529
3976	4536
3976	4547
3976	4551
3976	4558
3976	4562
3976	4583
3976	4584
3976	4588
3976	4621
3976	4631
3976	4650
3976	4678
3976	4684
3976	4712
3976	4717
3976	4735
3976	4776
3976	4777
3976	4780
3976	4811
3976	4828
3976	4875
3976	4954
3976	4966
3976	4977
3976	5002
3976	5020
3976	5045
3976	5075
3976	5083
3976	5123
3976	5141
3976	5199
3976	5215
3976	5233
3976	5260
3976	5267
3976	5271
3976	5285
3976	5296
3976	5303
3976	5306
3976	5327
3976	5341
3976	5364
3976	5387
3976	5388
3976	5430
3976	5463
3976	5465
3976	5481
3976	5484
3976	5509
3976	5623
3976	5635
3976	5639
3976	5664
3976	5697
3976	5800
3976	5817
3976	5860
3976	5872
3976	5886
3976	5936
3976	6009
3976	6059
3976	6083
3976	6097
3976	6098
3976	6109
3976	6130
3976	6164
3976	6257
3976	6261
3976	6269
3976	6278
3976	6755
3976	6997
3976	7185
3976	7201
3976	8295
3976	8296
3977	15
3977	2066
3977	2144
3977	2398
3977	2790
3977	3562
3977	3645
3977	3720
3977	3800
3977	4030
3977	4191
3977	4256
3977	4578
3977	8294
3978	3800
3978	5818
3979	2535
3979	3800
3979	4011
3980	2328
3980	4373
3981	2535
3987	2535
3982	15
3982	737
3982	2276
3982	2398
3982	2535
3982	2775
3982	3089
3982	3352
3982	3456
3982	3910
3982	4037
3982	4099
3982	5079
3982	5412
3982	5902
3982	6097
3982	6337
3982	6869
3982	7115
3982	7809
3989	2535
3989	5404
3983	2535
3983	4534
3983	5452
3983	7908
3984	2535
3984	4037
3990	2535
3985	15
3985	1239
3985	1498
3985	2066
3985	2511
3985	2535
3985	2655
3985	2775
3985	2811
3985	2958
3985	3140
3985	3291
3985	3454
3985	3460
3985	3498
3985	3631
3985	3634
3985	3635
3985	3830
3985	4021
3985	4037
3985	4261
3985	4335
3985	4578
3985	4661
3985	4781
3985	5002
3985	5928
3985	6296
3985	6496
3985	6553
3985	7855
3986	2535
3991	1549
3991	3320
3991	3562
3991	4024
3991	4666
3991	8293
3991	8294
3992	1549
3992	4463
3997	2746
3998	2746
3998	3664
3999	2595
3999	2746
4000	2210
4000	2746
4000	3843
4000	8293
4001	737
4001	1385
4001	1729
4001	1990
4001	2145
4001	2289
4001	2746
4001	3321
4001	3394
4001	3454
4001	3568
4001	3660
4001	3976
4001	4021
4001	4037
4001	4040
4001	4127
4001	4191
4001	4219
4001	4220
4001	4261
4001	4365
4001	4536
4001	4662
4001	4678
4001	4719
4001	4811
4001	4994
3898	2746
3898	2859
4005	2595
4006	2210
4006	2655
4007	2134
4007	2210
4007	2433
4007	2655
4007	2859
4007	2900
4007	3192
4007	3258
4007	3394
4007	3562
4007	3843
4007	4043
4007	4269
4007	4290
4007	8294
4008	15
4008	2655
4008	3089
4008	3276
4008	4448
4008	4780
4008	5484
4010	4011
4013	15
4013	346
4013	896
4013	1680
4013	2066
4013	2369
4013	2535
4013	2565
4013	2909
4013	4014
4013	4138
4013	4315
4013	4712
4013	5123
4013	5215
4013	5288
4013	5412
4013	5829
4013	5863
4013	6218
4013	6789
4016	2210
4016	2384
4015	15
4015	2210
4019	4021
4019	4024
4020	2328
4020	2981
4020	3192
4020	4021
4020	4256
4020	4263
4024	3898
4024	4986
4023	840
4023	3720
4023	4024
4025	8293
4026	3313
4026	8293
4027	2129
4027	4162
4027	4179
4027	4384
4027	4402
4027	8293
4028	8293
4034	2072
4034	3717
4034	3843
4034	4043
4035	3717
4036	15
4036	155
4036	825
4036	1159
4036	1239
4036	1247
4036	1305
4036	1307
4036	1310
4036	1648
4036	1769
4036	2001
4036	2066
4036	2134
4036	2258
4036	2364
4036	2384
4036	2440
4036	2506
4036	2516
4036	2576
4036	2605
4036	2653
4036	2696
4036	2775
4036	2787
4036	2831
4036	2859
4036	2958
4036	2981
4036	3000
4036	3027
4036	3103
4036	3274
4036	3276
4036	3293
4036	3352
4036	3443
4036	3456
4036	3458
4036	3562
4036	3586
4036	3607
4036	3631
4036	3717
4036	3720
4036	3796
4036	3873
4036	3885
4036	3958
4036	3969
4036	4037
4036	4088
4036	4099
4036	4138
4036	4162
4036	4175
4036	4233
4036	4335
4036	4338
4036	4341
4036	4488
4036	4530
4036	4574
4036	4600
4036	4653
4036	4712
4036	4792
4036	4797
4036	4808
4036	4929
4036	4938
4036	4953
4036	4962
4036	4981
4036	4986
4036	5022
4036	5028
4036	5037
4036	5061
4036	5072
4036	5083
4036	5189
4036	5254
4036	5288
4036	5404
4036	5423
4036	5430
4036	5445
4036	5449
4036	5452
4036	5454
4036	5459
4036	5506
4036	5509
4036	5529
4036	5543
4036	5605
4036	5614
4036	5637
4036	5650
4036	5651
4036	5680
4036	5683
4036	5693
4036	5732
4036	5737
4036	5743
4036	5780
4036	5790
4036	5814
4036	5819
4036	5827
4036	5828
4036	5835
4036	5897
4036	5925
4036	5928
4036	5936
4036	5994
4036	6044
4036	6123
4036	6148
4036	6229
4036	6417
4036	6437
4036	6566
4036	6665
4036	6780
4036	6869
4036	6907
4036	6918
4036	6946
4036	7101
4036	7381
4036	7400
4036	7414
4036	7587
4036	7620
4036	7699
4036	7860
4036	8037
4036	8042
4036	8073
4036	8128
4036	8198
4036	8294
4037	15
4037	825
4037	1385
4037	2014
4037	2958
4037	3498
4037	3717
4037	4138
4037	4256
4037	4402
4037	5226
4037	5693
4037	6124
4037	7699
4037	8294
4038	4043
4040	15
4040	72
4040	737
4040	967
4040	1403
4040	1688
4040	1982
4040	2144
4040	2145
4040	2237
4040	2240
4040	2277
4040	2506
4040	2535
4040	2576
4040	2605
4040	2765
4040	2790
4040	2871
4040	3089
4040	3106
4040	3321
4040	3334
4040	3352
4040	3381
4040	3454
4040	3562
4040	3586
4040	3615
4040	3635
4040	3643
4040	3748
4040	3755
4040	3796
4040	3812
4040	3910
4040	3976
4040	4011
4040	4037
4040	4043
4040	4219
4040	4266
4040	4400
4040	4401
4040	4402
4040	4529
4040	4531
4040	4578
4040	4584
4040	4678
4040	4706
4040	4735
4040	4776
4040	4778
4040	4780
4040	4811
4040	4814
4040	4827
4040	4875
4040	4966
4040	4981
4040	5020
4040	5064
4040	5123
4040	5178
4040	5288
4040	5323
4040	5404
4040	5459
4040	5559
4040	5563
4040	5693
4040	5732
4040	5743
4040	5745
4040	5757
4040	5839
4040	5991
4040	6043
4040	6269
4040	6278
4040	6709
4040	6914
4040	6934
4040	6980
4040	7005
4040	7233
4040	7280
4040	7351
4040	7443
4040	7662
4040	7788
4040	7809
4040	7871
4040	8051
4040	8174
4040	8192
4040	8198
4040	8204
4040	8212
4040	8219
4040	8224
4040	8226
4040	8294
4039	825
4039	2384
4039	2653
4039	2981
4039	3562
4039	4043
4039	4055
4039	4110
4039	4162
4041	15
4041	737
4041	1247
4041	1972
4041	2354
4041	2381
4041	3015
4041	3089
4041	3103
4041	3276
4041	3458
4041	3460
4041	3498
4041	3554
4041	3634
4041	3643
4041	3691
4041	3796
4041	3897
4041	4043
4041	4099
4041	4124
4041	4266
4041	4298
4041	4335
4041	4355
4041	4530
4041	4653
4041	4687
4041	4712
4041	4715
4041	4719
4041	4780
4041	4792
4041	4795
4041	4827
4041	4899
4041	4938
4041	4964
4041	4987
4041	5121
4041	5141
4041	5178
4041	5200
4041	5204
4041	5210
4041	5233
4041	5239
4041	5262
4041	5375
4041	5412
4041	5439
4041	5459
4041	5559
4041	5624
4041	5650
4041	5737
4041	5829
4041	5844
4041	5886
4041	5925
4041	6098
4041	6124
4041	6255
4041	6306
4041	6337
4041	6400
4041	6739
4042	825
4042	1239
4042	2066
4042	2384
4042	2653
4042	2859
4042	2932
4042	2958
4042	2981
4042	3291
4042	3615
4042	3631
4042	3787
4042	4013
4042	4043
4042	4055
4042	4162
4042	4179
4042	4201
4042	4233
4042	4247
2981	15
2981	608
2981	737
2981	1549
2981	1799
2981	1990
2981	2145
2981	2328
2981	2653
2981	2658
2981	3238
2981	3309
2981	3321
2981	3381
2981	3447
2981	3456
2981	3460
2981	3537
2981	3568
2981	3897
2981	3910
2981	4037
2981	4043
2981	4124
2981	4162
2981	4661
2981	4662
2981	5022
2981	5073
2981	5179
2981	5430
2981	5432
2981	5459
2981	5463
2981	5886
2981	5969
2981	6555
2981	6774
2981	7120
2981	7149
2981	7381
2981	7632
2981	7778
2981	8295
4044	346
4044	1305
4044	1360
4044	1688
4044	1769
4044	1961
4044	1984
4044	2145
4044	2237
4044	2240
4044	2364
4044	2398
4044	2811
4044	2871
4044	2917
4044	3014
4044	3073
4044	3089
4044	3271
4044	3321
4044	3334
4044	3352
4044	3433
4044	3447
4044	3452
4044	3453
4044	3454
4044	3455
4044	3460
4044	3537
4044	3607
4044	3724
4044	3835
4044	3843
4044	3854
4044	3898
4044	3976
4044	4011
4044	4040
4044	4047
4044	4078
4044	4191
4044	4199
4044	4216
4044	4218
4044	4219
4044	4261
4044	4266
4044	4297
4044	4335
4044	4466
4044	4468
4044	4485
4044	4529
4044	4531
4044	4551
4044	4552
4044	4557
4044	4562
4044	4578
4044	4583
4044	4588
4044	4605
4044	4613
4044	4631
4044	4639
4044	4646
4044	4648
4044	4650
4044	4666
4044	4677
4044	4678
4044	4713
4044	4719
4044	4728
4044	4778
4044	4779
4044	4780
4044	4796
4044	4809
4044	4831
4044	4875
4044	4887
4044	4938
4044	4962
4044	4987
4044	4991
4044	4993
4044	5058
4045	15
4045	1159
4045	1305
4045	1310
4045	1352
4045	1360
4045	1403
4045	1473
4045	1648
4045	1680
4045	1688
4045	1733
4045	1769
4045	1972
4045	2144
4045	2145
4045	2237
4045	2240
4045	2276
4045	2364
4045	2381
4045	2433
4045	2440
4045	2456
4045	2507
4045	2511
4045	2516
4045	2517
4045	2565
4045	2592
4045	2689
4045	2696
4045	2765
4045	2775
4045	2785
4045	2787
4045	2811
4045	2851
4045	2871
4045	2925
4045	3002
4045	3015
4045	3034
4045	3073
4045	3089
4045	3092
4045	3106
4045	3125
4045	3140
4045	3144
4045	3284
4045	3291
4045	3309
4045	3321
4045	3352
4045	3433
4045	3447
4045	3452
4045	3453
4045	3455
4045	3498
4045	3537
4045	3586
4045	3607
4045	3614
4045	3635
4045	3643
4045	3645
4045	3664
4045	3724
4045	3726
4045	3748
4045	3785
4045	3796
4045	3803
4045	3806
4045	3812
4045	3843
4045	3854
4045	3873
4045	3897
4045	3898
4045	3919
4045	3956
4045	3958
4045	4037
4045	4040
4045	4041
4045	4047
4045	4072
4045	4099
4045	4103
4045	4124
4045	4175
4045	4212
4045	4261
4045	4266
4045	4297
4045	4299
4045	4310
4045	4315
4045	4338
4045	4417
4045	4453
4045	4463
4045	4485
4045	4500
4045	4510
4045	4521
4045	4527
4045	4528
4045	4534
4045	4536
4045	4547
4045	4551
4045	4552
4045	4574
4045	4578
4045	4588
4045	4613
4045	4646
4045	4661
4045	4666
4045	4687
4045	4689
4045	4706
4045	4712
4045	4715
4045	4717
4045	4719
4045	4748
4045	4781
4045	4792
4045	4795
4045	4796
4045	4798
4045	4808
4045	4811
4045	4814
4045	4827
4045	4828
4045	4879
4045	4899
4045	4938
4045	4944
4045	4953
4045	4994
4045	4999
4045	5002
4045	5026
4045	5055
4045	5061
4045	5072
4045	5073
4045	5092
4045	5100
4045	5103
4045	5106
4045	5121
4045	5123
4045	5130
4045	5132
4045	5140
4045	5144
4045	5182
4045	5188
4045	5204
4045	5215
4045	5222
4045	5226
4045	5262
4045	5273
4045	5288
4045	5301
4045	5404
4045	5437
4045	5439
4045	5445
4045	5479
4045	5484
4045	5524
4045	5527
4045	5543
4045	5545
4045	5563
4045	5584
4045	5624
4045	5680
4045	5684
4045	5739
4045	5753
4045	5773
4045	5775
4045	5776
4045	5780
4045	5790
4045	5799
4045	5814
4045	5818
4045	5822
4045	5827
4045	5844
4045	5848
4045	5886
4045	5891
4045	5925
4045	5928
4045	5932
4045	5947
4045	5998
4045	6006
4045	6029
4045	6097
4045	6098
4045	6124
4045	6148
4045	6156
4045	6166
4045	6229
4045	6327
4045	6337
4045	6432
4045	6437
4045	6441
4045	6481
4045	6496
4045	6501
4045	6505
4045	6528
4045	6552
4045	6553
4045	6554
4045	6566
4045	6570
4045	6576
4045	6589
4045	6594
4045	6600
4045	6624
4045	6632
4045	6699
4045	6725
4045	6765
4045	6774
4045	6790
4045	6901
4045	6930
4045	7073
4045	7101
4045	7108
4045	7115
4045	7119
4045	7143
4045	7144
4045	7162
4045	7214
4045	8295
4046	840
4046	1026
4046	1403
4046	1769
4046	2326
4046	2342
4046	2511
4046	2517
4046	2565
4046	2785
4046	2787
4046	2790
4046	2871
4046	3002
4046	3276
4046	3334
4046	3346
4046	3352
4046	3452
4046	3453
4046	3458
4046	3459
4046	3748
4046	3835
4046	3885
4046	3958
4046	4011
4046	4037
4046	4040
4046	4047
4046	4103
4046	4189
4046	4212
4046	4298
4046	4361
4046	4558
4046	4661
4046	4666
4046	4678
4046	4706
4046	4811
4046	4820
4046	4875
4046	4929
4046	4993
4046	4999
4046	5012
4046	5083
4046	5233
4046	5288
4046	5289
4046	5384
4046	5432
4046	5484
4046	5500
4046	5582
4046	5773
4046	5801
4046	5811
4046	5814
4046	5902
4046	6241
4046	6270
4046	6320
4046	6414
4046	6523
4046	6560
4046	6596
4046	6634
4046	6714
4046	6736
4046	6917
4046	6980
4046	6994
4046	7088
4046	7092
4046	7108
4046	7168
4046	7185
4046	7254
4046	7257
4046	7295
4046	7373
4046	7381
4046	7400
4046	7620
4046	7675
4046	7683
4046	7890
4048	4049
4051	4510
4050	4051
4053	2384
4053	2506
4055	2506
4055	5106
4055	6347
4056	1024
4056	1157
4056	1385
4056	2506
4056	2787
4056	2790
4056	2871
4056	3106
4056	3452
4056	3458
4056	3835
4056	4055
4056	4110
4056	4162
4056	4234
4056	4424
4056	4453
4056	4463
4056	4808
4056	4820
4056	5055
4056	5963
4056	8294
4057	2506
4059	2398
4059	2775
4059	3562
4059	5760
4061	3562
4062	1990
4062	3125
4062	3562
4062	4578
4063	737
4063	1990
4063	2144
4063	2917
4063	2925
4063	3125
4063	3447
4063	3454
4063	3562
4063	3568
4063	3645
4063	4072
4063	4191
4063	4299
4063	4310
4063	4335
4063	4689
4063	4735
4063	5123
4063	5178
4063	5262
4063	5412
4063	5545
4063	5697
4063	6098
4063	6305
4063	6634
4077	608
4077	737
4077	762
4077	1247
4077	1305
4077	1799
4077	2014
4077	2145
4077	2237
4077	2328
4077	2354
4077	2364
4077	2381
4077	2517
4077	2565
4077	2592
4077	2653
4077	2696
4077	2811
4077	2822
4077	2831
4077	3027
4077	3034
4077	3092
4077	3103
4077	3334
4077	3352
4077	3433
4077	3447
4077	3454
4077	3456
4077	3460
4077	3537
4077	3562
4077	3568
4077	3635
4077	3645
4077	3812
4077	3813
4077	3897
4077	3910
4077	4044
4077	4191
4077	4247
4077	4266
4077	4297
4077	4384
4077	4400
4077	4448
4077	4463
4077	4480
4077	4528
4077	4529
4077	4547
4077	4613
4077	4666
4077	4712
4077	4735
4077	4811
4077	4828
4077	4929
4077	4964
4077	4977
4077	5100
4077	5106
4077	5130
4077	5132
4077	5155
4077	5204
4077	5222
4077	5308
4077	5392
4077	5412
4077	5430
4077	5449
4077	5463
4077	5513
4078	1239
4078	3562
4064	3562
4065	762
4065	825
4065	896
4065	1185
4065	1239
4065	1305
4065	1310
4065	1688
4065	1729
4065	1769
4065	1990
4065	2014
4065	2129
4065	2134
4065	2144
4065	2289
4065	2328
4065	2565
4065	2612
4065	2620
4065	2646
4065	2653
4065	2760
4065	2775
4065	2787
4065	2859
4065	2871
4065	2932
4065	2958
4065	2981
4065	3002
4065	3015
4065	3125
4065	3140
4065	3144
4065	3309
4065	3346
4065	3433
4065	3439
4065	3443
4065	3447
4065	3452
4065	3453
4065	3454
4065	3562
4065	3568
4065	3607
4065	3615
4065	3634
4065	3643
4065	3645
4065	3661
4065	3724
4065	3792
4065	3809
4065	3830
4065	3843
4065	3854
4065	3873
4065	3898
4065	3956
4065	3958
4065	4011
4065	4013
4065	4055
4065	4072
4065	4162
4065	4179
4065	4181
4065	4201
4065	4216
4065	4218
4065	4263
4065	4269
4065	4290
4065	4299
4065	4331
4065	4365
4065	4373
4065	4402
4065	4417
4065	4422
4065	4424
4065	4453
4065	4463
4065	4468
4065	4485
4065	4510
4065	4529
4065	4531
4065	4536
4065	4551
4065	4578
4065	4604
4065	4613
4065	4620
4065	4666
4065	4713
4065	4791
4065	4792
4065	4938
4065	4962
4065	4999
4065	5026
4065	5037
4065	5178
4065	5263
4065	5415
4065	5543
4065	5584
4065	5624
4065	5760
4065	5800
4065	5871
4065	5932
4065	5950
4065	5998
4065	6004
4065	6097
4065	6323
4065	6528
4065	6560
4065	6699
4065	6770
4065	6803
4065	6832
4065	6946
4065	7052
4065	7094
4065	7280
4065	7351
4066	3352
4066	3439
4066	3562
4066	3568
4066	4480
4067	3562
4068	2066
4068	3346
4068	3562
4068	4323
4068	4448
4068	4528
4069	3562
4079	3562
4079	4055
4079	4179
4079	4181
4070	72
4070	222
4070	896
4070	1159
4070	1305
4070	1385
4070	1648
4070	1680
4070	1733
4070	2001
4070	2258
4070	2354
4070	2364
4070	2516
4070	2565
4070	2576
4070	2605
4070	2646
4070	2653
4070	2775
4070	2822
4070	2859
4070	2909
4070	2917
4070	2958
4070	2981
4070	3092
4070	3103
4070	3106
4070	3144
4070	3274
4070	3276
4070	3284
4070	3417
4070	3455
4070	3458
4070	3562
4070	3586
4070	3691
4070	3796
4070	3808
4070	3958
4070	4044
4070	4127
4070	4175
4070	4189
4070	4276
4070	4297
4070	4299
4070	4335
4070	4338
4070	4400
4070	4417
4070	4422
4070	4424
4070	4448
4070	4453
4070	4463
4070	4468
4070	4480
4070	4482
4070	4530
4070	4534
4070	4536
4070	4547
4070	4587
4070	4645
4070	4797
4070	4828
4070	4899
4070	5020
4070	5026
4070	5055
4070	5061
4070	5083
4070	5100
4070	5106
4070	5182
4070	5204
4070	5222
4070	5226
4070	5245
4070	5263
4070	5288
4070	5305
4070	5308
4070	5321
4070	5323
4070	5327
4070	5341
4070	5445
4070	5449
4070	5454
4070	5459
4070	5543
4070	5683
4070	5693
4070	5706
4070	5721
4070	5732
4070	5737
4070	5756
4070	5775
4070	5784
4070	5790
4070	5828
4070	5863
4070	5872
4070	5936
4070	5963
4070	5994
4071	15
4071	1473
4071	2507
4071	2822
4071	3192
4071	3460
4071	3562
4071	3910
4071	4483
4071	5412
4071	5684
4071	5775
4071	6296
4071	6930
4071	7092
4071	7553
4071	7632
4072	72
4072	346
4072	762
4072	1549
4072	1769
4072	2237
4072	2240
4072	2326
4072	2696
4072	2760
4072	2790
4072	2859
4072	3334
4072	3352
4072	3557
4072	3562
4072	3643
4072	3812
4072	3898
4072	4191
4072	4298
4072	4335
4072	4578
4072	4588
4072	4621
4072	4735
4072	4811
4072	4820
4072	4938
4073	15
4073	72
4073	825
4073	896
4073	1239
4073	1307
4073	1972
4073	1990
4073	2134
4073	2144
4073	2276
4073	2381
4073	2386
4073	2398
4073	2516
4073	2535
4073	2592
4073	2653
4073	2765
4073	2775
4073	2790
4073	2811
4073	2859
4073	2871
4073	3014
4073	3191
4073	3192
4073	3274
4073	3284
4073	3443
4073	3447
4073	3452
4073	3453
4073	3454
4073	3455
4073	3456
4073	3537
4073	3562
4073	3614
4073	3634
4073	3643
4073	3645
4073	3724
4073	3796
4073	3808
4073	3835
4073	3854
4073	3897
4073	4041
4073	4068
4073	4099
4073	4124
4073	4181
4073	4189
4073	4191
4073	4199
4073	4211
4073	4256
4073	4266
4073	4297
4073	4298
4073	4310
4073	4315
4073	4323
4073	4400
4073	4448
4073	4530
4073	4547
4073	4551
4073	4687
4073	4735
4073	4776
4073	4824
4073	4828
4073	4929
4073	4964
4073	5061
4073	5130
4073	5140
4073	5178
4073	5189
4073	5200
4073	5226
4073	5233
4073	5255
4073	5263
4073	5274
4073	5312
4073	5412
4073	5430
4073	5452
4073	5457
4073	5467
4073	5470
4073	5637
4073	5651
4073	5891
4073	6098
4073	6105
4073	6218
4073	6327
4073	6360
4073	6388
4073	6400
4073	6417
4073	6422
4073	6424
4073	6437
4073	6472
4073	6474
4073	6481
4073	6498
4073	6505
4073	6553
4073	6570
4074	1157
4074	1385
4074	1729
4074	1990
4074	2066
4074	2129
4074	2328
4074	2565
4074	2653
4074	2696
4074	2760
4074	2859
4074	2871
4074	2958
4074	3276
4074	3346
4074	3439
4074	3562
4074	3645
4074	3660
4074	3661
4074	3664
4074	4011
4074	4138
4074	4191
4074	4199
4074	4297
4074	4323
4074	4384
4074	4402
4074	4417
4074	4424
4074	4547
4075	3562
4080	3720
4083	8294
4082	1385
4082	2398
4082	3456
4082	3897
4082	5182
4082	5245
4082	5463
4082	5680
4082	5784
4082	5790
4082	5837
4082	5848
4082	5863
4082	5963
4082	8294
4085	4086
4089	1307
4089	3309
4089	3453
4090	1307
4091	1307
4092	1307
4095	825
4095	4110
4096	825
4097	825
4098	825
4098	3568
4098	3897
4098	4201
4098	4218
4098	4266
4098	4269
4098	4485
4100	825
4099	15
4099	72
4099	346
4099	737
4099	825
4099	1026
4099	1385
4099	1548
4099	1549
4099	1984
4099	2160
4099	2240
4099	2258
4099	2326
4099	2354
4099	2369
4099	2398
4099	2516
4099	2535
4099	2592
4099	2774
4099	2775
4099	2790
4099	2925
4099	3089
4099	3092
4099	3191
4099	3238
4099	3271
4099	3274
4099	3291
4099	3334
4099	3417
4099	3452
4099	3453
4099	3455
4099	3456
4099	3459
4099	3460
4099	3498
4099	3634
4099	3635
4099	3643
4099	3755
4099	3796
4099	3830
4099	3843
4099	3897
4099	3910
4099	3958
4099	4041
4099	4110
4099	4233
4099	4335
4099	4355
4099	4361
4099	4466
4099	4483
4099	4530
4099	4536
4099	4547
4099	4645
4099	4661
4099	4662
4099	4666
4099	4677
4099	4712
4099	4713
4099	4715
4099	4728
4099	4776
4099	4778
4099	4780
4099	4781
4099	4811
4099	4822
4099	4828
4099	4831
4099	4846
4099	4875
4099	4884
4099	4899
4099	4977
4099	4993
4099	5022
4099	5028
4099	5033
4099	5058
4099	5083
4099	5100
4099	5123
4099	5176
4099	5178
4099	5188
4099	5189
4099	5204
4099	5208
4099	5210
4099	5215
4099	5226
4099	5233
4099	5262
4099	5263
4099	5321
4099	5412
4099	5423
4099	5449
4099	5459
4099	5463
4099	5484
4099	5524
4099	5527
4099	5545
4099	5563
4099	5605
4099	5624
4099	5637
4099	5671
4099	5680
4099	5684
4099	5697
4099	5714
4099	5743
4099	5760
4099	5800
4099	5818
4099	5827
4099	5828
4099	5871
4099	5886
4099	5897
4099	5902
4099	6006
4099	6123
4099	6124
4099	6299
4099	6306
4099	6437
4099	6481
4099	6505
4099	6566
4099	6596
4099	6714
4099	6770
4099	6789
4099	6890
4099	6913
4099	6934
4099	6951
4099	6979
4099	7092
4099	7553
4099	7632
4099	8178
4099	8295
4103	4798
4110	5055
4110	6914
4110	7553
4110	7803
4108	4110
4104	2354
4104	3352
4104	4110
4105	4110
4109	4110
4106	4110
4107	4110
4111	1140
4111	2871
4111	3125
4111	3463
4111	3645
4111	4173
4111	4216
4111	4256
4111	4263
4111	4269
4111	4290
4111	4297
4111	4331
4111	4422
4111	4424
4111	4453
4116	2160
4116	2398
4116	3002
4116	3755
4116	4037
4116	4117
4116	4796
4116	4820
4116	5484
4116	7050
4116	7632
4116	8168
4119	1239
4119	2958
4119	2981
4119	3352
4119	4110
4119	4706
4120	1239
4120	2328
4120	2958
4121	978
4121	2328
4076	15
4076	72
4076	346
4076	762
4076	852
4076	1159
4076	1239
4076	1984
4076	2066
4076	2134
4076	2144
4076	2160
4076	2328
4076	2381
4076	2398
4076	2433
4076	2456
4076	2516
4076	2535
4076	2696
4076	2790
4076	2859
4076	2932
4076	2958
4076	3276
4076	3291
4076	3321
4076	3334
4076	3352
4076	3394
4076	3454
4076	3456
4076	3463
4076	3615
4076	3631
4076	3748
4076	3787
4076	3813
4076	3898
4076	3912
4076	3976
4076	4013
4076	4037
4076	4103
4076	4138
4076	4179
4076	4201
4076	4212
4076	4218
4076	4233
4076	4247
4076	4256
4076	4263
4076	4266
4076	4269
4076	4290
4076	4335
4076	4480
4076	4662
4076	4719
4076	4735
4076	4776
4076	4796
4076	4797
4076	4808
4076	4811
4076	4814
4076	4828
4076	5072
4076	5100
4076	5106
4076	5115
4076	5130
4076	5132
4076	5176
4076	5210
4076	5285
4076	5592
4076	5640
4076	5804
4076	6634
4076	6720
4076	6770
4076	6858
4076	6914
4076	7063
4122	2328
4123	1157
4123	1239
4123	2066
4123	2134
4123	2289
4123	2328
4123	2612
4123	2790
4123	2811
4123	3291
4123	3394
4123	3463
4123	3615
4123	3631
4123	4013
4123	4072
4123	4179
4123	4247
4123	4256
4123	4263
4123	4269
4123	4323
4123	4402
4123	4578
4123	4735
4124	15
4124	72
4124	737
4124	762
4124	978
4124	1157
4124	1239
4124	1549
4124	1990
4124	2066
4124	2072
4124	2129
4124	2134
4124	2229
4124	2289
4124	2326
4124	2328
4124	2364
4124	2499
4124	2565
4124	2612
4124	2790
4124	2811
4124	2900
4124	3276
4124	3352
4124	3394
4124	3439
4124	3447
4124	3463
4124	3537
4124	3568
4124	3615
4124	3631
4124	3660
4124	3724
4124	4037
4124	4138
4124	4191
4124	4201
4124	4220
4124	4247
4124	4290
4124	4323
4124	4332
4124	4365
4124	4385
4124	4424
4124	5022
4124	7478
4125	2328
4125	4055
4126	2328
4126	6624
4127	762
4127	1984
4127	2066
4127	2134
4127	2144
4127	2237
4127	2240
4127	2328
4127	2369
4127	2381
4127	2398
4127	2871
4127	3014
4127	3192
4127	3276
4127	3291
4127	3443
4127	3447
4127	3452
4127	3631
4127	3724
4127	3787
4127	3812
4127	3976
4127	4011
4127	4040
4127	4044
4127	4191
4127	4256
4127	4298
4127	4402
4127	4424
4127	4463
4127	4528
4127	4531
4127	4578
4127	4811
4127	4938
4127	4999
4127	5055
4127	5058
4128	1239
4128	2066
4128	2328
4128	2932
4128	2958
4128	3192
4128	3291
4128	4237
4128	4256
4129	2328
4129	7688
4130	2328
4130	4983
4131	2328
4132	2328
4133	2328
4133	3956
4134	2328
4134	6600
4135	2328
4135	2958
4136	1157
4136	2134
4136	2328
4136	2932
4136	3192
4136	3291
4136	3394
4136	3615
4136	3631
4136	3787
4136	3813
4136	3976
4136	4013
4136	4138
4136	4201
4136	4216
4136	4233
4136	4247
4136	4256
4136	4263
4136	4269
4136	4290
4136	4323
4136	5301
4136	5928
4136	5947
4137	2328
4137	3192
4137	3568
4137	4256
4137	4289
4137	4323
4137	4402
4138	608
4138	737
4138	1239
4138	1990
4138	2001
4138	2289
4138	2328
4138	2398
4138	2516
4138	2565
4138	2612
4138	2646
4138	2764
4138	2831
4138	2859
4138	2932
4138	3125
4138	3144
4138	3192
4138	3274
4138	3439
4138	3456
4138	3568
4138	3645
4138	3785
4138	3958
4138	4013
4138	4191
4138	4231
4138	4234
4138	4254
4138	4256
4138	4289
4138	4290
4138	4299
4138	4335
4138	4417
4138	4422
4138	4424
4138	4453
4138	4463
4138	4466
4138	4480
4138	4485
4138	4500
4138	4530
4138	4600
4138	4653
4138	4666
4138	4797
4138	4929
4138	4964
4138	4986
4138	5155
4138	5189
4138	5484
4138	5506
4138	5509
4138	5568
4138	5637
4138	5650
4138	5651
4138	5732
4138	5737
4139	2328
4140	1024
4140	2328
4140	4201
4140	5064
4140	5605
4140	5614
4140	6715
4140	6739
4140	7233
4140	8168
4140	8174
4140	8192
4141	1990
4141	2328
4141	3125
4141	3568
4141	4299
4142	1688
4142	1729
4142	1990
4142	2240
4142	2328
4142	2517
4142	2565
4142	2612
4142	2646
4142	3034
4142	3125
4142	3144
4142	3192
4142	3309
4142	3352
4142	3394
4142	3439
4142	3453
4142	3460
4142	3635
4142	3645
4142	3660
4142	3661
4142	4256
4142	4289
4142	4290
4142	4299
4142	4359
4142	4402
4142	4422
4142	4424
4142	4480
4142	4558
4142	4646
4142	4713
4142	4735
4142	5301
4143	2328
4144	15
4144	406
4144	762
4144	896
4144	1026
4144	1157
4144	1305
4144	1352
4144	1385
4144	1680
4144	2066
4144	2145
4144	2160
4144	2328
4144	2354
4144	2398
4144	2490
4144	2774
4144	2775
4144	2790
4144	2859
4144	2958
4144	3191
4144	3393
4144	3394
4144	3447
4144	3455
4144	3498
4144	3586
4144	3812
4144	3813
4144	3976
4144	4037
4144	4065
4144	4138
4144	4175
4144	4179
4144	4191
4144	4218
4144	4256
4144	4289
4144	4335
4144	4795
4144	4797
4144	4983
4144	5020
4144	5144
4144	5210
4144	5245
4144	5254
4144	5263
4144	5301
4144	5321
4144	5392
4144	5449
4144	5457
4144	5463
4144	5626
4144	5721
4144	5732
4144	5743
4144	5850
4144	5863
4144	5886
4144	5928
4144	6006
4144	6221
4144	6246
4144	6255
4144	6262
4144	6296
4144	6299
4144	6323
4144	6328
4144	6634
4144	6725
4145	2328
4145	5061
4146	2328
4147	2328
4147	4463
4148	1990
4148	2289
4148	2328
4148	4349
4148	4403
4148	4411
4149	2328
4149	3089
4150	291
4150	346
4150	1548
4150	1680
4150	2328
4150	2775
4150	3073
4150	3334
4150	3352
4150	3748
4150	3835
4150	3976
4150	4191
4150	4531
4150	4735
4150	4875
4151	762
4151	1185
4151	1549
4151	1688
4151	1769
4151	1799
4151	2144
4151	2145
4151	2328
4151	2381
4151	2516
4151	2592
4151	2696
4151	2760
4151	2775
4151	2871
4151	3027
4151	3034
4151	3073
4151	3125
4151	3144
4151	3238
4151	3321
4151	3352
4151	3443
4151	3447
4151	3453
4151	3454
4151	3456
4151	3537
4151	3568
4151	3586
4151	3615
4151	3643
4151	3645
4151	3660
4151	3664
4151	3796
4151	3843
4151	3897
4151	4011
4151	4040
4151	4072
4151	4124
4151	4234
4151	4247
4151	4400
4151	4422
4151	4463
4151	4531
4151	4558
4151	4562
4151	4578
4151	4587
4151	4600
4151	4613
4151	4662
4151	4666
4151	4712
4151	4827
4151	5055
4151	5100
4151	5115
4151	5144
4151	5188
4151	5254
4151	5459
4151	5637
4151	5714
4151	5743
4151	5799
4151	5817
4151	5818
4151	5844
4151	6166
4151	6306
4151	6523
4151	6600
4151	6914
4151	7115
4151	7280
4151	7443
4151	7553
4151	7862
4152	737
4152	762
4152	1688
4152	2145
4152	2328
4152	2381
4152	2433
4152	2565
4152	2592
4152	2646
4152	2790
4152	2871
4152	3014
4152	3125
4152	3144
4152	3352
4152	3439
4152	3443
4152	3453
4152	3454
4152	3568
4152	3615
4152	3660
4152	3724
4152	3806
4152	3843
4152	4011
4152	4044
4152	4233
4152	4234
4152	4266
4152	4297
4152	4298
4152	4335
4152	4351
4152	4424
4152	4485
4152	4531
4152	4562
4152	4613
4152	4666
4152	4820
4152	5144
4153	2328
4154	2328
4159	2653
4159	4220
4162	2134
4162	3452
4162	4201
4162	4263
4162	4269
4162	4289
4162	4290
4162	4709
4162	4981
4162	5037
4162	5055
4162	6496
4162	7620
4162	7632
4162	7871
4162	7912
4163	4055
4163	4162
4164	4162
4164	4341
4164	6907
4165	4055
4166	4055
4155	1239
4155	2066
4155	2958
4155	3615
4155	4055
4167	4168
4169	1239
4169	4216
4169	4265
4169	5233
4169	6613
4169	6789
4169	6832
4169	7262
4169	7351
4170	4171
4174	4179
4175	15
4175	3498
4175	4179
4175	4712
4175	5233
4175	6006
4175	6148
4175	6498
4176	4179
4177	4179
4178	4179
4178	4191
4178	4351
4180	4181
3819	2134
3819	2859
3819	2958
3819	3631
3819	3787
3819	4013
3819	4181
3819	4233
3819	4235
3819	4424
4184	2859
4185	2859
4186	291
4186	2859
4186	3334
4186	4191
4186	4827
4186	5445
4187	1310
4187	1360
4187	2576
4187	2859
4187	4037
4187	4531
4187	6006
4187	6422
4187	7908
4189	737
4189	1990
4189	2066
4189	3192
4189	3394
4189	3643
4189	4298
4189	4315
4189	4557
4189	4666
4189	5288
4190	15
4190	2066
4194	2066
4194	4485
4191	737
4191	2066
4191	2134
4191	2144
4191	2398
4191	3125
4191	3334
4191	3456
4191	4138
4191	4400
4191	4531
4191	4557
4191	4558
4191	4987
4191	5002
4191	5274
4191	5412
4191	5848
4191	6323
4191	7632
4192	2066
4192	5012
4192	5484
4192	5998
4192	6736
4192	6873
4192	7094
4195	2066
4197	762
4197	3144
4197	3615
4197	4013
4197	4199
4197	4412
4197	4551
4198	3898
4199	1961
4199	2144
4199	2433
4199	3787
4199	3898
4199	4233
4199	4247
4199	4463
4201	2134
4201	4216
4200	1498
4200	4040
4200	4201
4200	6634
4200	7144
4207	4201
4208	4201
4208	4247
4202	4201
4203	4201
4204	4201
4204	5204
3995	896
3995	2276
3995	2516
3995	2535
3995	3015
3995	3089
3995	3394
3995	3456
3995	3479
3995	3498
3995	3586
3995	3634
3995	3796
3995	3897
3995	4041
3995	4098
3995	4099
3995	4201
3995	4310
3995	4335
3995	4448
3995	4482
3995	4547
3995	4574
3995	4587
3995	4645
3995	4653
3995	4712
3995	4715
3995	4824
3995	4828
3995	4846
3995	4899
3995	4964
3995	5061
3995	5144
3995	5155
3995	5178
3995	5188
3995	5200
3995	5204
3995	5273
3995	5321
3995	5437
3995	5457
3995	5459
3995	5637
3995	5680
3995	5743
3995	5757
3995	5780
3995	5827
3995	5848
3995	5886
3995	5891
3995	5947
3995	6576
4209	4201
4205	4037
4205	4201
4205	4297
4205	4335
4205	5963
4210	4201
4206	4201
4211	346
4211	978
4211	1385
4211	1729
4211	1990
4211	2289
4211	2326
4211	2456
4211	2516
4211	2565
4211	2646
4211	2696
4211	2790
4211	2811
4211	2940
4211	3291
4211	3321
4211	3334
4211	3352
4211	3439
4211	3455
4211	3460
4211	3537
4211	3568
4211	3635
4211	3661
4211	3796
4211	3813
4211	4037
4211	4040
4211	4191
4211	4212
4211	4234
4211	4261
4211	4297
4211	4335
4211	4373
4211	4385
4211	4386
4211	4402
4211	4417
4211	4471
4211	4661
4211	4662
4211	4666
4211	4706
4211	4719
4211	4735
4211	4780
4211	4796
4211	4811
4211	4827
4211	5055
4211	5073
4211	5083
4211	5092
4211	5199
4211	5233
4211	5445
4211	5800
4211	7237
4211	7295
4211	7362
4211	7478
4211	7553
4212	72
4212	737
4212	2145
4212	2237
4212	2289
4212	2516
4212	2775
4212	2785
4212	2917
4212	3433
4212	3439
4212	3443
4212	3447
4212	3452
4212	3456
4212	3537
4212	3808
4212	4040
4212	4103
4212	4124
4212	4191
4212	4448
4212	4483
4212	4529
4212	4547
4212	4551
4212	4587
4212	4631
4212	4639
4212	4666
4212	4777
4212	4780
4212	4798
4212	4815
4212	4875
4212	4983
4212	4999
4212	5123
4212	5130
4212	5178
4212	5210
4212	5245
4212	5255
4212	5271
4212	5311
4212	5326
4212	5350
4212	5362
4212	5375
4212	5635
4212	5737
4212	5740
4212	6571
4215	2612
4215	3439
4213	3439
4213	4191
4213	4365
4214	2129
4214	3144
4214	3439
4214	3568
4214	3645
4214	4138
4214	4234
4214	4422
4214	4424
4216	3140
4217	4218
4219	762
4219	1024
4219	1305
4219	1680
4219	1769
4219	2144
4219	2145
4219	2240
4219	2354
4219	2364
4219	2369
4219	2381
4219	2433
4219	2456
4219	2516
4219	2517
4219	2592
4219	2696
4219	2760
4219	2790
4219	2811
4219	2822
4219	2831
4219	2871
4219	3002
4219	3014
4219	3092
4219	3106
4219	3284
4219	3309
4219	3321
4219	3334
4219	3352
4219	3433
4219	3443
4219	3453
4219	3456
4219	3607
4219	3635
4219	3643
4219	3691
4219	3748
4219	3813
4219	3835
4219	3843
4219	3897
4219	3898
4219	3956
4219	3958
4219	3976
4219	4011
4219	4037
4219	4040
4219	4044
4219	4103
4219	4124
4219	4189
4219	4212
4219	4261
4219	4266
4219	4297
4219	4335
4219	4400
4219	4401
4219	4528
4219	4529
4219	4547
4219	4578
4219	4600
4219	4613
4219	4620
4219	4661
4219	4662
4219	4678
4219	4706
4219	4713
4219	4717
4219	4719
4219	4728
4219	4735
4219	4776
4219	4792
4219	4796
4219	4808
4219	4811
4219	4814
4219	4820
4219	4827
4219	4828
4219	4929
4219	4962
4219	4964
4219	4987
4219	5022
4219	5026
4219	5073
4219	5092
4219	5106
4219	5130
4219	5132
4219	5144
4219	5162
4219	5204
4219	5208
4219	5239
4219	5301
4219	5323
4219	5459
4219	5559
4219	5800
4219	5817
4219	8296
4220	2240
4220	3443
4220	3976
4222	762
4222	1305
4222	1648
4222	1688
4222	2145
4222	2240
4222	2354
4222	2381
4222	2398
4222	2433
4222	2516
4222	2790
4222	2871
4222	3125
4222	3140
4222	3274
4222	3352
4222	3635
4222	3724
4222	3806
4222	3812
4222	3922
4222	3962
4222	3976
4222	4199
4222	4335
4222	4463
4222	4510
4222	4528
4222	4536
4222	4578
4222	4646
4222	4666
4222	5083
4222	5120
4222	5132
4222	5179
4222	5204
4222	5790
4222	5817
4222	7924
4223	1157
4223	2240
4223	2326
4223	3443
4223	3976
4223	4138
4223	5850
4224	1984
4224	2240
4224	2517
4224	2790
4224	3309
4224	3352
4224	3635
4224	4040
4224	4266
4224	4605
4224	4661
4224	4735
4224	4776
4224	4811
4224	5022
4224	6875
4224	7620
4221	2240
4221	2535
4221	3014
4221	3238
4221	3274
4221	3284
4221	3447
4221	3459
4221	3796
4221	4037
4221	4099
4221	4134
4221	4323
4221	4483
4221	4536
4221	4547
4221	4653
4221	4828
4221	4977
4221	5002
4221	5200
4221	5226
4221	5254
4221	5295
4221	5459
4221	5484
4221	5714
4221	5818
4221	5871
4221	6001
4221	6032
4221	6124
4221	6720
4221	6774
4221	6840
4221	6869
4221	6934
4221	7063
4221	7510
4221	7699
4221	7778
4221	8295
4225	2240
4228	3615
4228	4138
4228	4231
4231	3615
4233	3284
4233	5204
4232	4233
4232	4485
4232	4561
4234	2289
4234	4233
4234	4424
4093	4235
4236	4237
4009	1024
4009	3631
4238	3631
4240	4247
4243	4247
4244	4247
4241	4247
4242	4247
4245	2516
4245	4247
4246	4247
4248	3291
4249	2932
4250	2144
4250	2932
4251	2932
4252	2811
4252	2932
4252	4040
4252	4124
4252	4299
4229	2134
4229	3463
4229	4263
4229	4269
4255	1305
4255	2134
4255	2917
4255	3854
4255	4138
4255	4263
4255	4266
4255	4297
4255	4962
4257	3463
4257	6417
4263	5445
4259	4263
4260	4263
4261	1385
4261	1688
4261	2289
4261	2456
4261	3276
4261	3334
4261	3447
4261	3537
4261	3568
4261	4040
4261	4072
4261	4212
4261	4263
4261	4266
4261	4531
4261	4661
4261	4662
4261	4677
4261	4709
4261	4719
4261	4796
4261	4811
4261	5026
4261	5055
4269	4335
4269	4661
4269	5404
4266	1157
4266	1473
4266	3352
4266	3660
4266	4040
4266	4269
4266	4687
4266	4735
4266	5061
4266	5780
4266	6833
4267	4269
4275	2696
4275	3192
4275	3537
4275	3748
4275	5026
4273	1157
4273	2398
4273	2433
4273	2612
4273	3014
4273	3192
4273	3276
4273	3454
4273	3568
4273	4256
4273	4299
4273	4349
4273	4373
4273	4384
4273	4578
4273	4613
4273	4709
4273	5626
4273	6170
4273	6613
4273	6715
4273	6788
4273	7315
4276	737
4276	896
4276	1247
4276	1473
4276	1548
4276	1733
4276	2001
4276	2258
4276	2507
4276	2516
4276	2592
4276	2605
4276	2822
4276	2831
4276	2909
4276	3027
4276	3089
4276	3092
4276	3192
4276	3352
4276	3417
4276	3456
4276	3460
4276	3586
4276	3643
4276	3664
4276	3796
4276	3910
4276	3958
4276	4041
4276	4247
4276	4338
4276	4400
4276	4527
4276	4547
4276	4600
4276	4929
4276	4964
4276	5072
4276	5144
4276	5189
4276	5204
4276	5226
4276	5423
4276	5430
4276	5568
4276	5637
4276	5651
4276	5737
4276	5743
4276	5775
4276	6229
213	3192
4277	3192
4274	3192
4278	3192
4279	3192
4280	3192
4282	3334
4282	4037
4282	4256
4282	4335
4282	4588
4282	4796
4283	4256
4284	4256
4285	4256
4285	4962
4290	3394
4290	4531
4291	4037
4291	4290
4291	6009
4291	6306
4292	737
4292	2398
4292	3568
4292	4290
4295	2369
4295	2565
4295	3125
4295	3284
4295	3645
4295	3796
4295	3813
4295	4189
4295	4297
4295	4299
4295	4500
4295	4536
4295	4828
4295	5100
4295	5144
4295	5459
4295	5743
4296	4299
4297	15
4297	737
4297	2276
4297	2354
4297	2398
4297	2440
4297	2535
4297	3089
4297	3125
4297	3334
4297	3645
4297	3691
4297	3898
4297	4191
4297	4299
4297	4315
4297	4400
4297	4528
4297	4712
4297	4717
4297	4735
4297	4795
4297	5002
4297	5254
4297	5412
4297	5415
4297	5463
4297	5499
4297	5543
4297	5811
4297	5818
4297	5819
4297	5839
4297	5871
4297	6699
4297	7168
4297	7620
4297	7632
4298	737
4298	3125
4298	3643
4298	4189
4298	4191
4298	4261
4298	4299
4298	4827
4298	5285
4304	1157
4305	1157
4308	608
4308	1157
4308	1548
4308	4191
4308	5140
4308	5162
4308	5543
4306	1157
4307	1157
4307	4349
4307	5817
4312	3447
4312	3568
4312	3645
4312	4578
4312	4728
4313	978
4313	1385
4313	2433
4313	3568
4313	4510
4314	15
4314	3568
4314	5928
4314	6594
4315	15
4315	762
4315	1024
4315	1385
4315	1680
4315	1729
4315	2289
4315	2364
4315	2381
4315	2398
4315	2871
4315	3568
4315	3645
4315	3660
4315	3748
4315	4189
4315	4191
4315	4297
4315	4373
4315	4402
4315	4654
4315	4666
4315	4735
4315	4820
4315	4964
4315	4983
4315	5033
4315	5412
4315	5449
4316	3447
4316	3452
4316	3568
4316	3843
4316	4011
4316	4191
4316	4335
4316	4987
4317	3454
4317	3568
4317	4402
4318	3568
4318	4191
4318	6914
4319	737
4319	3568
4319	5412
4319	5484
4320	3568
4320	4417
4321	3568
4324	1185
4324	1385
4324	2565
4324	3140
4324	3309
4324	3660
4324	4384
4324	4402
4325	2565
4325	4384
4325	4424
4326	2433
4326	2565
4326	3089
4326	4797
4326	5714
4326	5994
4326	6869
4327	2565
4327	4528
4328	2565
4329	762
4329	2516
4329	2565
4329	3092
4329	3724
4329	4219
4329	4463
4329	4666
4329	4712
4329	4735
4329	4828
4329	5106
4331	3634
4331	6174
4338	72
4338	95
4338	608
4338	1026
4338	1473
4338	2001
4338	2354
4338	2398
4338	2535
4338	2775
4338	3084
4338	3291
4338	3352
4338	3458
4338	3459
4338	3537
4338	3554
4338	3607
4338	4037
4338	4191
4338	4600
4338	4709
4338	4712
4338	5045
4338	5254
4338	5412
4338	5423
4338	5449
4338	5563
4338	5714
4338	6004
4338	6229
4338	6422
4338	6566
4338	6613
4338	6739
4338	6789
4338	6833
4338	6855
4338	8295
4333	4191
4333	5412
4334	4191
4335	737
4335	1074
4335	2398
4335	2535
4335	2785
4335	3084
4335	3813
4335	4191
4335	4448
4335	4485
4335	4529
4335	4578
4335	4645
4335	4653
4335	4735
4335	4846
4335	4981
4335	5028
4335	5033
4335	5037
4335	5079
4335	5121
4335	5144
4335	5273
4335	5412
4335	5671
4335	6414
4335	6980
4335	7021
4335	7632
4335	7908
4335	8297
4336	4191
4337	4191
4345	4349
4345	4875
4346	4349
4340	4349
4342	1024
4342	2592
4342	2917
4342	3898
4342	4037
4342	4212
4342	4349
4342	4365
4342	5073
4342	5092
4341	4349
4343	762
4343	1823
4343	4349
4343	5527
4343	6006
4343	6594
4343	6897
4347	967
4347	2223
4347	3554
4347	3806
4347	3962
4347	4037
4347	4349
4347	4435
4347	4507
4347	4613
4347	4983
4347	5064
4347	5246
4347	5466
4347	5819
4347	5933
4347	6032
4347	6174
4347	6330
4347	6414
4347	6422
4347	6914
4347	6918
4347	7021
4347	7063
4347	7341
4347	7517
4347	7574
4347	7620
4347	7701
4347	7778
4347	7879
4347	7908
4347	7924
4347	7927
4347	7946
4347	7952
4347	7961
4347	7979
4347	7992
4347	7994
4347	7996
4347	8042
4347	8079
4347	8090
4347	8121
4347	8128
4347	8130
4347	8134
4347	8168
4347	8169
4347	8174
4347	8198
4347	8212
4347	8224
4344	4349
4344	4373
4344	4384
4348	4349
4351	1990
4351	3724
4351	4510
4351	4531
4352	1990
4353	15
4353	72
4353	737
4353	1247
4353	1799
4353	1990
4353	2001
4353	2258
4353	2354
4353	2398
4353	2516
4353	2822
4353	2831
4353	3015
4353	3027
4353	3417
4353	3456
4353	3634
4353	3897
4353	3910
4353	3976
4353	4037
4353	4071
4353	4099
4353	4127
4353	4310
4353	4335
4353	4338
4353	4400
4353	4448
4353	4587
4353	4600
4353	4713
4353	4828
4353	4846
4353	5020
4353	5155
4353	5178
4353	5189
4353	5226
4353	5262
4353	5288
4353	5326
4353	5327
4353	5335
4353	5387
4353	5392
4353	5412
4353	5423
4353	5445
4353	5449
4353	5454
4353	5459
4353	5482
4353	5484
4353	5506
4353	5509
4353	5514
4353	5539
4353	5637
4353	5683
4353	5693
4353	5713
4353	5732
4353	5743
4353	5775
4353	5844
4353	5886
4353	5925
4353	6229
4353	6262
4353	6296
4353	6328
4353	6634
4353	6780
4353	7092
4353	7301
4353	7809
4353	7910
4353	7961
4354	1990
4354	3284
4354	3443
4354	3452
4354	4335
4354	5100
4355	1733
4355	2001
4355	2014
4355	2364
4355	2822
4355	2831
4355	2902
4355	3089
4355	3092
4355	3352
4355	3417
4355	3447
4355	3453
4355	3455
4355	3459
4355	3537
4355	3634
4355	3661
4355	3796
4355	3843
4355	3897
4355	3910
4355	4400
4355	4448
4355	4483
4355	4530
4355	4531
4355	4600
4355	4653
4355	4654
4355	4748
4355	4953
4355	5020
4355	5155
4355	5176
4355	5204
4355	5215
4355	5323
4355	5341
4355	5412
4355	5415
4355	5459
4355	5509
4355	5713
4355	5737
4355	5775
4355	5778
4355	5780
4355	5784
4355	8295
4357	3661
4358	2612
4360	4365
4361	4365
4361	4666
4361	5288
4361	6946
4361	7115
4361	7201
4364	762
4364	1185
4364	2354
4364	2433
4364	2774
4364	3014
4364	3309
4364	3346
4364	3443
4364	3453
4364	3456
4364	3554
4364	3873
4364	3958
4364	4037
4364	4361
4364	4365
4364	4400
4364	4432
4364	4528
4364	4578
4364	5045
4364	5083
4364	5199
4364	5233
4364	5288
4364	5335
4364	5392
4364	5511
4364	5817
4364	6246
4364	6422
4364	6553
4364	6634
4364	6737
4364	6855
4364	6979
4364	7351
4364	7924
4362	4365
4363	608
4363	2398
4363	2516
4363	2871
4363	3106
4363	3291
4363	3321
4363	3352
4363	3458
4363	3796
4363	3806
4363	3835
4363	4041
4363	4099
4363	4191
4363	4365
4363	4453
4363	4463
4363	4666
4363	5524
4363	5543
4363	5592
4366	1729
4366	4687
2028	1729
4368	4373
4369	4373
4369	4632
4371	762
4371	3125
4371	4219
4371	4373
4371	4557
4371	5100
4370	4373
4372	4373
4375	3660
4375	4099
4375	4384
4377	2145
4377	2871
4377	2917
4377	3034
4377	3334
4377	3958
4377	4044
4377	4384
4377	4661
4377	4719
4377	4875
4378	4384
4383	2223
4383	4384
4383	4401
4383	5807
4379	1688
4379	2516
4379	2871
4379	4384
4379	4661
4380	4384
4381	4384
4382	4384
4393	4402
4394	4402
4399	4402
4322	4402
4395	4402
4395	6736
4395	6755
4400	3976
4400	4040
4400	4219
4400	4402
4400	5412
4396	4402
4397	4402
4398	4040
4398	4400
4398	4401
4398	4402
4398	5925
4398	7092
4398	7544
4398	7561
4398	7757
4404	2289
4408	1385
4405	1385
4412	2398
4412	4417
4414	4417
4415	762
4415	1305
4415	1360
4415	2237
4415	2696
4415	2871
4415	3073
4415	3433
4415	3748
4415	4037
4415	4220
4415	4335
4415	4417
4415	4557
4415	4588
4415	4706
4415	4820
4416	72
4416	1026
4416	2535
4416	3084
4416	4037
4416	4338
4416	4417
4416	5254
4416	5543
4416	5714
4416	6229
4422	840
4422	2646
4422	3293
4422	3645
4422	4037
4422	4424
4422	4453
4422	4875
4422	5829
4422	5922
4422	5963
4422	5969
4422	7108
4422	7517
4422	7620
4423	4424
4425	4297
4425	6334
4426	2696
4426	2871
4426	4613
4426	4666
4426	4828
4427	2871
4428	2364
4428	2381
4428	2871
4428	3537
4428	4037
4428	4044
4428	4124
4428	4297
4428	4938
4428	5092
4428	5222
4428	5848
4429	1688
4429	2386
4429	2517
4429	2871
4429	3812
4429	3854
4429	4335
4429	4468
4429	4485
4429	4531
4429	4557
4429	4661
4430	2871
4430	3014
4430	3443
4430	3958
4430	4620
4430	4621
4431	2144
4431	2871
4431	4261
4431	5288
4432	2851
4432	2871
4432	3796
4432	5103
4432	5814
4432	5818
4432	5925
4432	8212
4433	762
4433	1185
4433	1688
4433	2871
4433	3125
4433	3321
4433	3454
4433	3557
4433	3812
4433	3956
4433	4011
4433	4072
4433	4261
4433	4529
4433	4531
4433	4551
4433	4552
4433	4557
4433	4558
4433	4562
4433	4661
4433	4662
4433	4666
4433	5404
4434	2871
4434	4827
4435	2871
4435	4666
4435	6770
4436	2871
4436	3958
4437	840
4437	1185
4437	2517
4437	2565
4437	2811
4437	2851
4437	2871
4437	3014
4437	3034
4437	3140
4437	3238
4437	3309
4437	3321
4437	3455
4437	3459
4437	3460
4437	3557
4437	3635
4437	3958
4437	4011
4437	4261
4437	4266
4437	4468
4437	4536
4437	4578
4437	4613
4437	4646
4437	4661
4437	4666
4437	4719
4437	4875
4437	5199
4437	5289
4437	5432
4437	5582
4437	5697
4437	5775
4437	5776
4437	5806
4437	5897
4437	5932
4437	6097
4437	6123
4437	6299
4437	6305
4437	6330
4437	6442
4437	6523
4437	6624
4437	6634
4437	6736
4437	6789
4437	6907
4437	6945
4437	6946
4437	6955
4437	6976
4437	6979
4437	7052
4437	7073
4437	7115
4437	7119
4437	7237
4437	7295
4437	7301
4437	7351
4437	7373
4437	7587
4437	7620
4437	7839
4438	15
4438	2871
4438	4040
4438	4400
4438	5204
4438	6257
4439	2871
4440	2144
4440	2871
4440	3014
4440	3956
4440	3958
4440	4613
4441	15
4441	967
4441	1191
4441	1247
4441	1769
4441	1972
4441	1982
4441	2354
4441	2364
4441	2517
4441	2592
4441	2689
4441	2775
4441	2787
4441	2790
4441	2811
4441	2822
4441	2871
4441	2909
4441	3002
4441	3092
4441	3103
4441	3106
4441	3238
4441	3309
4441	3310
4441	3334
4441	3381
4441	3393
4441	3417
4441	3433
4441	3443
4441	3447
4441	3452
4441	3453
4441	3455
4441	3458
4441	3479
4441	3537
4441	3614
4441	3634
4441	3635
4441	3664
4441	3691
4441	3752
4441	3813
4441	3843
4441	3897
4441	3898
4441	3956
4441	3958
4441	3976
4441	4011
4441	4037
4441	4071
4441	4099
4441	4124
4441	4219
4441	4297
4441	4310
4441	4315
4441	4341
4441	4400
4441	4401
4441	4435
4441	4448
4441	4482
4441	4483
4441	4547
4441	4551
4441	4574
4441	4613
4441	4620
4441	4687
4441	4689
4441	4712
4441	4715
4441	4717
4441	4719
4441	4735
4441	4798
4441	4814
4441	4827
4441	4828
4441	4938
4441	4953
4441	4962
4441	4964
4441	4980
4441	4981
4441	4994
4441	4999
4441	5002
4441	5022
4441	5028
4441	5055
4441	5073
4441	5092
4441	5100
4441	5106
4441	5123
4441	5130
4441	5132
4441	5140
4441	5144
4441	5148
4441	5200
4441	5204
4441	5239
4441	5323
4441	5378
4441	5404
4441	5412
4441	5421
4441	5423
4441	5439
4441	5445
4441	5630
4441	5671
4441	5684
4441	5780
4441	5798
4441	5799
4441	5804
4441	5812
4441	5837
4441	5844
4441	5848
4441	5863
4441	5928
4441	5947
4441	6006
4441	6032
4441	6043
4441	6098
4441	6151
4441	6162
4441	6174
4441	6328
4441	6334
4441	6337
4441	6414
4441	6437
4441	6458
4441	6505
4441	6523
4441	6528
4441	6554
4441	6555
4441	6570
4441	6576
4441	6634
4441	6712
4441	6934
4441	6980
4441	7005
4441	7012
4441	7021
4441	7108
4441	7116
4441	7238
4441	7277
4441	7279
4441	7280
4441	7443
4441	7449
4441	7544
4441	7553
4441	7618
4441	7620
4441	7624
4441	7632
4441	7646
4441	7649
4441	7662
4441	7683
4441	7695
4441	7699
4441	7707
4441	7726
4441	7763
4441	7788
4441	7795
4441	7803
4441	7809
4441	7810
4441	7813
4441	7855
4441	7862
4441	7879
4441	7882
4441	7890
4441	7912
4441	7927
4441	8051
4441	8174
4441	8192
4441	8198
4441	8209
4441	8212
4441	8219
4441	8237
4442	1360
4442	2381
4442	2516
4442	2871
4442	2909
4442	3014
4442	3456
4442	4266
4442	4297
4442	4600
4442	4706
4442	4717
4442	4815
4442	4875
4442	5073
4442	5092
4442	5100
4442	5204
4443	2516
4443	2871
4443	3352
4443	4276
4443	4735
4443	5179
4443	5799
4444	2871
4445	2871
4446	2871
4446	4661
4447	72
4447	2456
4447	2871
4447	3084
4447	5002
4447	5818
4447	5860
4447	5872
4447	5925
4447	6422
4447	7553
4447	7561
4447	7862
4447	7912
4448	762
4448	2144
4448	2145
4448	2398
4448	2433
4448	2822
4448	2871
4448	2909
4448	3014
4448	3140
4448	3321
4448	3417
4448	3453
4448	3460
4448	3664
4448	3812
4448	3910
4448	4127
4448	4355
4448	4400
4448	4529
4448	4531
4448	4536
4448	4547
4448	4578
4448	4587
4448	4648
4448	4717
4448	4828
4448	5144
4448	5162
4448	5308
4448	5309
4448	5312
4448	5335
4448	5412
4449	4453
4451	1352
4451	1473
4451	3334
4451	4453
4451	4510
4451	6833
4451	7092
4451	7115
4451	7862
4452	4453
4450	4453
4454	3645
4455	840
4455	3334
4455	3459
4455	3645
4455	4037
4455	4044
4455	4297
4455	4529
4455	4536
4455	4539
4455	4578
4455	4631
4455	4987
4455	5178
4455	5274
4455	5288
4455	5306
4455	6270
4455	6327
4455	6832
4455	7108
4455	7632
4456	3645
4456	5028
4456	5671
4456	7351
4457	3645
4458	4220
4458	4463
4459	2144
4459	3748
4459	4463
4459	5404
4460	4463
4460	4531
4461	4199
4461	4463
2047	4463
4462	4463
4464	4422
4465	2433
4465	3144
4465	4422
4465	4552
4467	4234
4468	222
4468	1688
4468	2258
4468	3456
4468	4011
4468	4234
4468	4448
4468	4557
4468	4977
4468	5020
4468	5215
4468	5245
4468	5271
4468	5321
4468	5545
4468	5592
4468	6529
4468	8295
4469	3144
4471	3664
4471	4712
4470	4471
4473	4480
4474	3453
4474	4480
4477	4261
4477	4480
4476	525
4476	4191
4476	4480
4476	4777
4476	5064
4476	5233
4476	5311
4476	5457
4476	5539
4476	5926
4476	6055
4476	6596
4476	7908
4476	8139
4476	8225
4476	8246
4478	4480
4475	4480
4479	4480
4485	3453
4485	3454
4485	3635
4485	4040
4485	4335
4485	4661
4485	4712
4485	4792
4485	4876
4485	5563
4485	7292
4485	7809
4482	4037
4482	4485
4482	4587
4482	4712
4482	5239
4482	5298
4482	5563
4483	15
4483	1305
4483	1498
4483	1648
4483	2276
4483	2354
4483	2364
4483	2381
4483	2386
4483	2592
4483	2658
4483	2689
4483	2765
4483	3089
4483	3238
4483	3274
4483	3291
4483	3352
4483	3447
4483	3459
4483	3479
4483	3537
4483	3691
4483	3796
4483	3962
4483	4037
4483	4071
4483	4099
4483	4110
4483	4191
4483	4310
4483	4485
4483	4500
4483	4547
4483	4587
4483	4653
4483	4712
4483	4715
4483	4748
4483	4795
4483	4797
4483	4828
4483	4929
4483	4940
4483	4986
4483	4993
4483	5002
4483	5055
4483	5058
4483	5079
4483	5123
4483	5148
4483	5155
4483	5179
4483	5188
4483	5200
4483	5204
4483	5239
4483	5254
4483	5262
4483	5296
4483	5301
4483	5426
4483	5459
4483	5467
4483	5484
4483	5509
4483	5524
4483	5527
4483	5529
4483	5545
4483	5563
4483	5592
4483	5596
4483	5614
4483	5620
4483	5684
4483	5706
4483	5739
4483	5743
4483	5745
4483	5753
4483	5760
4483	5790
4483	5799
4483	5800
4483	5802
4483	5804
4483	5806
4483	5811
4483	5829
4483	5839
4483	5863
4483	5871
4483	5977
4483	5994
4483	6027
4483	6080
4483	6107
4483	6151
4483	6166
4483	6221
4483	6225
4483	6243
4483	6269
4483	6360
4483	6417
4483	6481
4483	6505
4483	6555
4483	6596
4483	6618
4483	6634
4483	6665
4483	6715
4483	6720
4483	6724
4483	6725
4483	6739
4483	6774
4483	6784
4483	6873
4483	6914
4483	6934
4483	6946
4483	6955
4483	6979
4483	7012
4483	7021
4483	7092
4483	7237
4483	7280
4483	7289
4483	7373
4483	7381
4483	7414
4483	7553
4483	7624
4483	7632
4483	7651
4483	7662
4483	7694
4483	7809
4483	7833
4483	7862
4483	7890
4483	7961
4483	8042
4483	8128
4483	8163
4483	8174
4483	8209
4483	8295
4493	762
4486	72
4486	762
4486	1549
4486	2145
4486	2552
4486	3352
4486	3417
4486	3443
4486	3456
4486	3808
4486	3897
4486	4536
4486	4587
4486	4631
4486	4796
4486	4879
4486	5233
4486	5255
4486	5620
4486	5726
4494	762
4495	762
4488	15
4488	737
4488	762
4488	1352
4488	1498
4488	2145
4488	2440
4488	2535
4488	2658
4488	2689
4488	3014
4488	3084
4488	3238
4488	3352
4488	3443
4488	3456
4488	4099
4488	4310
4488	4400
4488	4530
4488	4795
4488	4808
4488	4875
4488	5037
4488	5200
4488	5210
4488	5288
4488	5392
4488	5412
4488	5655
4488	5743
4488	5800
4488	5817
4488	5819
4488	5955
4488	5969
4488	5980
4488	6123
4488	6156
4488	6376
4488	6571
4488	6618
4488	6634
4488	6918
4488	7021
4488	7050
4488	7238
4488	7833
4488	7908
4488	7924
4489	72
4489	762
4489	2535
4489	2775
4489	3238
4489	3456
4489	3498
4489	4037
4489	4191
4489	4661
4489	4811
4489	4828
4489	5254
4489	5412
4489	6334
4490	762
4496	762
4496	2775
4496	7351
4491	762
4497	762
4500	2433
4500	4199
4504	3125
4504	3443
4502	3125
4502	3664
4503	3125
4507	3806
4507	6634
4492	3806
4492	4510
4508	3806
4509	1688
4509	2364
4509	2381
4509	3537
4509	3806
4509	4297
4509	5073
4509	5092
4509	5100
4509	5106
4509	5204
4511	1984
4511	2326
4511	2790
4511	3443
4511	3453
4511	3724
4511	3835
4511	4103
4511	4110
4511	4212
4511	4266
4511	4661
4511	4719
4511	4735
4511	4808
4498	3724
4516	4199
4523	2433
4524	15
4524	4335
4524	4500
4524	4875
4524	5210
4524	5773
4524	6000
4524	7144
4524	7279
4526	3843
4526	4528
4526	4529
4526	4983
4526	4991
4527	525
4527	2342
4527	2369
4527	3537
4527	4528
4527	4536
4527	4645
4527	4748
4527	5044
4527	5083
4527	5130
4527	5176
4527	6755
4527	7257
4531	2398
4531	2760
4531	2775
4531	3140
4531	3352
4531	3454
4531	3557
4531	3956
4531	4219
4531	4578
4531	4583
4531	4584
4531	4588
4531	4735
4530	15
4530	896
4530	3897
4530	4531
4530	4678
4530	4780
4530	5412
4530	5743
4530	7632
4533	4531
4533	5323
4533	5341
4534	737
4534	2516
4534	3352
4534	3456
4534	3498
4534	3796
4534	4040
4534	4191
4534	4531
4534	4648
4534	4712
4534	4796
4534	5178
4534	5545
4534	5623
4534	6914
4534	7005
4534	7879
4534	8178
4535	1688
4535	3537
4535	3812
4535	4531
4535	4578
4536	1026
4536	1733
4536	1982
4536	2258
4536	2364
4536	2381
4536	2398
4536	2790
4536	2831
4536	2917
4536	3000
4536	3276
4536	3284
4536	3334
4536	3393
4536	3447
4536	3459
4536	3643
4536	3813
4536	3854
4536	3898
4536	3922
4536	4191
4536	4219
4536	4297
4536	4298
4536	4335
4536	4338
4536	4529
4536	4530
4536	4531
4536	4557
4536	4578
4536	4653
4536	4666
4536	4792
4536	4795
4536	4899
4536	4953
4536	4962
4536	4964
4536	4983
4536	4986
4536	4993
4536	4999
4536	5022
4536	5037
4536	5043
4536	5044
4536	5045
4536	5055
4536	5058
4536	5072
4536	5073
4536	5100
4536	5189
4536	5226
4536	5254
4536	5412
4536	5500
4536	5529
4536	5539
4536	5563
4536	5650
4536	5655
4536	5694
4536	5743
4536	5775
4536	5802
4536	6004
4536	6596
4536	6714
4536	6720
4536	6790
4536	6907
4536	7054
4536	7168
4536	7378
4536	7553
4536	7632
4536	7649
4538	3812
4540	4541
4542	2914
4542	3334
4542	3897
4542	4544
4542	4786
4542	6006
4542	6422
4542	7434
4542	8083
4543	2398
4543	4544
4545	1688
4547	1688
4547	1769
4547	2014
4547	2144
4547	2145
4547	2760
4547	2775
4547	3014
4547	3140
4547	3276
4547	3447
4547	3453
4547	3454
4547	3458
4547	3460
4547	3537
4547	3796
4547	3854
4547	3956
4547	3958
4547	4037
4547	4044
4547	4072
4547	4189
4547	4298
4547	4557
4547	4613
4547	4648
4547	4666
4547	4735
4547	4792
4547	4828
4547	4875
4547	4938
4547	4946
4547	4953
4547	4962
4547	4999
4547	5044
4547	5055
4547	5058
4547	5083
4547	5115
4547	5144
4547	5459
4550	95
4550	608
4550	737
4550	1247
4550	1549
4550	1733
4550	1799
4550	2258
4550	2354
4550	2398
4550	2516
4550	2764
4550	2822
4550	2831
4550	3027
4550	3089
4550	3092
4550	3103
4550	3393
4550	3417
4550	3456
4550	3459
4550	3460
4550	3897
4550	3910
4550	4037
4550	4099
4550	4191
4550	4247
4550	4335
4550	4355
4550	4400
4550	4448
4550	4530
4550	4600
4550	4653
4550	4666
4550	4712
4550	4846
4550	4929
4550	4964
4550	4986
4550	5037
4550	5072
4550	5123
4550	5155
4550	5189
4550	5262
4550	5321
4550	5323
4550	5335
4550	5341
4550	5364
4550	5392
4550	5412
4550	5423
4550	5430
4550	5434
4550	5452
4550	5463
4550	5465
4550	5467
4550	5484
4550	5506
4550	5509
4550	5511
4550	5514
4550	5539
4550	5545
4550	5559
4550	5568
4550	5569
4550	5570
4550	5592
4550	5637
4550	5639
4550	5650
4550	5651
4550	5683
4550	5705
4550	5817
4550	5891
4550	5963
4550	6029
4550	6251
4550	6255
4550	6305
4550	6330
4550	6523
4550	6600
4550	6707
4550	6765
4550	6938
4550	6945
4550	6948
4550	6953
4550	6955
4550	6979
4550	6982
4550	8295
4557	2276
4557	2507
4557	3586
4557	3643
4557	4041
4557	4310
4557	4338
4557	4527
4557	5072
4557	5182
4557	5226
4557	5445
4557	5524
4557	5743
4557	5780
4557	6029
4553	3334
4553	4557
4553	5392
4554	4557
4555	4557
4556	4557
4558	7757
4560	4561
4560	4661
4560	4828
4563	2364
4563	3092
4563	3140
4563	3454
4563	3554
4563	3843
4563	3898
4563	4828
4563	5092
4563	5130
4563	5132
4564	72
4564	737
4564	2145
4564	2326
4564	2398
4564	2535
4564	2790
4564	2811
4564	3140
4564	3276
4564	3334
4564	3352
4564	3443
4564	3454
4564	3643
4564	3796
4564	3898
4564	3956
4564	3976
4564	4072
4564	4191
4564	4297
4564	4315
4564	4335
4564	4448
4564	4578
4564	4613
4564	4735
4564	4811
4564	4929
4564	5002
4564	5452
4564	5459
4565	3454
4565	4578
4566	3454
4566	4110
4566	4400
4567	2790
4567	3454
4568	3454
4569	3140
4574	346
4574	1305
4574	1310
4574	2354
4574	2398
4574	2516
4574	2620
4574	3084
4574	3334
4574	3455
4574	3456
4574	3586
4574	3748
4574	3897
4574	3919
4574	4037
4574	4103
4574	4191
4574	4247
4574	4578
4574	4781
4574	4811
4574	4846
4574	4875
4574	5079
4574	5179
4574	5182
4574	5301
4574	5412
4574	5459
4574	5828
4574	5963
4574	6044
4574	6262
4574	6305
4574	6337
4574	6624
4574	6709
4574	7632
4574	7839
4575	4578
4575	4735
4576	15
4576	3447
4576	3897
4576	3919
4576	4448
4576	4530
4576	4536
4576	4578
4576	4977
4576	5463
4577	4072
4577	4578
4581	1185
4581	3433
4581	4297
4582	2381
4582	2398
4582	3014
4582	4583
4582	4728
4586	2790
4586	3352
4586	4072
4586	4335
4586	4466
4586	4778
4586	4779
4586	4780
4586	5683
4587	15
4587	2145
4587	2535
4587	2592
4587	3452
4587	3453
4587	3498
4587	3537
4587	3634
4587	3748
4587	3835
4587	3873
4587	4072
4587	4212
4587	4261
4587	4448
4587	4483
4587	4662
4587	4792
4587	4828
4587	4953
4587	4999
4587	5130
4587	5350
4587	5844
4587	5947
4587	6566
4588	2326
4588	3014
4588	3352
4588	3443
4588	3460
4588	3958
4588	4072
4588	4261
4588	4266
4588	4661
4588	4719
4592	1961
4592	2775
4592	4037
4592	4808
4592	5026
4592	5133
4593	1961
4594	2144
4595	2144
4595	3453
4595	4468
4596	2144
4597	2144
4598	15
4598	1026
4598	2160
4598	2440
4598	3334
4598	3352
4598	3459
4598	3498
4598	3755
4598	3885
4598	3956
4598	4011
4598	4099
4598	4211
4598	4401
4598	4536
4598	4875
4598	5002
4598	5028
4598	5072
4598	5096
4598	5121
4598	5178
4598	5179
4598	5263
4598	5301
4598	5404
4598	5415
4598	5482
4598	5527
4598	5584
4598	5697
4598	5705
4598	5756
4598	5773
4598	5776
4598	5784
4598	5790
4598	5800
4598	5824
4598	5829
4598	5839
4598	5863
4598	5871
4598	5902
4598	6080
4598	6105
4598	6151
4598	6156
4598	6246
4598	6261
4598	6270
4598	6299
4598	6327
4598	6400
4598	6523
4598	6599
4598	6634
4598	6700
4598	6715
4598	6720
4598	6739
4598	6765
4598	6855
4598	7225
4598	7279
4598	7478
4598	7553
4598	7620
4598	7757
4598	7839
4599	3956
4600	15
4600	2237
4600	2760
4600	2822
4600	4041
4600	4400
4600	4781
4600	4792
4600	4846
4600	4999
4600	5189
4600	5341
4600	5445
4600	5482
4600	6229
4602	2760
4602	5445
4601	2760
4603	4605
4604	4605
4604	4712
4604	5188
4604	6532
4604	6560
4604	6621
4604	7624
4608	3958
4607	3958
4609	3443
4609	3958
2841	72
4611	72
4612	4613
4615	3014
4616	3014
4616	3089
4616	3238
4616	4037
4616	5799
4616	6930
4616	7632
4617	3014
4618	3014
4618	3034
4618	3453
4618	4646
4619	4620
4622	3443
4623	3352
4623	3443
4624	3443
4624	4037
4625	72
4625	3103
4625	3443
4625	3796
4629	3443
4626	2775
4626	3443
4626	3456
4626	3796
4626	6780
4627	3443
4630	15
4630	3976
4630	4037
4630	5254
4487	406
4487	1680
4487	2354
4487	2369
4487	2516
4487	2775
4487	2917
4487	3089
4487	3456
4487	3897
4487	3976
4487	4191
4487	4551
4487	4587
4487	4666
4487	4735
4487	4964
4487	4977
4487	4991
4487	5115
4487	5208
4487	5215
4487	5298
4487	5301
4487	5306
4487	5392
4487	5412
4487	5484
4487	5563
4487	5564
4487	5817
4631	5545
4632	155
4632	967
4632	1159
4632	1385
4632	1473
4632	1498
4632	1548
4632	1680
4632	1799
4632	1823
4632	2223
4632	2276
4632	2285
4632	2369
4632	2490
4632	2535
4632	2658
4632	2689
4632	2774
4632	2909
4632	2925
4632	2940
4632	3000
4632	3084
4632	3106
4632	3191
4632	3393
4632	3447
4632	3460
4632	3479
4632	3498
4632	3554
4632	3586
4632	3643
4632	3752
4632	3770
4632	3796
4632	3843
4632	3873
4632	3885
4632	3910
4632	3958
4632	4011
4632	4037
4632	4040
4632	4041
4632	4071
4632	4099
4632	4103
4632	4124
4632	4175
4632	4212
4632	4261
4632	4276
4632	4297
4632	4310
4632	4315
4632	4338
4632	4355
4632	4361
4632	4412
4632	4435
4632	4482
4632	4483
4632	4534
4632	4574
4632	4588
4632	4621
4632	4653
4632	4666
4632	4715
4632	4792
4632	4797
4632	4798
4632	4808
4632	4814
4632	4828
4632	4846
4632	4940
4632	4964
4632	4980
4632	4994
4632	5002
4632	5012
4632	5020
4632	5022
4632	5079
4632	5083
4632	5092
4632	5100
4632	5121
4632	5123
4632	5148
4632	5178
4632	5189
4632	5200
4632	5215
4632	5222
4632	5233
4632	5262
4632	5288
4632	5327
4632	5335
4632	5404
4632	5423
4632	5437
4632	5439
4632	5457
4632	5466
4632	5484
4632	5487
4632	5524
4632	5529
4632	5539
4632	5559
4632	5568
4632	5671
4632	5683
4632	5684
4632	5693
4632	5743
4632	5753
4632	5760
4632	5780
4632	5798
4632	5800
4632	5804
4632	5807
4632	5819
4632	5827
4632	5872
4632	5886
4632	5891
4632	5933
4632	5936
4632	5947
4632	6006
4632	6043
4632	6097
4632	6124
4632	6151
4632	6156
4632	6166
4632	6174
4632	6218
4632	6227
4632	6246
4632	6251
4632	6255
4632	6262
4632	6299
4632	6305
4632	6306
4632	6327
4632	6328
4632	6414
4632	6422
4632	6432
4632	6437
4632	6441
4632	6458
4632	6474
4632	6481
4632	6498
4632	6523
4632	6555
4632	6589
4632	6595
4632	6599
4632	6618
4632	6634
4632	6665
4632	6737
4632	6780
4632	6860
4632	6875
4632	6914
4632	6933
4632	6934
4632	6946
4632	6948
4632	6955
4632	6976
4632	6979
4632	7005
4632	7021
4632	7052
4632	7073
4632	7092
4632	7094
4632	7143
4632	7295
4632	7341
4632	7351
4632	7373
4632	7381
4632	7391
4632	7510
4632	7587
4632	7618
4632	7620
4632	7624
4632	7646
4632	7647
4632	7695
4632	7699
4632	7726
4632	7795
4632	7803
4632	7809
4632	7810
4632	7813
4632	7833
4632	7839
4632	7855
4632	7871
4632	7882
4632	7908
4632	7912
4632	7961
4632	8073
4632	8122
4632	8163
4632	8174
4632	8192
4632	8209
4632	8237
4632	8295
4633	2456
4633	2517
4633	3748
4633	3835
4633	4011
4633	4044
4633	4103
4633	4212
4633	4261
4633	4666
4633	4706
4633	4814
4636	4468
4638	4639
4640	1984
4640	5817
4641	1984
4644	3034
4645	4646
4649	3309
4651	3453
4651	3835
4652	2516
4652	3453
4652	4530
4652	4653
4652	5020
4652	5144
4652	5335
4652	5543
4653	1385
4653	1680
4653	1799
4653	2354
4653	2386
4653	2398
4653	2516
4653	2552
4653	2592
4653	2605
4653	2689
4653	2822
4653	2831
4653	2909
4653	3089
4653	3106
4653	3276
4653	3291
4653	3393
4653	3417
4653	3447
4653	3453
4653	3455
4653	3456
4653	3459
4653	3460
4653	3537
4653	3664
4653	3691
4653	3755
4653	3796
4653	3897
4653	3910
4653	4041
4653	4098
4653	4127
4653	4191
4653	4315
4653	4335
4653	4355
4653	4400
4653	4448
4653	4468
4653	4482
4653	4530
4653	4536
4653	4547
4653	4574
4653	4587
4653	4600
4653	4625
4653	4631
4653	4632
4653	4645
4653	4661
4653	4748
4653	4777
4653	4795
4653	4828
4653	4866
4653	4964
4653	4977
4653	4983
4653	4994
4653	5020
4653	5123
4653	5141
4653	5146
4653	5162
4653	5189
4653	5200
4653	5204
4653	5208
4653	5210
4653	5215
4653	5222
4653	5226
4653	5255
4653	5260
4653	5305
4653	5308
4653	5309
4653	5326
4653	5327
4653	5351
4653	5354
4653	5363
4653	5392
4653	5393
4653	5423
4653	5454
4653	5459
4653	5463
4653	5484
4653	5509
4653	5545
4653	5563
4653	5564
4653	5569
4653	5620
4653	5623
4653	5630
4653	5635
4653	5637
4653	5650
4653	5663
4653	5680
4653	5737
4653	5743
4653	5844
4653	6164
4653	6441
4653	6505
4653	8295
4654	3453
4654	6148
4655	3321
4655	3453
4635	4220
4659	2237
4659	3321
4659	4999
4660	3321
4661	2517
4661	2811
4661	3321
4661	3635
4661	3796
4661	4037
4661	4261
4661	4335
4661	4547
4661	4662
4661	4719
4661	5459
4661	5563
4661	5596
4661	5804
4661	5822
4661	6555
4661	7855
4661	7882
4662	72
4662	346
4662	1549
4662	1769
4662	2398
4662	2576
4662	2917
4662	3073
4662	3238
4662	3276
4662	3321
4662	3334
4662	3460
4662	3631
4662	3796
4662	3835
4662	4037
4662	4044
4662	4099
4662	4361
4662	4536
4662	4666
4662	4780
4662	4797
4662	4820
4662	4953
4662	4962
4662	5083
4662	5123
4662	5452
4662	5454
4662	5459
4662	5693
4662	5760
4662	5897
4662	5925
4662	5947
4662	5963
4662	6624
4662	6665
4662	6774
4662	6946
4662	7073
4662	7143
4662	7620
4662	7699
4663	1305
4663	2917
4663	3321
4663	3748
4663	4037
4663	4191
4663	4335
4663	4588
4663	4661
4663	4999
4664	2145
4664	2456
4664	4666
4664	4706
4664	4712
4664	4735
4647	15
4647	2145
4647	2326
4647	2565
4647	2696
4647	3433
4647	3447
4647	3456
4647	5123
4647	5412
4647	6907
4665	737
4665	1360
4665	2145
4665	3417
4665	3460
4665	3537
4665	3748
4665	4814
4665	5305
4666	840
4666	3089
4666	3293
4666	3958
4666	4037
4666	4247
4666	4687
4666	5482
4666	5506
4666	5850
4666	6780
4666	7012
4666	7063
4666	7860
4666	7908
4666	7912
4666	7961
4666	7992
4666	8002
4666	8042
4666	8043
4666	8044
4666	8073
4666	8083
4672	4666
4672	4875
4667	4666
4673	1352
4673	1823
4673	1972
4673	2440
4673	2535
4673	2620
4673	2774
4673	2914
4673	3284
4673	3291
4673	3614
4673	3634
4673	3842
4673	3897
4673	3919
4673	4099
4673	4219
4673	4483
4673	4587
4673	4604
4673	4654
4673	4666
4673	4677
4673	4687
4673	4689
4673	4712
4673	4715
4673	4717
4673	4748
4673	4786
4673	4791
4673	4795
4673	4798
4673	4980
4673	4994
4673	5083
4673	5092
4673	5106
4673	5140
4673	5188
4673	5200
4673	5210
4673	5215
4673	5233
4673	5273
4673	5423
4673	5439
4673	5479
4673	5584
4673	5626
4673	5638
4673	5684
4673	5738
4673	5798
4673	5799
4673	5804
4673	5827
4673	5980
4673	6006
4673	6156
4673	6218
4673	6327
4673	6328
4673	6334
4673	6337
4673	6340
4673	6388
4673	6407
4673	6409
4673	6424
4673	6432
4673	6441
4673	6458
4673	6474
4673	6481
4673	6498
4673	6501
4673	6505
4673	6528
4673	6529
4673	6552
4673	6554
4673	6567
4673	6570
4673	6571
4673	6576
4673	6589
4673	6590
4673	6594
4673	6595
4673	6599
4673	6600
4673	6628
4673	6632
4673	6634
4673	6685
4668	4666
4669	938
4669	3334
4669	3796
4669	4037
4669	4529
4669	4666
4669	5800
4669	5801
4669	6442
4669	6736
4669	6913
4669	6953
4669	7254
4670	4666
4671	2398
4671	2456
4671	3554
4671	4625
4671	4666
4671	5100
4671	5459
4674	3460
4674	4666
4674	8212
4681	1305
4681	1498
4681	2223
4681	2326
4681	2696
4681	2917
4681	3297
4681	3334
4681	3460
4681	3748
4681	4037
4681	4298
4681	4588
4681	4792
4681	4811
4681	4962
4681	4993
4681	5055
4681	7092
4681	7992
4683	3460
4682	1310
4682	1769
4682	2790
4682	2811
4682	3460
4682	3635
4682	3854
4682	3898
4682	4261
4682	4298
4682	4551
4682	4661
4682	4953
4682	4999
4686	406
4686	1159
4686	1305
4686	1385
4686	1680
4686	2354
4686	2369
4686	2381
4686	2398
4686	2516
4686	2689
4686	2775
4686	3089
4686	3456
4686	3554
4686	3664
4686	3691
4686	3885
4686	3897
4686	3976
4686	4037
4686	4191
4686	4338
4686	4441
4686	4534
4686	4587
4686	4645
4686	4653
4686	4661
4686	4717
4686	4964
4686	5020
4686	5083
4686	5092
4686	5100
4686	5106
4686	5130
4686	5155
4686	5210
4686	5233
4686	5295
4686	5308
4686	5387
4686	5392
4686	5404
4686	5412
4686	5415
4686	5449
4686	5452
4686	5454
4686	5463
4686	5484
4686	5683
4686	5705
4686	5743
4686	5928
4686	8295
4687	2014
4687	2237
4687	2285
4687	2440
4687	2456
4687	3479
4687	4266
4687	4335
4687	4588
4687	4661
4687	4706
4687	4735
4687	4824
4687	4983
4687	5176
4687	5254
4687	5543
4687	5824
4687	6400
4687	6498
4687	6599
4687	6613
4687	6789
4688	346
4688	1305
4688	1310
4688	1360
4688	1769
4688	2014
4688	2237
4688	2326
4688	2456
4688	2696
4688	2775
4688	2787
4688	2811
4688	3002
4688	3073
4688	3276
4688	3334
4688	3352
4688	3433
4688	3447
4688	3452
4688	3458
4688	3607
4688	3635
4688	3643
4688	3748
4688	3843
4688	3854
4688	3898
4688	4037
4688	4040
4688	4044
4688	4103
4688	4189
4688	4212
4688	4261
4688	4266
4688	4335
4688	4551
4688	4661
4688	4662
4688	4706
4688	4719
4688	4735
4688	4776
4688	4792
4688	4796
4688	4808
4688	4811
4688	4814
4688	4820
4688	4827
4688	4938
4688	4942
4688	4953
4688	4962
4688	4983
4688	4999
4688	5026
4689	4661
4693	4261
4693	5162
4692	4261
4694	4261
4695	4261
4696	4261
4697	4261
4698	4261
4699	4261
4700	4261
4701	4261
4702	4261
4703	4261
4704	4261
4705	3334
4705	4261
4705	4728
4706	4261
4706	4266
4706	4792
4707	4261
4708	4261
4709	1473
4709	3106
4709	3456
4709	3586
4709	3796
4709	4071
4709	4261
4709	4338
4709	4981
4709	5037
4709	5055
4709	5459
4709	5524
4709	5684
4709	5775
4709	6123
4709	6458
4709	7119
4709	7510
4709	7871
4709	7874
4709	7890
4709	7912
4709	7961
4709	7979
4710	3910
4710	4261
4710	4706
4710	4735
4710	4824
4710	4875
4710	5100
4710	5239
4711	4261
4714	737
4714	4719
4714	5775
4715	3103
4715	4298
4715	4341
4715	4400
4715	4719
4715	4964
4715	5020
4715	5321
4715	5457
4715	5790
4715	5844
4716	4719
2621	2160
2621	4719
2621	5305
2621	5412
2621	6023
2621	6481
2621	6770
2621	6789
4717	737
4717	896
4717	967
4717	2381
4717	2456
4717	2516
4717	2565
4717	2658
4717	2831
4717	3084
4717	3089
4717	3293
4717	3334
4717	3459
4717	3796
4717	3842
4717	4099
4717	4310
4717	4448
4717	4483
4717	4536
4717	4587
4717	4666
4717	4712
4717	4719
4717	4748
4717	4764
4717	4798
4717	4814
4717	4828
4717	4899
4717	5123
4717	5178
4717	5254
4717	5273
4717	5439
4717	5463
4717	5524
4717	5596
4717	5624
4717	5650
4717	5697
4717	5743
4717	5760
4717	5829
4717	5972
4717	6059
4717	6083
4717	6221
4717	6272
4717	6553
4717	6555
4717	6560
4717	6576
4717	6832
4717	6979
4717	7131
4717	7277
4717	7381
4717	7618
4717	7620
4717	7961
4718	1680
4718	1799
4718	2001
4718	2354
4718	2689
4718	2785
4718	2822
4718	2909
4718	3089
4718	3103
4718	3456
4718	3460
4718	3691
4718	3796
4718	3910
4718	4041
4718	4175
4718	4315
4718	4482
4718	4653
4718	4719
4718	4964
4718	5026
4718	5033
4718	5123
4718	5204
4718	5222
4718	5231
4718	5239
4718	5260
4718	5267
4718	5305
4718	5306
4718	5341
4718	5354
4718	5375
4718	5415
4718	5434
4718	5449
4718	5459
4718	5564
4718	5620
4718	5630
4718	5743
4718	5844
4718	5886
4721	2790
4721	5817
4720	2790
4712	15
4712	737
4712	967
4712	1026
4712	1310
4712	1352
4712	1799
4712	1982
4712	2364
4712	2398
4712	2535
4712	2565
4712	2774
4712	2831
4712	2851
4712	2909
4712	3015
4712	3089
4712	3238
4712	3334
4712	3459
4712	3635
4712	3643
4712	3726
4712	3755
4712	3873
4712	3885
4712	3897
4712	3910
4712	4037
4712	4175
4712	4247
4712	4310
4712	4335
4712	4361
4712	4483
4712	4534
4712	4574
4712	4717
4712	4735
4712	4791
4712	4795
4712	4828
4712	4846
4712	4875
4712	4987
4712	5002
4712	5028
4712	5123
4712	5155
4712	5178
4712	5189
4712	5233
4712	5254
4712	5288
4712	5449
4712	5452
4712	5459
4712	5463
4712	5524
4712	5527
4712	5543
4712	5545
4712	5638
4712	5651
4712	5743
4712	5753
4712	5776
4712	5800
4712	5811
4712	5936
4712	5950
4712	6006
4712	6027
4712	6123
4712	6255
4712	6262
4712	6269
4712	6270
4712	6306
4712	6328
4712	6330
4712	6334
4712	6337
4712	6407
4712	6498
4712	6501
4712	6560
4712	6566
4712	6606
4712	6715
4712	6789
4712	6803
4712	6833
4712	6855
4712	6860
4712	6942
4712	6955
4712	6967
4712	6994
4712	7047
4712	7054
4712	7088
4712	7092
4712	7144
4712	7168
4712	7214
4712	7225
4712	7237
4712	7279
4712	7373
4712	7422
4712	7478
4712	7553
4712	7587
4712	7632
4712	7673
4712	7699
4712	7707
4712	8295
4712	8297
4723	3635
4725	1305
4725	1310
4725	1769
4725	2381
4725	2456
4725	2592
4725	2787
4725	2811
4725	3002
4725	3284
4725	3334
4725	3452
4725	3664
4725	3813
4725	3843
4725	3898
4725	4037
4725	4040
4725	4044
4725	4103
4725	4547
4725	4551
4725	4796
4725	4808
4725	4875
4725	4983
4725	5073
4725	5075
4725	5092
4725	5106
4725	5115
4725	5130
4725	5132
4725	5144
4725	5204
4725	6503
4726	1680
4726	2369
4726	3027
4726	3106
4726	3459
4726	3910
4726	4219
4726	4315
4726	4448
4726	4468
4726	4587
4726	4728
4726	4820
4726	4824
4726	5222
4727	4728
4733	2517
4733	4335
4733	4735
4733	5947
4736	4735
4675	4735
4742	3352
4742	4735
4737	3830
4737	4735
4737	5838
4738	4735
4739	15
4739	1473
4739	2456
4739	3310
4739	4335
4739	4600
4739	4706
4739	4735
4739	5028
4739	5863
4739	7478
4743	4735
4743	4875
4745	15
4745	4735
4740	4735
4744	4335
4744	4735
4746	1548
4746	3002
4746	3276
4746	3352
4746	3458
4746	3537
4746	3835
4746	3854
4746	4124
4746	4654
4746	4735
4746	4792
4746	4983
4746	5178
4746	5484
4746	5760
4746	6296
4746	6311
4741	3002
4741	4735
4741	4828
4749	3748
4749	4706
4749	4820
4750	2696
4750	3748
4750	6124
4751	2775
4751	3352
4751	3748
4751	5083
4754	3748
4752	3748
4753	3748
4755	4266
4756	72
4756	1305
4756	1680
4756	2001
4756	2014
4756	2326
4756	2354
4756	2369
4756	2398
4756	2456
4756	2576
4756	3334
4756	3691
4756	3755
4756	3958
4756	3976
4756	4037
4756	4266
4756	4335
4756	4588
4756	4653
4756	4776
4756	4796
4756	4942
4756	4964
4756	5058
4756	5083
4756	5092
4756	5233
4756	5457
4756	5459
4756	5737
4756	5760
4756	6560
4757	2456
4757	4040
4757	4266
4757	4808
4757	4811
4757	4814
4759	3835
4748	1305
4748	1310
4748	1972
4748	2326
4748	2364
4748	2398
4748	2822
4748	3284
4748	3835
4748	3898
4748	3910
4748	3976
4748	4298
4748	4468
4748	4500
4748	4507
4748	4527
4748	4776
4748	4987
4748	5176
4748	5182
4748	5204
4748	5301
4748	5323
4748	5335
4748	5354
4748	5364
4748	5430
4748	5514
4748	5640
4748	5991
4748	6009
4748	6334
4748	6571
4748	6590
4748	6594
4748	6599
4748	6739
4760	1305
4760	2014
4760	3352
4760	3911
4760	5055
4760	7110
4760	7119
4761	3352
4762	3352
4763	3352
4764	2398
4764	3000
4764	3084
4764	3089
4764	3293
4764	3352
4764	3459
4764	3631
4764	3796
4764	3873
4764	4037
4764	4488
4764	4536
4764	4547
4764	4712
4764	4717
4764	4875
4764	5022
4764	5106
4764	5123
4764	5200
4764	5254
4764	5273
4764	5454
4764	5479
4764	5484
4764	5543
4764	5721
4764	5800
4764	5801
4764	5818
4764	5844
4764	5947
4764	6006
4764	6043
4764	6123
4764	6221
4764	6229
4764	6243
4764	6442
4764	6560
4764	6665
4764	6715
4764	6784
4764	6832
4764	6901
4764	7092
4764	7143
4764	7233
4764	7279
4764	7373
4764	7662
4764	7908
4765	1548
4765	2354
4765	3352
4765	4588
4771	3352
4771	7277
4771	8174
4766	3352
4773	4776
4774	346
4774	2326
4774	2456
4774	4040
4774	4103
4774	4212
4774	4776
4774	4796
4774	4808
4774	4811
4774	4814
4774	4827
4774	4831
4778	4780
4777	4778
4777	5285
4781	15
4781	737
4781	896
4781	1352
4781	1385
4781	1865
4781	1982
4781	2276
4781	2456
4781	2516
4781	3089
4781	3274
4781	3498
4781	3873
4781	4335
4781	4574
4781	4999
4781	5028
4781	5178
4781	5479
4781	5484
4781	5624
4781	5828
4781	6124
4781	6246
4781	6458
4781	7012
4782	2456
4782	4953
4796	737
4796	1548
4796	4534
4796	5226
4785	4796
4786	4791
4786	4796
4786	7879
4787	4796
4788	3460
4788	4551
4788	4764
4788	4791
4788	4796
4788	5829
4788	6032
4788	6388
4788	6618
4788	6737
4788	6783
4788	6833
4788	7021
4788	7389
4788	7649
4788	7857
4788	7879
4788	7910
4788	7912
4788	7924
4789	4796
4789	7879
4790	4796
4791	4796
4792	737
4792	2273
4792	2565
4792	3084
4792	3447
4792	3796
4792	3962
4792	4009
4792	4400
4792	4507
4792	4653
4792	4666
4792	4706
4792	4777
4792	4796
4792	4981
4792	5020
4792	5022
4792	5028
4792	5079
4792	5148
4792	5254
4792	5273
4792	5298
4792	5326
4792	5459
4792	5465
4792	5466
4792	5524
4792	5605
4792	5732
4792	5739
4792	5745
4792	5756
4792	5829
4792	5871
4792	5969
4792	6032
4792	6044
4792	6124
4792	6421
4792	6560
4792	6634
4792	6665
4792	6700
4792	6783
4792	6832
4792	6869
4792	6938
4792	7092
4792	7185
4792	7280
4792	7414
4792	7574
4792	7632
4792	7788
4792	7809
4792	7899
4792	7908
4792	7909
4792	7946
4792	8079
4793	4796
4793	6869
4794	4796
4798	2223
4798	4103
4798	4212
4798	5807
4799	4212
4799	4798
4800	4040
4803	4808
4804	4808
4805	4808
4805	4814
4806	4808
4807	4808
4810	4811
4814	1360
4814	2364
4814	3455
4814	3854
4814	3897
4814	4189
4814	4777
4814	4797
4814	4827
4814	4938
4814	4962
4814	4993
4814	4999
4814	5199
4814	5226
4814	5459
4814	6422
4814	6503
4814	7295
4814	7301
4813	155
4813	608
4813	737
4813	967
4813	1310
4813	1352
4813	1823
4813	1972
4813	2440
4813	2764
4813	2831
4813	3456
4813	3479
4813	3498
4813	3614
4813	3842
4813	3897
4813	4099
4813	4587
4813	4632
4813	4687
4813	4689
4813	4709
4813	4713
4813	4748
4813	4795
4813	4814
4813	4846
4813	4994
4813	5037
4813	5140
4813	5200
4813	5204
4813	5439
4813	5479
4813	5626
4813	5799
4813	6006
4813	6441
4813	6458
4813	6481
4813	6498
4813	6505
4813	6576
4813	6589
4813	6715
4816	1360
4817	1360
4818	737
4818	1305
4818	1680
4818	2237
4818	2354
4818	2364
4818	2516
4818	2917
4818	3002
4818	3092
4818	3334
4818	3455
4818	3796
4818	4044
4818	4124
4818	4191
4818	4219
4818	4820
4818	4938
4818	4983
4818	5022
4818	5058
4818	5162
4818	5375
4818	5484
4818	5790
4818	5814
4818	6306
4819	4820
4821	346
4821	5162
4823	4706
4824	72
4824	608
4824	737
4824	1473
4824	1648
4824	1733
4824	1799
4824	2001
4824	2276
4824	2277
4824	2342
4824	2364
4824	2398
4824	2516
4824	2576
4824	2605
4824	2775
4824	2831
4824	2925
4824	3089
4824	3274
4824	3456
4824	3459
4824	3537
4824	3586
4824	3755
4824	3958
4824	4099
4824	4310
4824	4335
4824	4338
4824	4500
4824	4534
4824	4574
4824	4600
4824	4653
4824	4706
4824	4777
4824	4781
4824	4792
4824	4795
4824	4797
4824	4828
4824	4899
4824	4929
4824	4981
4824	4986
4824	5020
4824	5072
4824	5079
4824	5103
4824	5123
4824	5133
4824	5155
4824	5182
4824	5215
4824	5226
4824	5285
4824	5288
4824	5289
4824	5296
4824	5301
4824	5310
4824	5321
4824	5432
4824	5459
4824	5506
4824	5513
4824	5527
4824	5639
4824	5650
4824	5651
4824	5680
4824	5693
4824	5706
4824	5721
4824	5732
4824	5737
4824	5743
4824	5745
4824	5753
4824	5775
4824	5780
4824	5828
4824	5837
4824	5844
4824	5848
4824	5886
4824	5891
4824	5902
4824	5925
4824	5947
4824	5991
4824	6006
4824	6098
4824	6124
4824	6720
4824	6784
4824	6913
4824	6976
4824	8042
4825	4706
4825	5775
4827	4828
4826	4827
4829	737
4829	1247
4829	1680
4829	1799
4829	2364
4829	2689
4829	2785
4829	2822
4829	2909
4829	3027
4829	3089
4829	3103
4829	3417
4829	3456
4829	3459
4829	3460
4829	3691
4829	3792
4829	3910
4829	3962
4829	4124
4829	4127
4829	4315
4829	4400
4829	4448
4829	4482
4829	4587
4829	4600
4829	4712
4829	4824
4829	4831
4829	4866
4829	4929
4829	5002
4829	5079
4829	5083
4829	5092
4829	5155
4829	5176
4829	5245
4829	5288
4829	5295
4829	5326
4829	5327
4829	5335
4829	5341
4829	5392
4829	5412
4829	5423
4829	5430
4829	5442
4829	5449
4829	5452
4829	5457
4829	5465
4829	5467
4829	5506
4829	5543
4829	5739
4829	5800
4829	5802
4829	5818
4829	5839
4829	5933
4829	6156
4829	6170
4829	6388
4829	6560
4829	6699
4829	6720
4829	6755
4829	6788
4829	6856
4829	6873
4829	6892
4829	7012
4829	7624
4829	7946
4830	4831
4832	2237
4832	2775
4832	4037
4832	4361
4832	4991
4832	6503
4832	7478
4857	2237
4833	2237
4833	2354
4833	4037
4833	4124
4833	6595
4833	6790
4834	2237
4835	2237
4836	2237
4837	2237
4837	3498
4838	2237
4838	4600
4839	2237
4840	1385
4840	2237
4840	4600
4840	5482
4858	2237
4841	2237
4842	2237
4842	4999
4843	1473
4843	2237
4843	2354
4843	2398
4843	2565
4843	3084
4843	4037
4843	4247
4843	4335
4843	4600
4843	4879
4843	4977
4843	5254
4843	5423
4843	5449
4843	5452
4843	5484
4843	5511
4843	5651
4843	5714
4843	5828
4843	5850
4843	6790
4843	7478
4844	2237
4844	4600
4859	1310
4859	1680
4859	2237
4859	2381
4859	2516
4859	2689
4859	2775
4859	3092
4859	3276
4859	3447
4859	3452
4859	3537
4859	3607
4859	3854
4859	3898
4859	4124
4859	4191
4859	4547
4859	4551
4859	4717
4859	4792
4859	4828
4859	4953
4859	4999
4859	5026
4859	5055
4859	5106
4859	5130
4859	5144
4859	5222
4860	2237
4860	4875
4845	2237
4846	737
4846	2237
4846	2381
4846	2398
4846	2592
4846	3456
4846	3664
4846	3691
4846	4189
4846	4191
4846	4335
4846	4400
4846	4448
4846	4587
4846	4600
4846	4632
4846	4653
4846	4824
4846	4828
4846	4964
4846	5092
4846	5106
4846	5115
4846	5141
4846	5189
4846	5239
4846	5341
4846	5484
4846	5511
4846	5513
4846	5545
4846	5563
4846	5568
4846	5592
4847	2237
4848	2237
4849	2237
4849	4600
4850	2237
4850	4600
4850	4999
4861	2237
4862	1026
4862	2237
4862	4276
4862	5254
4851	2237
4851	4600
4851	4846
4852	2237
4852	3498
4852	5178
4863	2237
4853	1305
4853	1352
4853	2237
4853	4588
4853	5162
4854	2237
4854	4600
4855	2237
4855	3334
4856	2237
4856	3755
4856	5651
4866	3073
4866	3433
4867	4875
4868	4875
4873	4875
4801	4875
4871	4875
4869	4875
4874	2620
4874	4875
4874	5210
4870	1548
4870	4875
4872	4875
4879	1026
4879	2565
4879	2940
4879	3334
4879	3459
4879	3537
4879	3885
4879	4219
4879	4341
4879	4887
4879	5289
4879	5760
4879	5806
4879	5835
4879	5872
4879	6243
4879	6665
4879	6907
4879	7279
4879	7362
4879	7378
4879	7386
4879	7397
4879	7414
4879	7553
4879	7557
4879	7561
4879	7587
4881	3334
4881	4530
4881	4795
4881	4977
4882	3334
4882	4037
4882	5817
4883	3334
4883	5596
4883	5714
4883	6770
4883	6833
4884	3334
4884	4037
4884	7632
4884	7882
4885	3334
4885	3447
4885	3455
4885	4983
4889	4588
4889	7809
4890	4588
4891	1305
4891	2696
4891	3433
4891	4037
4891	4335
4891	4588
4891	4942
4893	1305
4893	2014
4893	2696
4893	3433
4893	4044
4894	1305
4894	2364
4894	2689
4894	2696
4894	2764
4894	2822
4894	2925
4894	3015
4894	3274
4894	3276
4894	3796
4894	3808
4894	3873
4894	4041
4894	4044
4894	4099
4894	4191
4894	4310
4894	4335
4894	4448
4894	4483
4894	4600
4894	4653
4894	4786
4894	4828
4894	4846
4894	4964
4894	4993
4894	5083
4894	5121
4894	5123
4894	5189
4894	5210
4894	5215
4894	5323
4894	5335
4894	5375
4894	5415
4894	5459
4894	5467
4894	5469
4894	5482
4894	5539
4894	5543
4894	5563
4894	5569
4894	5570
4894	5620
4894	5640
4894	5713
4894	5799
4894	5844
4894	5872
4894	5969
4894	5972
4894	6027
4894	6029
4894	6088
4894	6130
4894	6161
4894	6225
4894	6226
4894	6246
4894	6255
4894	6261
4894	6269
4894	6302
4894	6321
4894	6340
4894	6417
4894	6424
4894	6435
4894	6474
4894	6529
4894	6592
4894	6686
4894	7362
4894	8295
4894	8296
4898	1769
4898	2014
4898	3276
4898	3854
4898	4987
4898	4993
4898	4999
4898	5044
4898	5368
4898	5392
4898	5434
4899	15
4899	608
4899	1648
4899	1680
4899	1733
4899	1799
4899	1972
4899	2001
4899	2014
4899	2276
4899	2364
4899	2369
4899	2381
4899	2398
4899	2440
4899	2516
4899	2576
4899	2592
4899	2689
4899	2774
4899	2822
4899	2831
4899	2909
4899	2940
4899	3002
4899	3027
4899	3084
4899	3089
4899	3092
4899	3103
4899	3238
4899	3274
4899	3284
4899	3393
4899	3417
4899	3456
4899	3460
4899	3537
4899	3586
4899	3634
4899	3643
4899	3664
4899	3691
4899	3796
4899	3813
4899	3842
4899	3843
4899	3897
4899	3910
4899	4041
4899	4098
4899	4099
4899	4124
4899	4219
4899	4247
4899	4297
4899	4310
4899	4315
4899	4335
4899	4361
4899	4400
4899	4448
4899	4482
4899	4483
4899	4534
4899	4547
4899	4574
4899	4587
4899	4600
4899	4654
4899	4689
4899	4717
4899	4748
4899	4781
4899	4824
4899	4828
4899	4929
4899	4980
4899	4986
4899	4994
4899	5055
4899	5061
4899	5072
4899	5073
4899	5092
4899	5100
4899	5103
4899	5106
4899	5123
4899	5130
4899	5132
4899	5140
4899	5144
4899	5155
4899	5162
4899	5178
4899	5182
4899	5189
4899	5199
4899	5200
4899	5204
4899	5222
4899	5233
4899	5239
4899	5245
4899	5262
4899	5301
4899	5323
4899	5327
4899	5341
4899	5392
4899	5430
4899	5437
4899	5445
4899	5449
4899	5452
4899	5459
4899	5463
4899	5479
4899	5484
4899	5545
4899	5568
4899	5626
4899	5637
4899	5680
4899	5693
4899	5743
4899	5753
4899	5775
4899	5780
4899	5799
4899	5812
4899	5819
4899	5827
4899	5844
4899	5863
4899	5886
4899	5897
4899	5925
4899	5947
4899	5963
4899	6004
4899	6006
4899	6029
4899	6098
4899	6124
4899	6246
4899	6251
4899	6299
4899	6327
4899	6328
4899	6441
4899	6458
4899	6481
4899	6498
4899	6554
4899	6715
4899	6739
4899	6832
4899	6946
4899	7373
4899	7381
4899	7809
4899	7810
4899	7860
4899	7890
4899	8042
4899	8044
4899	8128
4900	2014
4901	2014
4901	4962
4903	15
4903	4037
4904	15
4904	4037
4905	4037
4923	2160
4923	4037
4923	6094
4906	15
4906	4037
4908	4037
4924	3015
4924	4037
4924	4536
4924	4875
4924	5079
4924	5262
4924	5404
4924	5545
4924	6251
4924	6913
4909	1648
4909	4037
4910	4037
4910	4687
4911	4037
4912	15
4912	4037
4913	4037
4914	15
4914	4037
4915	4037
4915	5200
4915	5404
4915	6503
4915	7414
4915	8224
4916	4037
4917	4037
4918	4037
4925	4037
4925	6714
4919	4037
4920	4037
4920	7992
4926	155
4926	3962
4926	4037
4926	5760
4926	6634
4926	7050
4926	8174
4921	4037
4922	15
4922	4037
4929	2381
4929	2516
4929	3456
4929	4219
4929	4536
4929	5083
4929	5120
4929	5144
4929	5417
4931	3433
4932	1305
4932	3433
4933	15
4933	3433
4933	6774
4934	2398
4934	2433
4934	3456
4934	4335
4934	6784
4934	8028
4935	4335
4936	4335
4936	5144
4937	1305
4937	1310
4937	2787
4937	3002
4937	3537
4937	3854
4937	3898
4937	4124
4937	4191
4937	4298
4937	4792
4937	4938
4937	4953
4937	4993
4937	4999
4937	5026
4937	5055
4943	737
4943	1024
4943	2381
4943	2851
4943	3537
4943	3726
4943	3813
4943	3962
4943	4037
4943	4044
4943	4124
4943	4297
4943	4938
4943	4962
4943	5092
4943	5100
4943	5432
4943	6784
4943	6832
4943	6913
4943	6914
4943	6976
4943	6980
4943	7063
4943	7092
4943	7301
4943	7961
4943	8121
4943	8128
4943	8134
4943	8192
4945	4044
4944	3898
4944	4044
4944	4986
4944	7839
4947	2364
4947	3276
4947	3284
4947	3537
4947	3643
4947	4124
4947	5026
4947	5055
4947	5058
4947	5073
4948	15
4948	608
4948	737
4948	967
4948	1191
4948	1310
4948	1385
4948	1473
4948	1498
4948	1680
4948	1799
4948	1982
4948	2001
4948	2354
4948	2364
4948	2369
4948	2381
4948	2398
4948	2576
4948	2592
4948	2605
4948	2658
4948	2689
4948	2764
4948	2785
4948	2787
4948	2822
4948	2831
4948	2909
4948	3002
4948	3015
4948	3027
4948	3089
4948	3092
4948	3103
4948	3106
4948	3238
4948	3274
4948	3276
4948	3284
4948	3393
4948	3417
4948	3447
4948	3452
4948	3455
4948	3456
4948	3459
4948	3460
4948	3537
4948	3554
4948	3607
4948	3664
4948	3691
4948	3752
4948	3796
4948	3813
4948	3843
4948	3897
4948	3910
4948	3976
4948	4071
4948	4124
4948	4191
4948	4247
4948	4297
4948	4315
4948	4335
4948	4338
4948	4400
4948	4401
4948	4432
4948	4435
4948	4448
4948	4482
4948	4547
4948	4587
4948	4600
4948	4653
4948	4666
4948	4712
4948	4792
4948	4797
4948	4824
4948	4828
4948	4846
4948	4929
4948	4940
4948	4964
4948	4980
4948	4981
4948	4983
4948	5020
4948	5026
4948	5028
4948	5055
4948	5072
4948	5092
4948	5096
4948	5100
4948	5106
4948	5130
4948	5144
4948	5148
4948	5162
4948	5189
4948	5200
4948	5204
4948	5210
4948	5215
4948	5222
4948	5226
4948	5239
4948	5255
4948	5263
4948	5288
4948	5311
4948	5321
4948	5326
4948	5327
4948	5335
4948	5378
4948	5388
4948	5392
4948	5412
4948	5423
4948	5426
4948	5430
4948	5449
4948	5454
4948	5459
4948	5463
4948	5465
4948	5484
4948	5506
4948	5509
4948	5568
4948	5605
4948	5620
4948	5671
4948	5721
4948	5732
4948	5737
4948	5743
4948	5773
4948	5800
4948	5806
4948	5812
4948	5817
4948	5819
4948	5839
4948	5844
4948	5872
4948	5925
4948	6044
4948	6151
4948	6320
4948	6481
4948	6555
4948	6618
4948	6634
4948	6665
4948	6737
4948	6780
4948	6875
4948	6907
4948	6914
4948	6946
4948	7005
4948	7052
4948	7054
4948	7092
4948	7233
4948	7238
4948	7279
4948	7341
4948	7389
4948	7391
4948	7400
4948	7414
4948	7443
4948	7510
4948	7561
4948	7632
4948	7694
4948	7695
4948	7726
4948	7778
4948	7810
4948	7833
4948	7855
4948	7860
4948	7862
4948	7871
4948	7882
4948	7890
4948	7924
4948	7965
4948	7979
4948	8037
4948	8042
4948	8044
4948	8051
4948	8122
4948	8124
4948	8128
4948	8163
4948	8168
4948	8178
4948	8186
4948	8192
4948	8209
4948	8212
4948	8219
4948	8237
4950	2917
4951	2917
4952	4600
4952	4938
4952	4953
4957	4189
4960	1972
4960	3291
4960	4748
4960	4962
4960	5799
4960	6006
4960	6437
4960	6505
4963	1024
4963	1310
4963	1769
4963	3455
4963	3537
4963	3691
4963	3854
4963	3898
4963	4547
4963	4938
4963	4993
4963	5092
4963	5144
4964	737
4964	2364
4964	2369
4964	2398
4964	2516
4964	3015
4964	3089
4964	3284
4964	3393
4964	3447
4964	3537
4964	3586
4964	3631
4964	3664
4964	3796
4964	3854
4964	3910
4964	4037
4964	4124
4964	4297
4964	4310
4964	4448
4964	4574
4964	4604
4964	4653
4964	4715
4964	5055
4964	5073
4964	5092
4964	5100
4964	5106
4964	5200
4964	5204
4964	5222
4964	5262
4964	5273
4964	5321
4964	5404
4964	5412
4964	5459
4964	5524
4964	5760
4964	5819
4964	5844
4964	5886
4964	5969
4964	6010
4964	6059
4964	6407
4964	6414
4964	6682
4964	6755
4964	6770
4964	7023
4964	7101
4964	7149
4964	7204
4964	7214
4964	7243
4964	7908
4965	3854
4966	1385
4966	1680
4966	1865
4966	2398
4966	2576
4966	2689
4966	2764
4966	3854
4966	4297
4966	4536
4966	4797
4966	5002
4966	5072
4966	5083
4966	5106
4966	5144
4966	5162
4966	5335
4966	5459
4966	5592
4966	5683
4966	6472
4966	7047
4966	7624
4966	7699
4967	15
4967	608
4967	737
4967	840
4967	896
4967	1074
4967	1159
4967	1247
4967	1352
4967	1403
4967	1473
4967	1549
4967	1648
4967	1733
4967	1799
4967	1972
4967	2001
4967	2160
4967	2258
4967	2273
4967	2276
4967	2364
4967	2381
4967	2398
4967	2433
4967	2440
4967	2490
4967	2507
4967	2511
4967	2516
4967	2565
4967	2576
4967	2592
4967	2605
4967	2620
4967	2689
4967	2764
4967	2765
4967	2774
4967	2775
4967	2785
4967	2822
4967	2831
4967	2909
4967	2925
4967	3002
4967	3015
4967	3027
4967	3089
4967	3092
4967	3103
4967	3191
4967	3238
4967	3274
4967	3291
4967	3376
4967	3393
4967	3417
4967	3456
4967	3459
4967	3460
4967	3479
4967	3498
4967	3537
4967	3586
4967	3614
4967	3631
4967	3634
4967	3643
4967	3664
4967	3691
4967	3755
4967	3792
4967	3796
4967	3803
4967	3813
4967	3830
4967	3842
4967	3843
4967	3854
4967	3873
4967	3897
4967	3910
4967	3919
4967	3958
4967	4009
4967	4037
4967	4041
4967	4065
4967	4099
4967	4124
4967	4127
4967	4134
4967	4175
4967	4247
4967	4297
4967	4310
4967	4315
4967	4335
4967	4338
4967	4355
4967	4400
4967	4448
4967	4482
4967	4483
4967	4488
4967	4500
4967	4527
4967	4530
4967	4534
4967	4536
4967	4547
4967	4574
4967	4587
4967	4600
4967	4604
4967	4625
4967	4653
4967	4666
4967	4687
4967	4689
4967	4709
4967	4712
4967	4713
4967	4715
4967	4717
4967	4748
4967	4764
4967	4781
4967	4791
4967	4795
4967	4798
4967	4824
4967	4828
4967	4846
4967	4899
4967	4929
4967	4944
4967	4964
4967	4980
4967	4986
4967	4994
4967	4999
4967	5002
4967	5020
4967	5026
4967	5037
4967	5055
4967	5058
4967	5061
4967	5072
4967	5073
4967	5083
4967	5092
4967	5100
4967	5103
4967	5106
4967	5121
4967	5123
4967	5130
4967	5140
4967	5141
4967	5144
4967	5155
4967	5176
4967	5178
4967	5179
4967	5182
4967	5188
4967	5189
4967	5200
4967	5204
4967	5210
4967	5222
4967	5226
4967	5239
4967	5254
4967	5262
4967	5273
4967	5301
4967	5335
4967	5387
4967	5392
4967	5393
4967	5404
4967	5412
4967	5423
4967	5430
4967	5432
4967	5437
4967	5439
4967	5445
4967	5459
4967	5463
4967	5465
4967	5467
4967	5479
4967	5506
4967	5509
4967	5513
4967	5514
4967	5524
4967	5527
4967	5543
4967	5545
4967	5563
4967	5568
4967	5584
4967	5596
4967	5620
4967	5623
4967	5624
4967	5637
4967	5650
4967	5651
4967	5663
4967	5680
4967	5684
4967	5693
4967	5697
4967	5705
4967	5714
4967	5721
4967	5732
4967	5737
4967	5739
4967	5743
4967	5753
4967	5775
4967	5776
4967	5780
4967	5790
4967	5792
4967	5798
4967	5799
4967	5802
4967	5804
4967	5807
4967	5814
4967	5818
4967	5822
4967	5827
4967	5828
4967	5829
4967	5837
4967	5844
4967	5848
4967	5863
4967	5871
4967	5880
4967	5886
4967	5891
4967	5922
4967	5925
4967	5926
4967	5928
4967	5932
4967	5936
4967	5947
4967	5955
4967	5969
4967	5972
4967	5991
4967	5994
4967	5998
4967	6001
4967	6006
4967	6029
4967	6047
4967	6078
4967	6083
4967	6096
4967	6097
4967	6098
4967	6106
4967	6110
4967	6124
4967	6148
4967	6156
4967	6166
4967	6170
4967	6218
4967	6221
4967	6225
4967	6226
4967	6227
4967	6229
4967	6235
4967	6246
4967	6251
4967	6257
4967	6272
4967	6296
4967	6327
4967	6328
4967	6330
4967	6337
4967	6407
4967	6409
4967	6432
4967	6437
4967	6441
4967	6458
4967	6481
4967	6496
4967	6501
4967	6505
4967	6523
4967	6528
4967	6552
4967	6554
4967	6560
4967	6570
4967	6589
4967	6594
4967	6595
4967	6599
4967	6600
4967	6606
4967	6624
4967	6632
4967	6634
4967	6661
4967	6668
4967	6682
4967	6699
4967	6715
4967	6720
4967	6721
4967	6725
4967	6770
4967	6774
4967	6777
4967	6783
4967	6784
4967	6790
4967	6806
4967	6860
4967	6869
4967	6873
4967	6897
4967	6901
4967	6920
4967	6930
4967	6945
4967	6946
4967	6950
4967	6955
4967	6976
4967	7021
4967	7101
4967	7115
4967	7119
4967	7143
4967	7144
4967	7168
4967	7214
4967	7561
4967	7927
4967	8295
4967	8296
4938	737
4938	2822
4938	3417
4938	4600
4938	5162
4938	5222
4938	5323
4938	5341
4938	5412
4938	5452
4938	5506
4938	5511
4969	1769
4970	15
4970	1769
4970	2822
4970	4482
4970	4875
4970	6098
4970	6229
4970	6437
4971	1769
4972	1769
4972	4298
4973	1769
4973	3002
4973	3452
4973	3537
4973	3843
4973	3898
4973	4124
4973	4654
4974	737
4974	1769
4974	2576
4974	2689
4974	3002
4974	3027
4974	3089
4974	3284
4974	3447
4974	3537
4974	3586
4974	3796
4974	3843
4974	3897
4974	4310
4974	4315
4974	4574
4974	4587
4974	4653
4974	4828
4974	4929
4974	5055
4974	5123
4974	5130
4974	5144
4974	5204
4974	5215
4974	5239
4974	5351
4974	5463
4974	5524
4974	5638
4974	5743
4974	5775
4974	5844
4974	5872
4974	5886
4974	6665
4974	6832
4974	6913
4974	7414
4974	7624
4974	7642
4974	7803
4975	1024
4975	3455
4976	1024
4976	2354
4976	2364
4976	3089
4976	3843
4976	3898
4976	3976
4976	4041
4976	4099
4976	4191
4976	4310
4976	4482
4976	4574
4976	4587
4976	4824
4976	4828
4976	4999
4976	5100
4976	5215
4976	5680
4976	5886
4976	6041
4976	6505
2346	1024
2346	2764
2346	6661
2346	7965
4978	1310
4979	1310
4980	1310
4980	2398
4980	2516
4980	2774
4980	3274
4980	4099
4980	4335
4980	4777
4980	5020
4980	5178
4980	5285
4980	5543
4980	5637
4980	5639
4980	5651
4980	8295
4981	1310
4981	1385
4981	1982
4981	2001
4981	2398
4981	2440
4981	2658
4981	2689
4981	2787
4981	2909
4981	3084
4981	3586
4981	3752
4981	3962
4981	4037
4981	4191
4981	4335
4981	4587
4981	4604
4981	4712
4981	4983
4981	5002
4981	5037
4981	5073
4981	5079
4981	5188
4981	5430
4981	5584
4981	5605
4981	5671
4981	5714
4981	5807
4981	5947
4981	6151
4981	6555
4981	6560
4981	6725
4981	6774
4981	6790
4981	6979
4981	7021
4981	7063
4981	7092
4981	7341
4981	7510
4981	7553
4981	7587
4981	7833
4981	7862
4981	7879
4981	7882
4981	7908
4981	7961
4982	72
4982	608
4982	1310
4982	1385
4982	2398
4982	2516
4982	2775
4982	3092
4982	3106
4982	3393
4982	3455
4982	3537
4982	3755
4982	3796
4982	3813
4982	3897
4982	4099
4982	4247
4982	4335
4982	4536
4982	4653
4982	4654
4982	4712
4982	4828
4982	4846
4982	4964
4982	4983
4982	5058
4982	5083
4982	5092
4982	5100
4982	5115
4982	5144
4982	5222
4982	5254
4982	5288
4982	5321
4982	5327
4982	5454
4982	5459
4982	5511
4982	5539
4982	5817
4977	1310
4977	2369
4977	3607
4983	1310
4983	4981
4983	7860
4983	7862
4985	3898
4986	3898
4988	15
4988	72
4988	608
4988	737
4988	2276
4988	2490
4988	2516
4988	2592
4988	4247
4988	4310
4988	4551
4988	5026
4988	5092
4988	5106
4988	5178
4988	5404
4988	5459
4988	5790
4988	5994
4988	6246
4988	6424
4988	6918
4988	7632
4989	1982
4989	3447
4989	3458
4989	4298
4989	5697
4989	6262
4989	6946
4993	2386
4993	4124
4993	4297
4993	5144
4992	3002
4992	4632
4992	4993
4992	7279
4994	2589
4994	3015
4994	3634
4994	4191
4994	5199
4994	5524
4994	5760
4994	5800
4994	5897
4994	6043
4994	6299
4994	6832
4994	6869
4994	7381
4994	7414
4994	7649
4994	7803
4994	7809
4994	7813
4995	4191
4996	4191
4864	4587
4864	4632
4864	4999
4864	5902
5000	4792
5001	4792
5002	72
5002	737
5002	840
5002	1403
5002	1549
5002	1680
5002	2276
5002	2398
5002	2511
5002	2565
5002	2851
5002	2940
5002	3456
5002	3459
5002	3631
5002	3634
5002	3643
5002	3796
5002	3803
5002	3842
5002	3897
5002	4037
5002	4041
5002	4310
5002	4315
5002	4400
5002	4448
5002	4483
5002	4536
5002	4604
5002	4632
5002	4653
5002	4709
5002	4713
5002	4792
5002	4964
5002	4966
5002	4981
5002	4992
5002	5037
5002	5061
5002	5144
5002	5148
5002	5182
5002	5188
5002	5189
5002	5199
5002	5204
5002	5210
5002	5233
5002	5239
5002	5254
5002	5263
5002	5273
5002	5393
5002	5404
5002	5432
5002	5459
5002	5484
5002	5584
5002	5721
5002	5737
5002	5773
5002	5800
5002	5802
5002	5806
5002	5814
5002	5822
5002	5827
5002	5844
5002	5872
5002	5925
5002	6047
5002	6123
5002	6124
5002	6198
5002	6221
5002	6296
5002	6327
5002	6481
5002	6501
5002	6552
5002	6555
5002	6594
5002	6600
5002	6618
5002	6628
5002	6665
5002	6715
5002	6720
5002	6774
5002	6784
5002	6832
5002	6914
5002	6946
5002	6948
5002	6979
5002	6980
5002	7052
5002	7092
5002	7115
5002	7119
5002	7143
5002	7144
5002	7186
5002	7301
5002	7373
5002	7414
5002	7442
5002	7553
5002	7620
5002	7652
5002	7662
5002	7763
5002	7809
5003	2775
5003	3607
5005	3607
4897	3458
5006	72
5006	1385
5006	1680
5006	2342
5006	2369
5006	2516
5006	2775
5006	3456
5006	3458
5006	3459
5006	3796
5006	4124
5006	4219
5006	4335
5006	4536
5006	4547
5006	4797
5006	4828
5006	4964
5006	5083
5006	5132
5006	5208
5006	5210
5006	5215
5006	5288
5006	5412
5006	5459
5006	5743
5008	608
5008	737
5008	2369
5008	2516
5008	2775
5008	2831
5008	3089
5008	3447
5008	3456
5008	3813
5008	4068
5008	4191
5008	4587
5008	4983
5008	5073
5008	5083
5008	5130
5008	5144
5008	5189
5008	5303
5008	5323
5008	5449
5008	5484
5008	5928
5008	5973
5008	5977
5008	5980
5009	2592
5009	2822
5009	3027
5009	3106
5009	3447
5009	4547
5009	4899
5009	5026
5009	5130
5009	5222
5009	5239
5009	5524
5009	5848
5009	6855
5010	3447
5010	4037
5010	5079
5010	7857
5011	3447
5011	3796
5011	4099
5011	4191
5011	4687
5011	4977
5011	5254
5011	5285
5011	5506
5011	5584
5012	2398
5012	2764
5012	3393
5012	3417
5012	3447
5012	4124
5012	4335
5012	4666
5012	4964
5012	4983
5012	5568
5012	5640
5012	6441
5012	6613
5013	525
5013	3027
5013	3447
5013	4448
5013	4587
5013	5288
5013	5449
5016	2775
5016	4071
5016	5100
5016	5162
5016	5509
5016	5529
5016	5950
5016	6914
5016	7092
5016	7890
5017	72
5017	2775
5017	4099
5017	4335
5017	5012
5017	5020
5017	5233
5017	5254
5017	5683
5018	2775
5022	1074
5022	1493
5022	1549
5022	1823
5022	1982
5022	2160
5022	2285
5022	2433
5022	2490
5022	2535
5022	2620
5022	2774
5022	2914
5022	3015
5022	3191
5022	3291
5022	3459
5022	3479
5022	3614
5022	3830
5022	3842
5022	3873
5022	3897
5022	3919
5022	3922
5022	4065
5022	4099
5022	4134
5022	4441
5022	4488
5022	4507
5022	4574
5022	4604
5022	4687
5022	4689
5022	4709
5022	4748
5022	4791
5022	4795
5022	4875
5022	4994
5022	5020
5022	5037
5022	5121
5022	5140
5022	5178
5022	5179
5022	5182
5022	5188
5022	5210
5022	5233
5022	5254
5022	5262
5022	5263
5022	5301
5022	5335
5022	5404
5022	5415
5022	5423
5022	5439
5022	5482
5022	5487
5022	5524
5022	5543
5022	5545
5022	5563
5022	5624
5022	5626
5022	5638
5022	5684
5022	5697
5022	5738
5022	5739
5022	5753
5022	5760
5022	5798
5022	5799
5022	5807
5022	5809
5022	5814
5022	5818
5022	5824
5022	5829
5022	5863
5022	5886
5022	5891
5022	5936
5022	5947
5022	5950
5022	5963
5022	5973
5022	5977
5022	6001
5022	6006
5022	6023
5022	6094
5022	6148
5022	6151
5022	6161
5022	6164
5022	6170
5022	6218
5022	6229
5022	6246
5022	6251
5022	6255
5022	6262
5022	6305
5022	6327
5022	6330
5022	6334
5022	6337
5022	6347
5022	6388
5022	6407
5022	6409
5022	6417
5022	6424
5022	6432
5022	6441
5022	6474
5022	6498
5022	6501
5022	6511
5022	6523
5022	6528
5022	6552
5022	6553
5022	6554
5022	6555
5022	6566
5022	6571
5022	6576
5022	6594
5022	6595
5022	6599
5022	6600
5022	6628
5022	6632
5022	6634
5022	6661
5022	6663
5022	6665
5022	6715
5022	6720
5022	6725
5022	6755
5022	6765
5022	6769
5022	6770
5022	6783
5022	6788
5022	6789
5022	6790
5022	6803
5022	6833
5022	6850
5022	6855
5022	6860
5022	6890
5022	6897
5022	6930
5022	6933
5022	6934
5022	6938
5022	6945
5022	6948
5022	6953
5022	6955
5022	6979
5022	8295
5022	8297
5019	5022
5020	72
5020	95
5020	896
5020	1026
5020	1247
5020	1385
5020	1548
5020	1549
5020	1680
5020	1799
5020	1982
5020	2276
5020	2354
5020	2381
5020	2398
5020	2516
5020	2565
5020	2620
5020	2785
5020	2822
5020	2902
5020	3027
5020	3089
5020	3103
5020	3106
5020	3191
5020	3334
5020	3393
5020	3417
5020	3456
5020	3459
5020	3460
5020	3554
5020	3643
5020	3755
5020	3808
5020	3897
5020	3910
5020	3919
5020	3976
5020	4068
5020	4335
5020	4400
5020	4441
5020	4482
5020	4500
5020	4530
5020	4653
5020	4666
5020	4777
5020	4824
5020	4875
5020	4929
5020	4964
5020	4977
5020	5022
5020	5073
5020	5075
5020	5130
5020	5148
5020	5162
5020	5176
5020	5178
5020	5204
5020	5208
5020	5233
5020	5240
5020	5245
5020	5255
5020	5271
5020	5285
5020	5288
5020	5296
5020	5308
5020	5312
5020	5321
5020	5323
5020	5327
5020	5335
5020	5341
5020	5350
5020	5368
5020	5375
5020	5392
5020	5412
5020	5415
5020	5417
5020	5423
5020	5430
5020	5449
5020	5452
5020	5463
5020	5484
5020	5506
5020	5509
5020	5511
5020	5513
5020	5543
5020	5545
5020	5559
5020	5563
5020	5592
5020	5620
5020	5630
5020	5638
5020	5640
5020	5651
5020	5697
5020	5706
5020	5740
5020	5760
5020	5772
5020	5817
5020	5850
5020	5860
5020	5872
5020	5936
5020	5963
5020	6059
5020	6080
5020	6094
5020	6148
5020	6229
5020	6251
5020	6278
5020	6311
5020	6327
5020	6334
5020	6400
5020	6414
5020	6422
5020	6725
5020	6994
5020	7050
5020	7168
5020	7478
5020	7553
5020	7632
5020	8295
5024	3537
5024	5026
5024	6148
5024	7092
5028	3238
5028	3452
5028	3897
5028	3962
5028	4037
5028	4361
5028	4653
5028	4781
5028	4981
5028	4986
5028	5022
5028	5079
5028	5254
5028	5605
5028	5614
5028	5671
5028	5814
5028	5839
5028	6006
5028	6023
5028	6218
5028	6334
5028	6409
5028	6414
5028	6498
5028	6665
5028	6762
5028	6784
5028	6907
5028	7047
5028	7052
5028	7092
5028	7115
5028	7116
5028	7618
5028	7620
5028	7632
5028	7683
5028	7809
5028	7908
5028	8073
5028	8083
5028	8124
5029	608
5029	737
5029	2785
5029	2822
5029	3027
5029	3103
5029	3417
5029	3452
5029	3456
5029	3796
5029	3910
5029	4099
5029	4400
5029	4600
5029	4653
5029	4712
5029	4929
5029	5155
5029	5323
5029	5327
5029	5423
5029	5430
5029	5449
5029	5459
5029	5484
5029	5511
5031	4983
5032	3334
5032	4983
5035	2787
5036	2787
5036	3537
5036	4124
5036	4654
5037	15
5037	2787
5037	3089
5037	3334
5037	3459
5037	3796
5037	4530
5037	4536
5037	4712
5037	5055
5037	5123
5037	5295
5037	5563
5037	5605
5037	5680
5037	5743
5037	7871
5037	7908
5038	840
5038	3002
5038	5928
5038	6004
5038	6632
5039	2364
5039	3002
5039	3284
5039	3455
5039	3537
5039	4297
5039	5073
5040	3002
5040	3027
5040	3537
5043	3284
5043	5092
5046	4124
5046	4191
5047	4124
5048	4124
5048	4488
5048	5233
5048	5524
5048	6855
5048	6869
5051	3084
5051	4175
5051	5055
5051	5775
5051	7855
5051	7862
5051	7890
5051	7979
5052	5055
5053	2511
5053	2774
5053	2940
5053	3238
5053	3498
5053	3969
5053	4037
5053	4175
5053	4335
5053	4632
5053	4884
5053	4981
5053	5022
5053	5028
5053	5055
5053	5079
5053	5262
5053	5671
5053	5760
5053	5775
5053	5835
5053	5897
5053	5933
5053	6043
5053	6123
5053	6151
5053	6229
5053	6299
5053	6337
5053	6496
5053	6712
5053	6780
5053	6832
5053	6897
5053	6907
5053	6934
5053	6955
5053	6980
5053	7088
5053	7116
5053	7381
5053	7561
5053	7587
5053	7620
5053	7624
5053	7632
5053	7651
5053	7662
5053	7871
5053	7890
5053	7908
5053	8174
5054	5055
5054	7119
5057	5058
5059	840
5059	3346
5059	3537
5059	3726
5059	3809
5059	4666
5059	5384
5059	5432
5059	5922
5059	5932
5059	6097
5059	6634
5059	6784
5059	6913
5059	6946
5059	7040
5059	7052
5059	7074
5059	7094
5059	7110
5059	7143
5059	7289
5059	7290
5059	7301
5059	7306
5059	7318
5060	3537
5060	4653
5060	8174
5061	2386
5061	3537
5061	4527
5061	4786
5061	5215
5061	5499
5061	5543
5061	5684
5061	5760
5061	5850
5061	5950
5061	6360
5061	6407
5062	3537
5063	3537
5064	4654
5065	4654
5069	737
5069	2364
5069	4127
5069	4866
5069	5002
5067	2364
5067	6720
5068	2364
5068	2940
5068	3455
5068	4712
5068	5096
5068	5452
5068	5454
5068	7381
5068	7908
5068	8124
5071	4297
5072	3498
5072	5073
5072	6174
5077	3284
5078	3284
5078	5130
5078	5341
5079	15
5079	737
5079	1074
5079	1247
5079	1352
5079	1473
5079	1549
5079	1680
5079	1799
5079	1972
5079	1982
5079	2001
5079	2273
5079	2276
5079	2285
5079	2369
5079	2381
5079	2398
5079	2433
5079	2440
5079	2516
5079	2535
5079	2565
5079	2576
5079	2605
5079	2774
5079	2831
5079	2902
5079	2909
5079	3015
5079	3084
5079	3089
5079	3103
5079	3191
5079	3284
5079	3291
5079	3297
5079	3334
5079	3346
5079	3417
5079	3456
5079	3459
5079	3460
5079	3479
5079	3498
5079	3586
5079	3614
5079	3634
5079	3643
5079	3691
5079	3755
5079	3792
5079	3796
5079	3830
5079	3842
5079	3897
5079	3919
5079	3976
5079	4041
5079	4065
5079	4098
5079	4099
5079	4134
5079	4218
5079	4219
5079	4247
5079	4310
5079	4335
5079	4338
5079	4361
5079	4400
5079	4401
5079	4448
5079	4468
5079	4483
5079	4527
5079	4530
5079	4534
5079	4536
5079	4547
5079	4574
5079	4587
5079	4625
5079	4631
5079	4653
5079	4666
5079	4687
5079	4712
5079	4715
5079	4717
5079	4748
5079	4777
5079	4795
5079	4798
5079	4824
5079	4828
5079	4846
5079	4875
5079	4899
5079	4929
5079	4940
5079	4944
5079	4964
5079	4980
5079	4981
5079	4983
5079	4986
5079	4994
5079	5002
5079	5020
5079	5037
5079	5061
5079	5100
5079	5121
5079	5123
5079	5130
5079	5133
5079	5144
5079	5145
5079	5148
5079	5176
5079	5178
5079	5188
5079	5189
5079	5199
5079	5200
5079	5204
5079	5208
5079	5215
5079	5226
5079	5233
5079	5254
5079	5262
5079	5263
5079	5273
5079	5289
5079	5301
5079	5306
5079	5310
5079	5321
5079	5327
5079	5335
5079	5368
5079	5393
5079	5404
5079	5415
5079	5437
5079	5439
5079	5449
5079	5454
5079	5459
5079	5466
5079	5499
5079	5506
5079	5524
5079	5527
5079	5539
5079	5543
5079	5545
5079	5563
5079	5568
5079	5570
5079	5584
5079	5588
5079	5596
5079	5624
5079	5637
5079	5638
5079	5664
5079	5684
5079	5693
5079	5697
5079	5709
5079	5714
5079	5732
5079	5737
5079	5739
5079	5743
5079	5756
5079	5760
5079	5775
5079	5780
5079	5798
5079	5799
5079	5801
5079	5802
5079	5811
5079	5812
5079	5814
5079	5817
5079	5824
5079	5827
5079	5828
5079	5829
5079	5837
5079	5844
5079	5871
5079	5872
5079	5886
5079	5891
5079	5902
5079	5947
5079	5950
5079	6006
5079	6098
5079	6124
5079	6156
5079	6170
5079	6221
5079	6272
5079	6299
5079	6306
5079	6320
5079	6323
5079	6328
5079	6337
5079	6347
5079	6360
5079	6388
5079	6417
5079	6422
5079	6427
5079	6432
5079	6437
5079	6481
5079	6505
5079	6523
5079	6552
5079	6555
5079	6560
5079	6566
5079	6576
5079	6594
5079	6618
5079	6632
5079	6665
5079	6699
5079	6714
5079	6715
5079	6720
5079	6736
5079	6739
5079	6765
5079	6774
5079	6778
5079	6784
5079	6832
5079	6833
5079	6855
5079	6897
5079	6913
5079	6934
5079	6946
5079	6948
5079	6976
5079	7047
5079	7108
5079	7238
5079	7295
5079	7319
5079	7478
5079	7553
5079	7632
5079	7699
5079	7810
5079	7839
5079	7924
5079	8002
5079	8224
5079	8277
5079	8295
5080	3284
5080	5096
5080	5651
5081	2398
5081	3284
5081	4247
5081	5083
5081	5484
5084	5083
5085	4828
5085	5083
5085	5115
5085	5880
5086	5092
5087	5092
5088	5092
5089	15
5089	3479
5089	3897
5089	4795
5089	4980
5089	5092
5089	5262
5089	6328
5090	1403
5090	5092
5090	5459
5091	5092
5095	3792
5095	5100
5095	5295
5096	4310
5096	5072
5096	5100
5096	5327
5096	5412
5096	5683
5096	5973
5096	6044
5096	6174
5096	6442
5096	7238
5096	7833
5096	7910
5096	8209
5097	5100
5099	15
5099	737
5099	1026
5099	2831
5099	2925
5099	3459
5099	4191
5099	4276
5099	4335
5099	4587
5099	5100
5099	5239
5099	5640
5099	7604
5098	5100
5098	6784
5106	1403
5106	1680
5106	1982
5106	2822
5106	2851
5106	3103
5106	3643
5106	4037
5106	4335
5106	4400
5106	4983
5106	5022
5106	5103
5106	5210
5106	5412
5106	5459
5106	5543
5106	5664
5106	5922
5106	5925
5106	6000
5106	6227
5106	6832
5106	6875
5106	6980
5106	7280
5106	7297
5106	7365
5106	7397
5106	7803
5106	8169
5106	8212
5106	8219
5102	737
5102	1403
5102	2565
5102	2765
5102	2785
5102	3238
5102	3293
5102	3459
5102	3643
5102	4037
5102	4041
5102	4507
5102	4875
5102	5012
5102	5022
5102	5028
5102	5079
5102	5103
5102	5106
5102	5182
5102	5188
5102	5210
5102	5254
5102	5288
5102	5484
5102	5605
5102	5773
5102	5812
5102	5814
5102	5818
5102	5922
5102	5936
5102	6029
5102	6227
5102	6330
5102	6442
5102	6552
5102	6681
5102	6875
5102	6918
5102	6980
5102	7115
5102	7168
5102	7201
5102	7225
5102	7280
5102	7553
5102	7561
5102	7618
5102	7620
5102	7908
5102	8141
5102	8163
5102	8212
5103	1498
5103	1823
5103	2774
5103	2785
5103	2851
5103	3238
5103	3614
5103	3631
5103	3634
5103	3873
5103	3897
5103	4037
5103	4071
5103	4134
5103	4361
5103	4401
5103	4435
5103	4483
5103	4536
5103	4604
5103	4666
5103	4709
5103	4717
5103	4884
5103	5002
5103	5022
5103	5028
5103	5064
5103	5079
5103	5106
5103	5148
5103	5178
5103	5465
5103	5524
5103	5529
5103	5584
5103	5605
5103	5624
5103	5671
5103	5714
5103	5799
5103	5804
5103	5814
5103	5839
5103	5922
5103	6006
5103	6032
5103	6097
5103	6227
5103	6306
5103	6320
5103	6327
5103	6400
5103	6417
5103	6441
5103	6442
5103	6501
5103	6503
5103	6523
5103	6554
5103	6555
5103	6566
5103	6599
5103	6600
5103	6624
5103	6634
5103	6720
5103	6780
5103	6790
5103	6832
5103	6833
5103	6869
5103	6875
5103	6897
5103	6914
5103	7005
5103	7052
5103	7073
5103	7074
5103	7092
5103	7108
5103	7115
5103	7116
5103	7225
5103	7233
5103	7237
5103	7280
5103	7295
5103	7386
5103	7391
5103	7414
5103	7443
5103	7510
5103	7512
5103	7529
5103	7544
5103	7553
5103	7587
5103	7618
5103	7620
5103	7624
5103	7647
5103	7649
5103	7651
5103	7694
5103	7726
5103	7810
5103	7813
5103	7835
5103	7862
5103	7890
5103	7912
5103	7992
5103	8002
5103	8051
5103	8083
5103	8122
5103	8128
5103	8141
5103	8163
5103	8168
5103	8174
5103	8178
5103	8192
5103	8212
5103	8219
5103	8224
5104	1473
5104	5106
5104	6151
5105	5106
5109	2516
5111	2381
5111	2516
5111	3334
5111	3813
5111	4536
5111	4828
5111	5130
5110	15
5110	1247
5110	1680
5110	2354
5110	2369
5110	2381
5110	2386
5110	2516
5110	2592
5110	2785
5110	2822
5110	2909
5110	3092
5110	3103
5110	3417
5110	3460
5110	3479
5110	3498
5110	3614
5110	3664
5110	3813
5110	3873
5110	3897
5110	3910
5110	3976
5110	4400
5110	4448
5110	4483
5110	4547
5110	4645
5110	4687
5110	4712
5110	4715
5110	4717
5110	4795
5110	4798
5110	4828
5110	4964
5110	5123
5110	5130
5110	5132
5110	5144
5110	5162
5110	5176
5110	5178
5110	5182
5110	5204
5110	5210
5110	5215
5110	5222
5110	5262
5110	5263
5110	5301
5110	5323
5110	5327
5110	5335
5110	5341
5110	5392
5110	5412
5110	5415
5110	5423
5110	5430
5110	5439
5110	5457
5110	5487
5110	5545
5110	5684
5110	5798
5110	5802
5110	5804
5110	5886
5110	5891
5110	5925
5110	5928
5110	5947
5110	5963
5110	6246
5110	6251
5110	6255
5110	6337
5110	6388
5110	6400
5110	6417
5110	6422
5112	2516
5114	967
5114	5115
5114	7386
5114	7908
4828	15
4828	95
4828	608
4828	737
4828	840
4828	896
4828	1385
4828	1549
4828	1982
4828	2273
4828	2516
4828	2565
4828	2774
4828	2822
4828	2925
4828	3089
4828	3238
4828	3291
4828	3346
4828	3586
4828	3752
4828	3792
4828	3796
4828	3873
4828	3976
4828	4098
4828	4099
4828	4448
4828	4482
4828	4488
4828	4530
4828	4621
4828	4666
4828	4712
4828	4717
4828	4748
4828	4764
4828	4791
4828	4795
4828	4797
4828	4944
4828	5020
4828	5123
4828	5155
4828	5178
4828	5239
4828	5262
4828	5263
4828	5321
4828	5326
4828	5335
4828	5404
4828	5415
4828	5434
4828	5439
4828	5449
4828	5452
4828	5457
4828	5465
4828	5470
4828	5481
4828	5506
4828	5524
4828	5545
4828	5563
4828	5564
4828	5596
4828	5623
4828	5663
4828	5665
4828	5697
4828	5714
4828	5738
4828	5739
4828	5757
4828	5806
4828	5811
4828	5818
4828	5829
4828	5871
4828	5872
4828	5922
4828	5936
4828	5955
4828	5963
4828	5969
4828	5973
4828	5977
4828	5980
4828	5991
4828	6001
4828	6004
4828	6021
4828	6023
4828	6041
4828	6044
4828	6054
4828	6094
4828	6098
4828	6106
4828	6161
4828	6162
4828	6218
4828	6262
4828	6272
4828	6305
4828	6327
4828	6330
4828	6337
4828	6347
4828	6388
4828	6422
4828	6424
4828	6432
4828	6435
4828	6464
4828	6472
4828	6474
4828	6481
4828	6503
4828	6532
4828	6555
4828	6567
4828	6613
4828	6624
4828	6628
4828	6665
4828	6721
4828	6725
4828	6765
4828	6783
4828	6790
4828	6803
4828	6813
4828	6832
4828	6850
4828	6855
4828	6860
4828	6869
4828	6901
4828	6913
4828	6930
4828	6938
4828	6942
4828	6953
4828	6955
4828	6979
4828	6982
4828	6994
4828	7040
4828	7052
4828	7074
4828	7315
4828	7373
4828	7386
4828	7414
4828	7553
4828	7587
4828	7593
4828	7604
4828	7634
4828	7899
4828	7979
4828	7992
4828	8249
4828	8277
4828	8295
4828	8296
5116	4828
5117	3092
5117	4828
5118	72
5118	1799
5118	2001
5118	2381
5118	2386
5118	3027
5118	3092
5118	4797
5118	5020
5118	5412
5118	5459
5118	5683
5118	5743
5119	737
5119	1799
5119	2381
5119	2398
5119	2592
5119	2764
5119	3092
5119	3664
5119	3813
5119	4247
5119	4547
5119	4964
5119	5130
5119	5132
5119	5144
5119	5204
5119	5222
5119	5463
5121	15
5121	2160
5121	3089
5121	4715
5121	5130
5121	5301
5121	5902
5121	6296
5121	6599
5122	5130
5123	15
5123	896
5123	1159
5123	2160
5123	2276
5123	2398
5123	2490
5123	2535
5123	2774
5123	2775
5123	2909
5123	3015
5123	3456
5123	3586
5123	3634
5123	3873
5123	3910
5123	4037
5123	4041
5123	4065
5123	4099
5123	4175
5123	4310
5123	4335
5123	4338
5123	4534
5123	4536
5123	4574
5123	4712
5123	4795
5123	5020
5123	5130
5123	5178
5123	5182
5123	5226
5123	5233
5123	5412
5123	5449
5123	5459
5123	5466
5123	5543
5123	5568
5123	5624
5123	5671
5123	5684
5123	5737
5123	5760
5123	5775
5123	5799
5123	5814
5123	5824
5123	5891
5123	6124
5123	6299
5123	6306
5123	6323
5123	6337
5123	6422
5123	6498
5123	6566
5123	6715
5123	6784
5123	7168
5123	7632
5123	7691
5123	7699
5123	7726
5123	7809
5123	7860
5127	5130
5128	5130
5129	5130
5124	5130
5125	840
5125	1385
5125	2273
5125	2386
5125	2490
5125	2774
5125	3479
5125	3634
5125	4037
5125	4483
5125	4507
5125	4534
5125	4687
5125	4781
5125	4797
5125	4828
5125	4875
5125	5130
5125	5144
5125	5178
5125	5179
5125	5245
5125	5327
5125	5341
5125	5445
5125	5482
5125	5484
5125	5524
5125	5680
5125	5753
5125	5790
5125	5828
5125	5837
5125	5850
5125	5863
5125	5936
5125	5963
5125	6006
5125	6148
5125	6151
5125	6162
5125	6229
5125	6246
5125	6251
5125	6296
5125	6306
5125	6498
5125	6528
5125	6555
5125	6634
5125	6714
5125	6855
5125	7062
5125	7094
5050	2354
5050	3092
5050	4247
5050	4587
5050	4653
5050	5020
5050	5130
5050	5200
5050	5452
5050	5484
5050	6337
5126	3092
5126	5130
5126	5144
5135	3092
5136	4536
5138	5144
5139	1385
5139	2765
5139	3191
5139	3643
5139	3976
5139	4547
5139	4645
5139	5144
5139	5182
5139	5886
5139	5963
5140	1352
5140	1493
5140	1823
5140	2273
5140	2369
5140	2440
5140	2592
5140	2620
5140	2689
5140	3106
5140	3291
5140	3634
5140	3691
5140	3910
5140	4037
5140	4448
5140	4482
5140	4547
5140	4574
5140	4604
5140	4689
5140	4712
5140	4717
5140	4748
5140	4824
5140	5144
5140	5188
5140	5239
5140	5245
5140	5273
5140	5295
5140	5457
5140	5584
5140	5827
5140	5844
5140	5886
5140	5963
5140	6505
5140	6528
5140	6552
5140	6554
5140	6566
5140	6570
5140	6576
5140	6589
5140	6594
5140	6599
5140	6600
5140	7378
5140	7587
5140	7810
5141	5144
5142	2592
5142	4448
5142	4653
5142	5144
5150	15
5150	2398
5150	2576
5150	3897
5150	4400
5150	4530
5150	4536
5150	4547
5150	5254
5150	5459
5150	5680
5150	5743
5150	5775
5151	3456
5151	4645
5151	5430
5152	2369
5152	4645
5152	5204
5152	5215
5153	4645
5153	5188
5153	5437
5153	5753
5153	5963
5154	3664
5154	4645
5154	5162
5155	222
5155	1680
5155	2689
5155	2822
5155	2909
5155	3106
5155	3691
5155	4315
5155	4400
5155	4448
5155	4468
5155	4482
5155	4645
5155	4712
5155	5162
5155	5231
5155	5239
5155	5240
5155	5260
5155	5311
5155	5363
5155	5392
5155	5393
5155	5430
5162	1352
5162	4600
5162	4666
5162	7553
5162	7928
5158	5162
5159	5162
5160	2285
5160	2620
5160	3897
5160	4929
5160	5155
5160	5162
5160	5210
5160	5392
5160	5452
5160	5506
5160	5511
5160	5709
5161	5162
5167	5162
5163	5162
5164	5162
5164	5872
5166	15
5166	1352
5166	1549
5166	3084
5166	3238
5166	3456
5166	3643
5166	3873
5166	3962
5166	4037
5166	4071
5166	4310
5166	4361
5166	4600
5166	4604
5166	4709
5166	4781
5166	4981
5166	5079
5166	5096
5166	5148
5166	5162
5166	5254
5166	5524
5166	5563
5166	5697
5166	5714
5166	5806
5166	5814
5166	6123
5166	6330
5166	6496
5166	6555
5166	6606
5166	6613
5166	6832
5166	6897
5166	6930
5166	6979
5166	7021
5166	7063
5166	7092
5166	7119
5166	7131
5166	7620
5166	7908
5166	7961
5166	7965
5171	737
5171	1799
5171	2258
5171	2764
5171	3089
5171	3498
5171	3634
5171	3643
5171	3796
5171	3897
5171	4041
5171	4099
5171	4191
5171	4310
5171	4335
5171	4483
5171	4574
5171	4653
5171	4712
5171	4795
5171	4846
5171	4964
5171	4994
5171	5188
5171	5189
5171	5262
5171	5263
5171	5459
5171	5543
5171	5637
5171	5775
5171	5844
5171	5886
5171	6098
5171	6164
5171	6221
5171	6327
5171	6481
5171	6576
5171	6720
5171	6739
5172	72
5172	3238
5172	3274
5172	3456
5172	3498
5172	3755
5172	3796
5172	4099
5172	4310
5172	4335
5172	4781
5172	5020
5172	5028
5172	5079
5172	5178
5172	5421
5172	5459
5172	5780
5172	5828
5172	5832
5172	5963
5172	5972
5172	6006
5172	6979
5172	7092
5172	7553
5172	7871
5172	8178
5172	8186
5173	155
5173	840
5173	938
5173	1026
5173	1982
5173	2565
5173	2775
5173	3334
5173	3346
5173	3459
5173	3631
5173	3796
5173	3809
5173	3885
5173	3962
5173	3969
5173	4037
5173	4099
5173	4247
5173	4432
5173	4536
5173	4764
5173	4875
5173	4940
5173	5012
5173	5148
5173	5179
5173	5199
5173	5210
5173	5233
5173	5285
5173	5384
5173	5404
5173	5421
5173	5465
5173	5484
5173	5500
5173	5529
5173	5640
5173	5683
5173	5714
5173	5738
5173	5772
5173	5773
5173	5784
5173	5790
5173	5800
5173	5806
5173	5812
5173	5839
5173	5902
5173	5922
5173	5969
5173	5998
5173	6000
5173	6156
5173	6270
5173	6299
5173	6323
5173	6327
5173	6414
5173	6523
5173	6555
5173	6560
5173	6634
5173	6665
5173	6681
5173	6714
5173	6736
5173	6777
5173	6789
5173	6806
5173	6832
5173	6907
5173	6918
5173	6946
5173	6976
5173	6979
5173	7040
5173	7050
5173	7052
5173	7054
5173	7060
5173	7073
5173	7074
5173	7092
5173	7108
5173	7119
5173	7146
5173	7225
5173	7238
5173	7279
5173	7295
5173	7301
5173	7351
5173	7373
5173	7378
5173	7389
5173	7400
5173	7414
5173	7422
5173	7497
5173	7512
5173	7529
5173	7553
5173	7620
5173	7632
5173	7647
5173	7810
5173	7839
5173	7921
5173	7924
5173	7946
5173	8051
5173	8128
5173	8134
5173	8174
5173	8178
5173	8198
5173	8204
5173	8209
5173	8224
5174	2398
5174	3796
5174	4041
5174	4653
5174	4712
5174	5200
5175	72
5175	737
5175	2398
5175	2516
5175	2576
5175	2764
5175	2831
5175	3393
5175	3796
5175	4098
5175	4099
5175	4191
5175	4247
5175	4335
5175	4530
5175	4534
5175	4536
5175	4653
5175	4666
5175	4797
5175	4846
5175	4899
5175	4964
5175	5189
5175	5452
5175	5454
5175	5459
5175	5484
5175	5568
5175	5650
5175	5651
5175	5721
5175	5743
5175	5775
5175	5790
4795	737
4795	1403
4795	1498
4795	1982
4795	2276
4795	2511
4795	2658
4795	3634
4795	3752
4795	3796
4795	3842
4795	3897
4795	3922
4795	4037
4795	4401
4795	4432
4795	4500
4795	4536
4795	4653
4795	4666
4795	4929
4795	5012
4795	5079
4795	5096
4795	5123
4795	5200
4795	5210
4795	5254
4795	5288
4795	5392
4795	5406
4795	5439
4795	5459
4795	5545
4795	5773
4795	5814
4795	5839
4795	5872
4795	5891
4795	5933
4795	5950
4795	6032
4795	6151
4795	6218
4795	6270
4795	6302
4795	6328
4795	6337
4795	6407
4795	6432
4795	6474
4795	6628
4795	6634
4795	6736
4795	6913
4795	6914
4795	6979
4795	6980
4795	7012
4795	7023
4795	7074
4795	7101
4795	7108
4795	7257
4795	7351
4795	7391
4795	7699
4795	7809
4795	7839
4795	7860
4795	7992
4795	8224
4795	8295
5176	72
5176	95
5176	525
5176	608
5176	737
5176	896
5176	1159
5176	1247
5176	1473
5176	1548
5176	1733
5176	1799
5176	2001
5176	2258
5176	2276
5176	2398
5176	2507
5176	2516
5176	2552
5176	2576
5176	2605
5176	2764
5176	2765
5176	2822
5176	2831
5176	3027
5176	3089
5176	3103
5176	3191
5176	3274
5176	3393
5176	3456
5176	3459
5176	3460
5176	3586
5176	3643
5176	3755
5176	3796
5176	3897
5176	3958
5176	4041
5176	4098
5176	4099
5176	4127
5176	4191
5176	4247
5176	4276
5176	4310
5176	4335
5176	4338
5176	4400
5176	4527
5176	4530
5176	4534
5176	4536
5176	4587
5176	4600
5176	4631
5176	4653
5176	4666
5176	4712
5176	4777
5176	4797
5176	4846
5176	4899
5176	4929
5176	4964
5176	4977
5176	4986
5176	5020
5176	5072
5176	5103
5176	5123
5176	5155
5176	5182
5176	5189
5176	5226
5176	5263
5176	5285
5176	5296
5176	5301
5176	5308
5176	5321
5176	5326
5176	5392
5176	5412
5176	5423
5176	5426
5176	5430
5176	5449
5176	5452
5176	5454
5176	5459
5176	5463
5176	5482
5176	5484
5176	5506
5176	5509
5176	5511
5176	5513
5176	5524
5176	5539
5176	5543
5176	5545
5176	5559
5176	5563
5176	5568
5176	5592
5176	5637
5176	5639
5176	5640
5176	5650
5176	5651
5176	5683
5176	5693
5176	5705
5176	5721
5176	5732
5176	5737
5176	5743
5176	5756
5176	5757
5176	5760
5176	5775
5176	5780
5176	5872
5176	5886
5176	5891
5176	5925
5176	5928
5176	5936
5176	5947
5176	5963
5176	5973
5176	5994
5176	6029
5176	6078
5176	8295
5176	8296
5177	15
5177	1026
5177	1648
5177	1972
5177	1982
5177	2620
5177	2925
5177	3084
5177	3089
5177	3191
5177	3459
5177	3586
5177	3614
5177	3634
5177	3796
5177	3897
5177	3919
5177	3976
5177	4310
5177	4483
5177	4536
5177	4709
5177	4712
5177	4715
5177	4717
5177	4781
5177	4791
5177	4795
5177	4798
5177	4828
5177	4981
5177	4994
5177	5002
5177	5079
5177	5123
5177	5140
5177	5178
5177	5179
5177	5188
5177	5246
5177	5254
5177	5262
5177	5423
5177	5437
5177	5439
5177	5457
5177	5524
5177	5527
5177	5545
5177	5630
5177	5697
5177	5709
5177	5714
5177	5798
5177	5800
5177	5804
5177	5809
5177	5827
5177	5839
5177	5871
5177	5947
5177	5950
5177	5963
5177	5969
5177	5994
5177	6006
5177	6023
5177	6059
5177	6094
5177	6105
5177	6124
5177	6148
5177	6164
5177	6166
5177	6221
5177	6229
5177	6251
5177	6262
5177	6296
5177	6306
5177	6437
5177	6441
5177	6481
5177	6505
5177	6523
5177	6528
5177	6560
5177	6576
5177	6613
5177	6621
5177	6665
5177	6707
5177	6774
5177	6934
5177	6979
5177	7414
5177	7620
5177	7632
5177	7910
5177	8295
5177	8297
5178	2925
5178	3796
5178	3919
5178	4310
5178	4828
5178	4986
5178	5096
5178	5543
5178	5753
5178	5811
5178	6098
5178	6124
5178	6156
5178	6170
5178	6496
5178	6665
5178	6686
5178	6715
5178	7910
4310	15
4310	72
4310	737
4310	938
4310	1159
4310	1191
4310	1352
4310	1403
4310	1473
4310	1799
4310	1865
4310	2001
4310	2160
4310	2258
4310	2276
4310	2285
4310	2354
4310	2398
4310	2440
4310	2490
4310	2507
4310	2516
4310	2576
4310	2605
4310	2620
4310	2774
4310	2775
4310	2822
4310	2831
4310	2851
4310	2909
4310	2925
4310	3000
4310	3027
4310	3084
4310	3089
4310	3238
4310	3274
4310	3291
4310	3417
4310	3456
4310	3459
4310	3586
4310	3614
4310	3634
4310	3643
4310	3691
4310	3752
4310	3755
4310	3796
4310	3830
4310	3897
4310	3919
4310	3976
4310	4037
4310	4041
4310	4071
4310	4098
4310	4099
4310	4127
4310	4175
4310	4191
4310	4247
4310	4315
4310	4338
4310	4341
4310	4400
4310	4448
4310	4483
4310	4527
4310	4530
4310	4534
4310	4536
4310	4574
4310	4587
4310	4600
4310	4632
4310	4653
4310	4666
4310	4687
4310	4709
4310	4712
4310	4715
4310	4717
4310	4748
4310	4777
4310	4781
4310	4791
4310	4795
4310	4824
4310	4828
4310	4846
4310	4875
4310	4899
4310	4929
4310	4980
4310	4981
4310	4983
4310	4986
4310	5002
4310	5020
4310	5028
4310	5061
4310	5072
4310	5096
4310	5123
4310	5155
4310	5176
4310	5178
4310	5179
4310	5182
4310	5188
4310	5189
4310	5199
4310	5200
4310	5226
4310	5233
4310	5254
4310	5262
4310	5273
4310	5285
4310	5288
4310	5301
4310	5308
4310	5311
4310	5321
4310	5323
4310	5327
4310	5335
4310	5341
4310	5404
4310	5412
4310	5417
4310	5423
4310	5439
4310	5445
4310	5449
4310	5452
4310	5459
4310	5463
4310	5482
4310	5484
4310	5499
4310	5506
4310	5509
4310	5514
4310	5524
4310	5527
4310	5539
4310	5543
4310	5563
4310	5584
4310	5592
4310	5620
4310	5624
4310	5637
4310	5651
4310	5673
4310	5680
4310	5683
4310	5684
4310	5697
4310	5721
4310	5732
4310	5739
4310	5743
4310	5760
4310	5775
4310	5798
4310	5800
4310	5804
4310	5806
4310	5807
4310	5811
4310	5814
4310	5818
4310	5822
4310	5824
4310	5839
4310	5844
4310	5848
4310	5871
4310	5872
4310	5886
4310	5902
4310	5928
4310	5932
4310	5936
4310	5947
4310	5973
4310	5994
4310	5998
4310	6000
4310	6001
4310	6006
4310	6027
4310	6032
4310	6043
4310	6044
4310	6097
4310	6098
4310	6105
4310	6123
4310	6124
4310	6151
4310	6156
4310	6243
4310	6296
4310	6299
4310	6327
4310	6328
4310	6337
4310	6400
4310	6414
4310	6432
4310	6437
4310	6481
4310	6505
4310	6523
4310	6555
4310	6566
4310	6567
4310	6570
4310	6576
4310	6613
4310	6665
4310	6715
4310	6720
4310	6774
4310	6784
4310	6832
4310	6833
4310	6860
4310	6869
4310	6907
4310	6913
4310	6945
4310	6946
4310	6979
4310	6980
4310	7012
4310	7021
4310	7052
4310	7054
4310	7063
4310	7073
4310	7094
4310	7101
4310	7115
4310	7116
4310	7119
4310	7143
4310	7144
4310	7168
4310	7214
4310	7237
4310	7238
4310	7277
4310	7351
4310	7378
4310	7381
4310	7386
4310	7400
4310	7450
4310	7497
4310	7587
4310	7618
4310	7620
4310	7651
4310	7653
4310	7699
4310	7707
4310	7778
4310	7795
4310	7813
4310	7927
4310	7961
4310	8297
5179	15
5179	155
5179	737
5179	1473
5179	1549
5179	1733
5179	1982
5179	2001
5179	2160
5179	2258
5179	2276
5179	2376
5179	2398
5179	2535
5179	2565
5179	2576
5179	2605
5179	2620
5179	2764
5179	2765
5179	2774
5179	2851
5179	2925
5179	3000
5179	3084
5179	3238
5179	3274
5179	3459
5179	3479
5179	3614
5179	3631
5179	3643
5179	3792
5179	3796
5179	3803
5179	3873
5179	3897
5179	3919
5179	3958
5179	3969
5179	4037
5179	4041
5179	4071
5179	4247
5179	4276
5179	4310
5179	4335
5179	4338
5179	4361
5179	4483
5179	4530
5179	4534
5179	4536
5179	4600
5179	4653
5179	4666
5179	4687
5179	4712
5179	4715
5179	4781
5179	4795
5179	4797
5179	4798
5179	4828
5179	4846
5179	4875
5179	4899
5179	4964
5179	4980
5179	5002
5179	5012
5179	5020
5179	5022
5179	5072
5179	5079
5179	5103
5179	5121
5179	5178
5179	5188
5179	5200
5179	5210
5179	5226
5179	5233
5179	5254
5179	5263
5179	5285
5179	5288
5179	5335
5179	5404
5179	5423
5179	5437
5179	5439
5179	5445
5179	5454
5179	5459
5179	5487
5179	5509
5179	5524
5179	5527
5179	5529
5179	5543
5179	5563
5179	5568
5179	5592
5179	5620
5179	5637
5179	5640
5179	5683
5179	5684
5179	5693
5179	5697
5179	5721
5179	5732
5179	5737
5179	5738
5179	5739
5179	5743
5179	5753
5179	5756
5179	5760
5179	5775
5179	5776
5179	5778
5179	5798
5179	5800
5179	5802
5179	5804
5179	5807
5179	5814
5179	5871
5179	5902
5179	5969
5179	5994
5179	5998
5179	6001
5179	6023
5179	6029
5179	6078
5179	6098
5179	6111
5179	6123
5179	6124
5179	6148
5179	6151
5179	6156
5179	6170
5179	6221
5179	6229
5179	6246
5179	6251
5179	6255
5179	6262
5179	6270
5179	6272
5179	6296
5179	6299
5179	6305
5179	6306
5179	6327
5179	6328
5179	6330
5179	6334
5179	6337
5179	6388
5179	6400
5179	6407
5179	6414
5179	6432
5179	6523
5179	6560
5179	6599
5179	6600
5179	6618
5179	6634
5179	6665
5179	6714
5179	6715
5179	6765
5179	6784
5179	6832
5179	6855
5179	6860
5179	6907
5179	6913
5179	6918
5179	6945
5179	6946
5179	6948
5179	6979
5179	6982
5179	7047
5179	7054
5179	7088
5179	7092
5179	7144
5179	7233
5179	7237
5179	7250
5179	7373
5179	7517
5179	7544
5179	7553
5179	7587
5179	7620
5179	7632
5179	7642
5179	7646
5179	7662
5179	7683
5179	7699
5179	7839
5179	8044
5179	8083
5179	8124
5179	8134
5179	8141
5179	8295
5180	896
5180	1473
5180	1648
5180	1733
5180	2001
5180	2258
5180	2354
5180	2507
5180	2576
5180	2605
5180	2765
5180	2775
5180	3089
5180	3274
5180	3586
5180	3643
5180	3796
5180	4041
5180	4527
5180	4534
5180	4536
5180	4574
5180	4795
5180	5061
5180	5123
5180	5176
5180	5182
5180	5226
5180	5445
5180	5454
5180	5459
5180	5482
5180	5680
5180	5693
5180	5743
5180	5775
5180	5780
5180	5790
5180	5837
5180	5844
5180	5848
5180	5863
5180	5886
5180	5891
5180	5925
5180	5928
5180	5947
5180	5963
5180	5994
5181	1352
5181	2398
5181	2516
5181	2552
5181	2605
5181	2764
5181	2831
5181	3456
5181	3796
5181	3897
5181	3919
5181	4098
5181	4247
5181	4335
5181	4574
5181	4600
5181	4631
5181	4653
5181	4797
5181	5188
5181	5210
5181	5254
5181	5296
5181	5321
5181	5459
5181	5482
5181	5484
5181	5568
5181	5588
5181	5651
5181	5680
5181	5693
5181	5784
5181	5827
5181	5837
5181	5844
5181	5848
5181	5863
5181	6437
5181	6566
5181	8295
5182	896
5182	3498
5182	3796
5182	4099
5182	4534
5182	4846
5182	5123
5182	5262
5182	5263
5182	5568
5182	5743
5182	5828
5182	5848
5182	5863
5183	3796
5184	608
5184	737
5184	1247
5184	1733
5184	1799
5184	2258
5184	2276
5184	2398
5184	2516
5184	2576
5184	2605
5184	2764
5184	2822
5184	2831
5184	3027
5184	3089
5184	3103
5184	3393
5184	3417
5184	3456
5184	3460
5184	3643
5184	3796
5184	3897
5184	3910
5184	4041
5184	4098
5184	4191
5184	4247
5184	4315
5184	4400
5184	4448
5184	4482
5184	4587
5184	4600
5184	4653
5184	4777
5184	4824
5184	4846
5184	4899
5184	4929
5184	4964
5184	4986
5184	5020
5184	5155
5184	5189
5184	5335
5184	5392
5184	5412
5184	5430
5184	5449
5184	5459
5184	5463
5184	5506
5184	5509
5184	5559
5184	5564
5184	5568
5184	5623
5184	5637
5184	5650
5184	5651
5184	5693
5184	5743
5184	5775
5184	5891
5184	5925
5184	5947
5185	967
5185	1352
5185	1972
5185	2160
5185	2273
5185	2277
5185	2433
5185	2535
5185	2605
5185	2774
5185	3015
5185	3238
5185	3291
5185	3334
5185	3614
5185	3634
5185	3792
5185	3796
5185	3830
5185	3873
5185	3897
5185	3919
5185	4065
5185	4099
5185	4134
5185	4335
5185	4483
5185	4488
5185	4709
5185	4712
5185	4713
5185	4715
5185	4748
5185	4764
5185	4795
5185	4798
5185	4828
5185	4875
5185	4980
5185	4986
5185	5002
5185	5020
5185	5022
5185	5037
5185	5123
5185	5178
5185	5188
5185	5200
5185	5254
5185	5295
5185	5321
5185	5378
5185	5439
5185	5459
5185	5479
5185	5524
5185	5527
5185	5543
5185	5563
5185	5596
5185	5605
5185	5614
5185	5683
5185	5684
5185	5697
5185	5714
5185	5753
5185	5760
5185	5798
5185	5799
5185	5800
5185	5802
5185	5804
5185	5818
5185	5827
5185	5829
5185	5871
5185	5897
5185	5925
5185	5947
5185	6001
5185	6004
5185	6006
5185	6124
5185	6156
5185	6170
5185	6218
5185	6221
5185	6227
5185	6229
5185	6251
5185	6272
5185	6299
5185	6305
5185	6306
5185	6323
5185	6327
5185	6328
5185	6347
5185	6388
5185	6432
5185	6447
5185	6458
5185	6481
5185	6491
5185	6496
5185	6501
5185	6505
5185	6560
5185	6595
5185	6600
5185	6613
5185	6632
5185	6665
5185	6699
5185	6720
5185	6739
5185	6755
5185	6765
5185	6770
5185	6777
5185	6783
5185	6784
5185	6788
5185	6789
5185	6803
5185	6806
5185	6832
5185	6833
5185	6850
5185	6855
5185	6860
5185	6869
5185	6873
5185	6897
5185	6930
5185	6933
5185	6934
5185	6938
5185	6945
5185	6946
5185	6948
5185	6953
5185	6955
5185	6967
5185	7301
5185	7351
5185	7414
5185	8128
5185	8219
5185	8237
5185	8297
5186	3796
5186	4944
5187	1473
5187	1648
5187	2398
5187	2490
5187	3796
5187	4530
5187	4536
5187	4574
5187	5061
5187	5123
5187	5301
5187	5321
5187	5457
5187	5459
5187	5482
5187	5637
5187	5640
5187	5651
5187	5680
5187	5721
5187	5775
5187	5784
5187	5828
5187	5844
5187	5848
5187	5860
5187	5863
5187	5886
5187	5891
5187	5925
5187	5928
5188	737
5188	1352
5188	1473
5188	1549
5188	1648
5188	1733
5188	1823
5188	1972
5188	2160
5188	2258
5188	2398
5188	2433
5188	2440
5188	2511
5188	2516
5188	2535
5188	2605
5188	2764
5188	2775
5188	2785
5188	2831
5188	3238
5188	3274
5188	3291
5188	3393
5188	3456
5188	3459
5188	3631
5188	3634
5188	3792
5188	3796
5188	3803
5188	3830
5188	3842
5188	4037
5188	4065
5188	4099
5188	4247
5188	4338
5188	4483
5188	4488
5188	4530
5188	4534
5188	4536
5188	4574
5188	4600
5188	4604
5188	4653
5188	4666
5188	4689
5188	4709
5188	4712
5188	4713
5188	4717
5188	4748
5188	4764
5188	4777
5188	4795
5188	4797
5188	4846
5188	4899
5188	4929
5188	4944
5188	4964
5188	4981
5188	4986
5188	4994
5188	5002
5188	5037
5188	5061
5188	5072
5188	5140
5188	5179
5188	5189
5188	5199
5188	5200
5188	5226
5188	5254
5188	5263
5188	5273
5188	5288
5188	5321
5188	5445
5188	5454
5188	5459
5188	5479
5188	5506
5188	5509
5188	5524
5188	5543
5188	5563
5188	5568
5188	5584
5188	5592
5188	5596
5188	5626
5188	5637
5188	5640
5188	5650
5188	5651
5188	5680
5188	5684
5188	5693
5188	5697
5188	5714
5188	5732
5188	5737
5188	5739
5188	5743
5188	5775
5188	5776
5188	5780
5188	5790
5188	5798
5188	5799
5188	5802
5188	5804
5188	5814
5188	5818
5188	5822
5188	5827
5188	5828
5188	5829
5188	5837
5188	5844
5188	5848
5188	5863
5188	5871
5188	5886
5188	5891
5188	5897
5188	5922
5188	5925
5188	5932
5188	5998
5188	6001
5188	6004
5188	6097
5188	6156
5188	6170
5188	6221
5188	6227
5188	6262
5188	6272
5188	6299
5188	6305
5188	6306
5188	6327
5188	6328
5188	6330
5188	6458
5188	6496
5188	6501
5188	6503
5188	6528
5188	6552
5188	6554
5188	6555
5188	6560
5188	6566
5188	6570
5188	6576
5188	6589
5188	6594
5188	6600
5188	6613
5188	6624
5188	6632
5188	6665
5188	6699
5188	6715
5188	6770
5188	6774
5188	6783
5188	6784
5188	6790
5188	6803
5188	6832
5188	6833
5188	6855
5188	6860
5188	6869
5188	6873
5188	6897
5188	6901
5188	6913
5188	6918
5188	6930
5188	6945
5188	6955
5188	6976
5188	7063
5188	7073
5188	7092
5188	7101
5188	7115
5188	7119
5188	7143
5188	7144
5188	7168
5188	7233
5188	7301
5188	7553
5188	7695
5188	7788
5188	7795
5188	7835
5188	7961
5188	7979
5188	8192
5188	8295
5189	15
5189	72
5189	95
5189	608
5189	737
5189	896
5189	1247
5189	1498
5189	1548
5189	1549
5189	1799
5189	1823
5189	1972
5189	2001
5189	2160
5189	2258
5189	2276
5189	2277
5189	2354
5189	2398
5189	2516
5189	2535
5189	2552
5189	2576
5189	2605
5189	2620
5189	2764
5189	2774
5189	2822
5189	2831
5189	2909
5189	2914
5189	2925
5189	3015
5189	3027
5189	3084
5189	3089
5189	3103
5189	3191
5189	3238
5189	3274
5189	3334
5189	3417
5189	3456
5189	3459
5189	3460
5189	3498
5189	3586
5189	3634
5189	3755
5189	3796
5189	3803
5189	3842
5189	3873
5189	3885
5189	3897
5189	3910
5189	3958
5189	3962
5189	3976
5189	4037
5189	4098
5189	4099
5189	4175
5189	4191
5189	4247
5189	4310
5189	4335
5189	4338
5189	4341
5189	4361
5189	4400
5189	4441
5189	4448
5189	4483
5189	4500
5189	4534
5189	4574
5189	4587
5189	4600
5189	4631
5189	4653
5189	4687
5189	4712
5189	4717
5189	4777
5189	4781
5189	4795
5189	4797
5189	4798
5189	4824
5189	4828
5189	4875
5189	4929
5189	4940
5189	4964
5189	4986
5189	5022
5189	5079
5189	5096
5189	5103
5189	5121
5189	5123
5189	5140
5189	5155
5189	5176
5189	5178
5189	5182
5189	5200
5189	5226
5189	5233
5189	5262
5189	5285
5189	5288
5189	5289
5189	5296
5189	5301
5189	5305
5189	5321
5189	5326
5189	5327
5189	5335
5189	5341
5189	5351
5189	5387
5189	5392
5189	5404
5189	5412
5189	5417
5189	5423
5189	5426
5189	5430
5189	5437
5189	5445
5189	5449
5189	5454
5189	5457
5189	5459
5189	5463
5189	5465
5189	5466
5189	5467
5189	5471
5189	5481
5189	5487
5189	5506
5189	5509
5189	5513
5189	5514
5189	5524
5189	5529
5189	5543
5189	5545
5189	5559
5189	5563
5189	5564
5189	5568
5189	5588
5189	5592
5189	5596
5189	5620
5189	5624
5189	5626
5189	5630
5189	5637
5189	5638
5189	5639
5189	5640
5189	5651
5189	5680
5189	5683
5189	5684
5189	5693
5189	5697
5189	5705
5189	5737
5189	5738
5189	5743
5189	5745
5189	5753
5189	5754
5189	5756
5189	5760
5189	5775
5189	5798
5189	5799
5189	5800
5189	5804
5189	5806
5189	5809
5189	5812
5189	5817
5189	5819
5189	5824
5189	5829
5189	5830
5189	5837
5189	5839
5189	5844
5189	5863
5189	5872
5189	5886
5189	5891
5189	5925
5189	5928
5189	5936
5189	5947
5189	5969
5189	5972
5189	5973
5189	5977
5189	5980
5189	5991
5189	5994
5189	6004
5189	6006
5189	6023
5189	6044
5189	6059
5189	6078
5189	6094
5189	6098
5189	6105
5189	6111
5189	6123
5189	6124
5189	6148
5189	6166
5189	6218
5189	6226
5189	6229
5189	6246
5189	6251
5189	6261
5189	6262
5189	6269
5189	6278
5189	6296
5189	6302
5189	6305
5189	6306
5189	6327
5189	6330
5189	6334
5189	6337
5189	6360
5189	6417
5189	6437
5189	6441
5189	6458
5189	6474
5189	6481
5189	6523
5189	6553
5189	6555
5189	6560
5189	6566
5189	6594
5189	6606
5189	6613
5189	6618
5189	6634
5189	6665
5189	6715
5189	6774
5189	6784
5189	6832
5189	6855
5189	6897
5189	6913
5189	6918
5189	6946
5189	6979
5189	6994
5189	7021
5189	7050
5189	7052
5189	7059
5189	7092
5189	7094
5189	7101
5189	7115
5189	7120
5189	7131
5189	7214
5189	7289
5189	7323
5189	7373
5189	7378
5189	7414
5189	7478
5189	7498
5189	7510
5189	7553
5189	7618
5189	7620
5189	7624
5189	7632
5189	7662
5189	7683
5189	7695
5189	7699
5189	7701
5189	7809
5189	7813
5189	7913
5189	8132
5189	8209
5189	8224
5189	8249
5189	8295
5189	8296
5190	95
5190	608
5190	737
5190	1648
5190	1799
5190	2001
5190	2258
5190	2398
5190	2516
5190	2576
5190	2605
5190	2764
5190	2831
5190	2909
5190	3027
5190	3103
5190	3274
5190	3417
5190	3456
5190	3796
5190	4099
5190	4191
5190	4247
5190	4335
5190	4355
5190	4400
5190	4448
5190	4587
5190	4600
5190	4653
5190	4666
5190	4712
5190	4824
5190	4846
5190	4929
5190	4964
5190	4986
5190	5123
5190	5155
5190	5182
5190	5189
5190	5321
5190	5335
5190	5341
5190	5387
5190	5392
5190	5412
5190	5423
5190	5430
5190	5454
5190	5459
5190	5463
5190	5465
5190	5467
5190	5469
5190	5470
5190	5481
5190	5506
5190	5511
5190	5513
5190	5514
5190	5539
5190	5568
5190	5592
5190	5620
5190	5623
5190	5635
5190	5637
5190	5639
5190	5640
5190	5650
5190	5651
5190	5683
5190	5693
5190	5817
5190	5828
5190	5963
5190	6700
5190	8295
5190	8296
5191	1473
5191	2764
5191	3554
5191	3796
5191	4099
5191	4338
5191	4846
5191	5020
5191	5392
5191	5423
5192	3796
5194	4483
5194	4653
5194	5072
5194	5178
5194	5204
5194	5457
5194	6023
5194	6262
5194	6737
5194	8295
5195	1385
5195	1680
5195	3106
5195	5204
5196	15
5196	1972
5196	2001
5196	2774
5196	3238
5196	3885
5196	3897
5196	4315
5196	4875
5196	4964
5196	5079
5196	5178
5196	5204
5196	5254
5196	5289
5196	5543
5196	5802
5196	5804
5196	5871
5196	5963
5196	6166
5196	6251
5196	6505
5196	6665
5196	6809
5196	6832
5196	6850
5196	7279
5196	7414
5196	7561
5196	7632
5196	7646
5197	4964
5197	5204
5197	6004
5198	2354
5198	2398
5198	2689
5198	3456
5198	5123
5198	5204
5199	1823
5199	2535
5199	2658
5199	2940
5199	4483
5199	4875
5199	5200
5199	5204
5199	5459
5199	5819
5199	5829
5199	6422
5199	6560
5199	6599
5199	7012
5199	7279
5199	7378
5199	7587
5199	7647
5199	7649
5199	7669
5199	7809
5200	3897
5200	4432
5200	4448
5200	4587
5200	4632
5200	4824
5200	5204
5200	5215
5200	5412
5200	5463
5200	5465
5200	5897
5200	6979
5200	7021
5200	7553
5201	4335
5201	5079
5201	5204
5201	5208
5201	5378
5201	5412
5201	5459
5201	6665
5201	6980
5201	7021
5201	7478
5201	7498
5201	7520
5201	7632
5201	7855
5202	3460
5202	5204
5203	737
5203	1799
5203	3027
5203	3417
5203	4191
5203	4400
5203	4587
5203	4653
5203	4929
5203	5020
5203	5200
5203	5204
5203	5434
5203	5463
5203	6950
5207	2592
5207	2909
5207	3089
5207	4191
5207	4631
5207	5200
5207	5233
5207	5465
5207	5814
5207	5925
5207	5947
5207	5972
5207	6302
5209	5210
5215	15
5215	3634
5215	4310
5215	5200
5215	6832
5215	7279
5215	7414
5215	7553
5213	5215
5214	5215
5216	5141
5217	2369
5217	3238
5217	3631
5217	4335
5217	4448
5217	4536
5217	4712
5217	5020
5217	5123
5217	5178
5217	5245
5217	5404
5217	5459
5217	5743
5217	5760
5217	6299
5217	6442
5217	6634
5217	6832
5217	6907
5217	6934
5222	5479
5218	5222
5219	5222
5220	5222
5221	5222
5224	5231
5226	4037
5226	4310
5226	4828
5226	5079
5226	5123
5226	5231
5226	5262
5226	5605
5226	5671
5226	5680
5226	5886
5226	5947
5226	5972
5226	6634
5226	7726
5226	7910
5226	8058
5227	5231
5228	5231
5225	5231
5229	5231
5230	5231
5233	737
5233	1385
5233	1680
5233	2909
5233	2940
5233	3027
5233	3103
5233	3106
5233	3393
5233	3897
5233	4071
5233	4127
5233	5239
5233	5288
5233	5430
5233	5818
5233	6004
5233	6044
5233	6780
5233	6914
5233	7092
5233	7301
5233	7862
5233	7890
5232	1385
5232	1680
5239	5305
5238	1385
5238	3459
5238	5239
5242	5245
5244	5245
5241	5245
5241	8051
5243	1247
5243	1385
5243	3027
5243	3103
5243	3459
5243	3897
5243	4127
5243	4315
5243	4400
5243	4587
5243	4824
5243	5245
5243	5288
5243	5308
5243	5392
5243	5423
5243	5430
5243	5809
5243	8295
5246	1026
5246	1352
5246	1982
5246	2276
5246	2354
5246	2620
5246	2822
5246	3089
5246	3191
5246	3459
5246	3586
5246	3643
5246	3910
5246	4041
5246	4361
5246	4400
5246	4687
5246	4712
5246	5182
5246	5245
5246	5255
5246	5260
5246	5392
5246	5393
5246	5467
5246	5524
5246	5543
5246	5582
5246	5620
5246	5756
5246	5827
5246	5839
5246	5963
5246	5991
5246	6029
5246	6109
5246	6596
5246	6599
5246	6832
5246	6976
5246	6993
5246	7301
5246	7620
5246	8148
5250	737
5250	1247
5250	2398
5250	2764
5250	2785
5250	3106
5250	3755
5250	4098
5250	4191
5250	5412
5250	5484
5250	5539
5250	5559
5250	5620
5247	3106
5247	6737
5248	3106
5248	6458
5249	3106
5252	5253
5251	5253
5254	840
5254	896
5254	2160
5254	2398
5254	2689
5254	3089
5254	4191
5254	4361
5254	4536
5254	4713
5254	4717
5254	5178
5254	5321
5254	5412
5254	5714
5254	5807
5254	5822
5254	5839
5254	6299
5254	6496
5254	6566
5254	6628
5254	6707
5254	6765
5254	6832
5254	6840
5254	6860
5254	6946
5254	7144
5254	7620
5254	7632
5254	7835
5254	7890
5255	2689
5255	3417
5255	3460
5255	4448
5255	4587
5255	5323
5255	5640
5255	6255
5261	1385
5261	3691
5262	15
5262	1159
5262	1473
5262	2490
5262	2914
5262	3089
5262	3191
5262	3643
5262	3691
5262	3922
5262	4211
5262	4310
5262	4527
5262	4574
5262	4625
5262	4717
5262	4828
5262	5020
5262	5123
5262	5178
5262	5200
5262	5254
5262	5301
5262	5308
5262	5404
5262	5459
5262	5482
5262	5524
5262	5527
5262	5596
5262	5680
5262	5713
5262	5754
5262	5756
5262	5809
5262	5814
5262	5828
5262	5837
5262	5848
5262	5850
5262	5863
5262	5872
5262	5936
5262	5947
5262	5972
5262	5973
5262	5977
5262	5980
5262	5994
5262	6021
5262	6041
5262	6096
5262	6098
5262	6246
5262	6262
5262	6306
5262	6553
5262	6570
5262	7707
5263	15
5263	896
5263	1159
5263	1473
5263	2258
5263	2277
5263	2354
5263	2398
5263	2490
5263	2507
5263	2516
5263	2576
5263	2605
5263	2765
5263	2775
5263	2785
5263	2831
5263	3027
5263	3089
5263	3191
5263	3274
5263	3393
5263	3691
5263	3922
5263	4041
5263	4098
5263	4335
5263	4338
5263	4448
5263	4527
5263	4530
5263	4536
5263	4587
5263	4600
5263	4666
5263	4777
5263	4795
5263	4797
5263	4824
5263	4964
5263	4986
5263	5182
5263	5226
5263	5305
5263	5321
5263	5445
5263	5449
5263	5454
5263	5482
5263	5499
5263	5568
5263	5592
5263	5620
5263	5637
5263	5640
5263	5650
5263	5693
5263	5705
5263	5721
5263	5743
5263	5756
5263	5784
5263	5790
5263	5828
5263	5837
5263	5844
5263	5848
5263	5850
5263	5860
5263	5863
5263	5872
5263	5886
5263	5963
5263	5973
5263	5994
4407	1385
5265	1385
5267	3460
5267	4335
5275	4315
5275	5210
5276	1498
5276	4315
5276	4713
5276	5079
5276	5614
5276	6044
5276	6123
5276	6156
5276	6833
5277	4315
5278	4315
5280	5288
5281	5288
5282	3089
5282	4400
5282	5288
5282	5449
5283	2398
5283	5288
5287	5288
5284	5288
5284	5412
5285	608
5285	737
5285	2398
5285	2516
5285	4191
5285	4335
5285	4448
5285	4530
5285	4536
5285	4587
5285	4977
5285	5155
5285	5189
5285	5255
5285	5288
5285	5312
5285	5452
5285	5506
5285	5637
5285	5651
5285	6765
5286	2822
5286	3417
5286	3460
5286	3910
5286	5288
5286	5335
5286	5375
5286	5415
5286	5426
5286	5442
5289	4824
5289	4980
5289	5233
5289	5592
5289	6004
5289	7092
5290	4824
5291	4824
5294	3417
5295	2398
5295	2785
5295	3417
5295	4191
5295	4400
5295	4530
5295	4536
5295	4777
5295	4977
5295	5079
5295	5199
5295	5210
5295	5321
5295	5506
5295	5780
5295	5839
5295	6599
5295	7225
5295	7620
5295	7632
5295	7809
5295	7839
5296	1799
5296	2354
5296	2822
5296	3089
5296	3103
5296	3417
5296	3554
5296	3634
5296	3910
5296	4400
5296	4712
5296	4929
5296	5155
5296	5323
5296	5680
5296	5732
5299	4587
5300	4587
5301	15
5301	2276
5301	2285
5301	2605
5301	2620
5301	2940
5301	3089
5301	3498
5301	3643
5301	3873
5301	4310
5301	4483
5301	4527
5301	4574
5301	4653
5301	4717
5301	4748
5301	4875
5301	4994
5301	5121
5301	5179
5301	5188
5301	5233
5301	5273
5301	5404
5301	5454
5301	5459
5301	5479
5301	5527
5301	5596
5301	5624
5301	5630
5301	5680
5301	5753
5301	5804
5301	5806
5301	5827
5301	5897
5301	6094
5301	6098
5301	6123
5301	6124
5301	6148
5301	6151
5301	6218
5301	6229
5301	6498
5301	6503
5301	6505
5301	6599
5301	6714
5301	6715
5301	6739
5301	6789
5301	6860
5301	7131
5301	7351
5301	7373
5301	7381
5301	7422
5301	8295
5306	7092
5312	737
5312	2398
5312	2516
5312	4335
5312	4653
5312	4846
5312	5189
5312	5305
5312	5568
5313	1473
5313	3027
5313	3456
5313	4191
5313	4448
5313	4600
5313	4977
5313	5155
5313	5412
5313	5484
5313	5775
5313	5780
5314	4448
5315	4448
5316	2831
5316	3089
5316	3456
5316	3586
5316	3634
5316	3643
5316	4191
5316	4448
5316	4574
5316	4709
5316	4712
5316	4715
5316	5140
5316	5387
5316	5459
5316	5563
5316	5714
5316	5844
5316	6496
5316	6774
5316	6913
5316	7021
5316	7662
5316	8168
5317	608
5317	1548
5317	2398
5317	2775
5317	4098
5317	4191
5317	4448
5317	4536
5317	5020
5317	5123
5317	5254
5317	5326
5317	5327
5317	5423
5317	5459
5317	5511
5317	5543
5317	5780
5320	2909
5320	3027
5320	3456
5320	4037
5320	5028
5320	5199
5320	5326
5320	5387
5320	5514
5320	5533
5320	5743
5321	15
5321	896
5321	1648
5321	2398
5321	2909
5321	3191
5321	4191
5321	4335
5321	5188
5321	5189
5321	5233
5321	5254
5321	5263
5321	5301
5321	5326
5321	5327
5321	5341
5321	5449
5321	5482
5321	5484
5321	5487
5321	5624
5321	5683
5321	5693
5321	5860
5321	5872
5321	5963
5321	5973
5321	5994
5321	6023
5321	6255
5321	6632
5322	2909
5323	3459
5323	3897
5323	8295
5324	608
5324	2354
5324	3191
5324	3393
5324	3456
5324	4929
5324	5323
5324	5327
5324	5392
5324	5637
5324	5638
5324	5947
5324	5973
5324	5980
5324	5994
5324	8295
5328	5327
5329	5327
5329	5335
5330	5327
5333	3460
5333	3910
5333	5335
5332	5335
5332	5412
5332	5459
5332	5891
5332	6328
5332	6833
5334	2785
5334	4797
5334	5301
5334	5335
5334	5449
5334	5454
5334	5721
5341	5254
5341	7961
5336	4875
5336	5341
5336	5412
5339	3456
5339	3976
5339	4191
5339	5123
5339	5341
5339	5484
5339	5524
5339	5683
5339	6023
5339	6255
5337	5341
5342	2354
5342	2658
5342	3586
5342	4310
5342	4632
5342	5096
5342	5176
5342	5179
5342	5459
5342	5524
5342	5693
5342	5705
5342	5721
5342	5886
5342	6043
5342	6618
5342	6913
5342	6979
5342	7012
5342	7021
5342	7063
5342	7632
5342	7647
5342	7726
5342	7778
5342	7809
5342	7921
5342	8174
5342	8209
5342	8297
5343	2354
5343	3586
5344	2354
5344	3027
5344	4653
5345	2354
5346	2354
5347	2354
5347	5423
5348	2354
5352	737
5352	3460
5352	5176
5353	3460
5355	5354
4591	3910
4591	4712
5356	3910
5357	3910
5358	3910
5264	3554
5264	4536
5264	5061
5264	5176
5264	5463
5264	5817
5264	5828
5360	15
5360	72
5360	608
5360	3027
5360	4191
5360	5072
5360	5123
5360	5392
5360	5412
5360	5430
5360	5543
5360	5559
5360	6251
5360	6474
5360	6567
5361	3191
5361	3393
5361	5123
5361	5963
5361	5980
5361	5994
5365	2822
5366	2822
5366	5459
5367	2822
5370	5375
5371	5375
5372	5375
5373	5375
5374	5375
5376	2785
5377	2785
5378	2785
5378	4037
5378	4401
5378	4507
5378	5432
5378	5812
5378	6044
5378	6737
5378	6780
5378	6946
5378	7050
5378	8042
5378	8044
5378	8209
5378	8219
5378	8224
5378	8237
5380	4400
5380	5392
5381	4400
5381	5263
5381	5392
5381	5963
5382	737
5382	2258
5382	2398
5382	2764
5382	3027
5382	3103
5382	3456
5382	4098
5382	4400
5382	4666
5382	4846
5382	4929
5382	5155
5382	5182
5382	5189
5382	5430
5382	5449
5382	5509
5382	5568
5384	1247
5384	4400
5385	4400
5386	3027
5386	4400
5386	7512
5387	4400
5390	5392
5390	5423
5391	15
5391	1247
5391	1549
5391	1982
5391	2258
5391	2516
5391	3027
5391	3084
5391	3334
5391	3498
5391	4530
5391	4536
5391	4687
5391	4712
5391	5178
5391	5189
5391	5285
5391	5392
5391	5449
5391	5459
5391	5529
5391	5640
5391	5683
5391	5684
5391	5697
5391	5922
5391	6218
5391	6400
5391	6414
5391	6523
5391	6624
5391	6712
5391	6790
5391	6979
5391	7040
5391	7073
5391	7809
5395	3103
5404	2398
5404	2535
5404	3334
5404	4276
5404	4310
5404	4335
5404	4361
5404	4536
5404	4846
5404	4875
5404	5020
5404	5072
5404	5189
5404	5200
5404	5233
5404	5254
5404	5412
5404	5454
5404	5482
5404	5487
5404	5527
5404	5757
5404	5784
5404	5790
5404	5902
5404	6023
5404	6094
5404	6156
5404	6255
5404	6299
5404	6388
5404	6714
5404	6715
5404	6833
5404	7295
5404	7620
5404	7646
5404	7699
5404	8198
5404	8249
5397	5412
5398	5412
5398	5714
5405	608
5405	3456
5405	4977
5405	5412
5399	896
5399	3089
5399	3643
5399	4041
5399	4310
5399	5412
5399	5524
5399	6029
5400	4600
5400	5178
5400	5412
5400	5683
5401	5412
5401	6976
5401	7301
5406	5412
5413	5414
5415	5423
5416	5417
5423	2376
5423	2535
5423	2774
5423	2940
5423	3479
5423	3614
5423	3897
5423	4099
5423	4361
5423	4483
5423	4687
5423	4715
5423	4786
5423	4795
5423	4798
5423	4980
5423	4994
5423	5179
5423	5200
5423	5273
5423	5584
5423	5638
5423	5684
5423	5709
5423	5798
5423	5799
5423	5804
5423	6000
5423	6006
5423	6306
5423	6328
5423	6334
5423	6337
5423	6388
5423	6409
5423	6432
5423	6441
5423	6474
5423	6481
5423	6496
5423	6530
5423	6570
5423	6789
5423	6832
5423	6953
5423	7381
5423	7646
5423	7809
5418	5423
5424	5254
5424	5423
5419	2001
5419	4534
5419	4781
5419	5072
5419	5301
5419	5423
5419	5705
5419	5737
5419	5775
5421	3456
5421	4500
5421	4777
5421	5423
5422	5423
5430	3830
5430	4712
5430	4748
5430	5254
5430	6156
5430	6833
5427	15
5427	896
5427	1159
5427	2001
5427	2925
5427	3089
5427	3393
5427	3586
5427	3873
5427	3976
5427	4041
5427	4098
5427	4191
5427	4310
5427	4653
5427	4828
5427	4964
5427	5178
5427	5262
5427	5321
5427	5335
5427	5430
5427	5459
5427	5524
5427	5527
5427	5543
5427	5640
5427	5844
5427	5848
5427	5891
5427	5928
5427	5947
5427	6023
5427	6080
5427	6096
5427	6105
5427	8295
5428	1799
5428	4712
5428	5430
5429	5430
5431	1247
5432	1247
5432	5378
5432	6682
5432	6784
5435	3897
5436	3027
5437	2490
5437	2507
5437	2765
5437	2925
5437	3027
5437	3586
5437	4041
5437	4527
5437	4574
5437	4828
5437	5123
5437	5182
5437	5680
5437	5828
5437	5844
5437	5848
5437	5863
5437	5886
5437	5891
5437	5925
5437	5928
5437	5947
5437	5973
5437	6009
5437	6029
5437	6098
5438	3027
5439	1982
5439	2273
5439	2914
5439	3027
5439	3459
5439	3792
5439	3873
5439	3897
5439	4401
5439	4441
5439	4488
5439	4687
5439	4748
5439	4786
5439	4791
5439	4795
5439	5002
5439	5140
5439	5321
5439	5543
5439	5563
5439	5596
5439	5626
5439	5738
5439	5739
5439	5773
5439	5799
5439	5800
5439	5818
5439	5829
5439	5998
5439	6001
5439	6006
5439	6097
5439	6156
5439	6218
5439	6255
5439	6261
5439	6327
5439	6330
5439	6388
5439	6400
5439	6409
5439	6422
5439	6424
5439	6437
5439	6441
5439	6458
5439	6462
5439	6474
5439	6481
5439	6498
5439	6530
5439	6560
5439	6567
5439	6686
5439	6707
5439	6715
5439	6783
5439	6788
5439	6790
5439	6855
5439	6858
5439	6920
5439	6930
5439	7060
5440	3027
5440	6462
5445	155
5445	967
5445	1026
5445	1549
5445	2507
5445	2851
5445	3000
5445	3015
5445	3238
5445	3334
5445	3381
5445	3885
5445	3969
5445	4361
5445	4875
5445	4940
5445	5022
5445	5061
5445	5079
5445	5289
5445	5305
5445	5321
5445	5437
5445	5449
5445	5482
5445	5524
5445	5643
5445	5828
5445	5839
5445	5850
5445	5891
5445	5947
5445	6094
5445	6161
5445	6555
5445	6560
5445	6665
5445	6715
5445	6914
5445	6979
5445	7021
5445	7047
5445	7059
5445	7088
5445	7131
5445	7146
5445	7277
5445	7280
5445	7301
5445	7315
5445	7359
5445	7393
5445	7449
5445	7553
5445	7620
5445	7634
5445	7651
5445	7699
5445	7707
5445	7803
5445	7860
5445	7927
5445	8038
5446	155
5446	967
5446	3015
5446	3885
5446	4361
5446	5200
5446	5289
5446	5321
5446	5445
5446	5449
5446	5465
5446	5806
5446	6320
5446	6914
5446	7047
5446	7088
5446	7279
5446	7478
5446	7512
5446	7553
5446	7620
5446	7699
5446	7809
5446	7946
5446	8050
5446	8174
5447	5449
5447	5623
5448	4687
5448	5233
5448	5449
5452	3554
5452	3634
5452	4335
5452	4530
5452	4712
5452	4875
5452	5037
5452	5226
5452	5596
5452	5680
5452	5739
5452	5822
5452	6388
5452	6860
5452	7073
5452	7115
5452	8295
5454	3958
5454	4191
5454	4335
5454	4361
5454	4530
5454	4712
5454	4981
5454	5452
5454	5459
5454	5563
5454	5605
5454	5680
5454	5743
5454	6634
5454	6832
5454	7373
5454	7381
5454	7908
5454	7910
5456	4712
5456	6833
5455	2398
5455	3089
5455	4247
5455	4712
5455	5155
5455	5482
5455	6576
5455	6600
5457	1799
5457	2276
5457	2277
5457	2490
5457	2774
5457	3089
5457	3191
5457	3498
5457	4041
5457	4310
5457	4795
5457	4875
5457	5262
5457	5263
5457	5301
5457	5487
5457	5564
5457	5620
5457	5624
5457	5637
5457	5638
5457	5683
5457	5697
5457	5757
5457	5760
5457	5780
5457	5792
5457	5828
5457	5891
5457	5969
5457	5972
5457	5973
5457	6021
5457	6078
5457	6080
5457	6096
5457	6098
5457	6149
5457	6251
5457	6261
5457	6302
5457	6388
5457	6435
5457	8295
5460	5463
5461	5463
5466	5387
5466	6634
5468	1548
5468	1799
5468	3456
5468	4191
5468	5484
5468	5506
5468	5509
5468	5511
5468	5513
5468	5514
5472	1473
5472	3752
5472	3962
5472	4574
5472	4846
5472	5022
5472	5028
5472	5155
5472	5452
5472	5863
5472	6123
5472	6458
5472	7073
5472	7510
5472	7809
5472	7961
5473	5155
5474	2831
5474	3554
5474	4041
5474	4191
5474	4600
5474	4653
5474	5484
5474	5539
5475	608
5475	6414
5476	608
5477	4929
5478	737
5478	3456
5478	4600
5478	4929
5478	4964
5478	5509
5478	5568
5478	5650
5478	5886
5480	4929
5480	4964
5480	5484
5479	15
5479	2490
5479	2535
5479	3238
5479	4037
5479	4276
5479	4574
5479	4884
5479	4929
5479	5148
5479	5182
5479	5233
5479	5454
5479	5529
5479	5543
5479	5582
5479	5683
5479	5693
5479	5773
5479	5863
5479	5886
5479	6560
5479	6832
5479	6948
5479	7620
5479	7632
5479	7809
5479	8134
5482	737
5482	840
5482	2831
5482	4600
5482	4653
5482	5189
5482	5445
5482	5828
5482	5850
5482	6229
5482	6790
5482	8212
5483	4600
5484	15
5484	737
5484	3089
5484	3459
5484	3586
5484	3755
5484	4041
5484	4099
5484	4310
5484	4600
5484	4653
5484	4781
5484	4980
5484	5020
5484	5178
5484	5459
5484	5563
5484	5780
5484	6044
5484	6124
5484	6790
5484	7092
5485	1159
5485	1473
5485	1548
5485	3238
5485	4037
5485	4099
5485	4310
5485	4600
5485	5022
5485	5176
5485	5178
5485	5484
5485	5539
5485	5673
5485	5886
5485	6044
5485	6784
5485	6914
5485	7092
5485	7386
5485	8296
5486	4600
5487	15
5487	1026
5487	2001
5487	2535
5487	2764
5487	2831
5487	3393
5487	3873
5487	4071
5487	4335
5487	4435
5487	4600
5487	4666
5487	4846
5487	4981
5487	5079
5487	5262
5487	5445
5487	5500
5487	5545
5487	5569
5487	5570
5487	5683
5487	5994
5487	6161
5487	6166
5487	6246
5487	6914
5487	7839
5487	7924
5488	4600
5489	1473
5489	4071
5489	4600
5489	5780
5489	5812
5489	6833
5489	6869
5489	7092
5489	7115
5489	7553
5489	7890
5489	8051
5490	4600
5491	4600
5494	4977
5495	2001
5495	4191
5495	4977
5495	5737
5496	4977
5462	737
5462	1548
5462	1733
5462	2398
5462	2552
5462	2831
5462	3456
5462	4631
5462	4977
5462	5484
5462	5511
5462	5513
5462	5545
5462	5559
5462	5563
5462	5592
5462	5620
5462	5780
5462	8296
5497	4977
5499	2398
5499	4666
5499	5452
5501	1548
5501	5452
5501	7478
5500	5452
5504	5301
5504	5506
5505	5506
5507	5509
5508	5509
5511	4335
5511	5693
5511	8198
5510	5511
5512	3456
5512	5511
5515	72
5515	737
5515	2398
5515	4098
5515	4191
5515	4666
5515	5650
5516	4191
5516	5285
5517	4191
5518	4191
5519	4191
5520	3643
5520	4191
5521	737
5521	3456
5521	4191
5522	4191
5523	4191
5524	155
5524	840
5524	896
5524	967
5524	1026
5524	1191
5524	1403
5524	1498
5524	1549
5524	1972
5524	1982
5524	2160
5524	2273
5524	2433
5524	2440
5524	2565
5524	2658
5524	2774
5524	2785
5524	2851
5524	2925
5524	2940
5524	3000
5524	3015
5524	3084
5524	3089
5524	3238
5524	3291
5524	3293
5524	3310
5524	3334
5524	3346
5524	3381
5524	3459
5524	3498
5524	3586
5524	3631
5524	3634
5524	3726
5524	3752
5524	3792
5524	3803
5524	3809
5524	3830
5524	3842
5524	3873
5524	3885
5524	3897
5524	3919
5524	3962
5524	4037
5524	4065
5524	4071
5524	4099
5524	4134
5524	4191
5524	4310
5524	4341
5524	4361
5524	4432
5524	4435
5524	4483
5524	4488
5524	4507
5524	4536
5524	4604
5524	4632
5524	4666
5524	4689
5524	4709
5524	4712
5524	4713
5524	4715
5524	4717
5524	4748
5524	4764
5524	4781
5524	4798
5524	4828
5524	4875
5524	4944
5524	4980
5524	4981
5524	4983
5524	4994
5524	5002
5524	5012
5524	5020
5524	5022
5524	5028
5524	5037
5524	5079
5524	5096
5524	5121
5524	5140
5524	5148
5524	5178
5524	5179
5524	5188
5524	5199
5524	5200
5524	5210
5524	5233
5524	5246
5524	5254
5524	5262
5524	5273
5524	5288
5524	5289
5524	5295
5524	5301
5524	5335
5524	5378
5524	5384
5524	5393
5524	5404
5524	5406
5524	5423
5524	5439
5524	5459
5524	5465
5524	5466
5524	5479
5524	5484
5524	5500
5524	5527
5524	5529
5524	5543
5524	5563
5524	5582
5524	5584
5524	5596
5524	5605
5524	5614
5524	5626
5524	5671
5524	5684
5524	5697
5524	5714
5524	5739
5524	5760
5524	5773
5524	5776
5524	5800
5524	5802
5524	5804
5524	5811
5524	5812
5524	5814
5524	5818
5524	5819
5524	5822
5524	5827
5524	5829
5524	5835
5524	5839
5524	5871
5524	5872
5524	5886
5524	5897
5524	5902
5524	5922
5524	5932
5524	5933
5524	5947
5524	5998
5524	6001
5524	6004
5524	6006
5524	6032
5524	6043
5524	6044
5524	6078
5524	6097
5524	6098
5524	6111
5524	6123
5524	6124
5524	6151
5524	6156
5524	6162
5524	6166
5524	6170
5524	6174
5524	6221
5524	6227
5524	6241
5524	6243
5524	6251
5524	6270
5524	6272
5524	6296
5524	6299
5524	6305
5524	6306
5524	6320
5524	6327
5524	6328
5524	6330
5524	6337
5524	6347
5524	6388
5524	6407
5524	6414
5524	6417
5524	6422
5524	6437
5524	6441
5524	6458
5524	6481
5524	6496
5524	6501
5524	6503
5524	6505
5524	6523
5524	6528
5524	6552
5524	6554
5524	6555
5524	6560
5524	6566
5524	6570
5524	6576
5524	6589
5524	6594
5524	6600
5524	6613
5524	6618
5524	6624
5524	6632
5524	6634
5524	6665
5524	6699
5524	6712
5524	6714
5524	6715
5524	6736
5524	6765
5524	6770
5524	6774
5524	6780
5524	6784
5524	6789
5524	6790
5524	6832
5524	6833
5524	6850
5524	6855
5524	6860
5524	6869
5524	6873
5524	6875
5524	6892
5524	6897
5524	6901
5524	6907
5524	6913
5524	6914
5524	6918
5524	6930
5524	6934
5524	6945
5524	6946
5524	6955
5524	6976
5524	6979
5524	6980
5524	6993
5524	7005
5524	7012
5524	7021
5524	7040
5524	7047
5524	7050
5524	7052
5524	7054
5524	7059
5524	7063
5524	7073
5524	7074
5524	7088
5524	7092
5524	7094
5524	7101
5524	7108
5524	7115
5524	7119
5524	7131
5524	7143
5524	7162
5524	7168
5524	7185
5524	7186
5524	7214
5524	7225
5524	7233
5524	7237
5524	7277
5524	7279
5524	7280
5524	7295
5524	7301
5524	7304
5524	7341
5524	7351
5524	7362
5524	7373
5524	7378
5524	7381
5524	7386
5524	7391
5524	7393
5524	7400
5524	7414
5524	7422
5524	7436
5524	7442
5524	7443
5524	7450
5524	7478
5524	7497
5524	7510
5524	7512
5524	7529
5524	7544
5524	7553
5524	7557
5524	7587
5524	7588
5524	7618
5524	7620
5524	7624
5524	7632
5524	7646
5524	7649
5524	7651
5524	7662
5524	7683
5524	7694
5524	7695
5524	7699
5524	7707
5524	7726
5524	7740
5524	7757
5524	7763
5524	7788
5524	7795
5524	7809
5524	7810
5524	7833
5524	7835
5524	7839
5524	7855
5524	7860
5524	7862
5524	7871
5524	7874
5524	7879
5524	7882
5524	7890
5524	7899
5524	7908
5524	7910
5524	7924
5524	7927
5524	7961
5524	7979
5524	7992
5524	8037
5524	8042
5524	8044
5524	8121
5524	8122
5524	8124
5524	8128
5524	8134
5524	8141
5524	8163
5524	8168
5524	8169
5524	8174
5524	8178
5524	8192
5524	8209
5524	8219
5524	8224
5524	8295
5524	8297
5525	4191
5526	737
5526	2398
5526	3459
5526	3803
5526	4191
5526	5254
5527	4191
5527	4689
5530	4191
5531	15
5531	72
5531	155
5531	737
5531	840
5531	896
5531	1026
5531	1159
5531	1352
5531	1403
5531	1473
5531	1548
5531	1549
5531	1823
5531	1972
5531	1982
5531	2001
5531	2160
5531	2273
5531	2276
5531	2285
5531	2433
5531	2440
5531	2565
5531	2774
5531	2914
5531	2925
5531	2940
5531	3000
5531	3015
5531	3089
5531	3274
5531	3291
5531	3393
5531	3459
5531	3479
5531	3631
5531	3634
5531	3792
5531	3803
5531	3842
5531	3873
5531	3885
5531	3897
5531	3919
5531	3969
5531	3976
5531	4037
5531	4065
5531	4099
5531	4134
5531	4175
5531	4191
5531	4310
5531	4335
5531	4341
5531	4412
5531	4441
5531	4488
5531	4530
5531	4534
5531	4536
5531	4604
5531	4632
5531	4689
5531	4709
5531	4712
5531	4713
5531	4748
5531	4764
5531	4781
5531	4791
5531	4828
5531	4875
5531	4884
5531	4899
5531	4994
5531	5002
5531	5012
5531	5103
5531	5121
5531	5123
5531	5140
5531	5178
5531	5179
5531	5188
5531	5199
5531	5210
5531	5226
5531	5233
5531	5254
5531	5262
5531	5273
5531	5288
5531	5295
5531	5301
5531	5321
5531	5335
5531	5384
5531	5404
5531	5423
5531	5437
5531	5454
5531	5459
5531	5479
5531	5487
5531	5524
5531	5527
5531	5543
5531	5563
5531	5584
5531	5596
5531	5624
5531	5637
5531	5683
5531	5714
5531	5732
5531	5739
5531	5753
5531	5760
5531	5775
5531	5776
5531	5780
5531	5799
5531	5800
5531	5802
5531	5804
5531	5806
5531	5814
5531	5818
5531	5827
5531	5829
5531	5871
5531	5886
5531	5897
5531	5947
5531	5963
5531	5994
5531	6000
5531	6001
5531	6004
5531	6006
5531	6041
5531	6054
5531	6098
5531	6124
5531	6148
5531	6151
5531	6156
5531	6170
5531	6218
5531	6243
5531	6246
5531	6251
5531	6255
5531	6262
5531	6272
5531	6296
5531	6299
5531	6305
5531	6306
5531	6327
5531	6330
5531	6347
5531	6388
5531	6400
5531	6414
5531	6417
5531	6437
5531	6441
5531	6442
5531	6458
5531	6481
5531	6496
5531	6498
5531	6501
5531	6503
5531	6505
5531	6528
5531	6552
5531	6553
5531	6560
5531	6566
5531	6567
5531	6576
5531	6589
5531	6594
5531	6599
5531	6600
5531	6613
5531	6632
5531	6634
5531	6665
5531	6699
5531	6715
5531	6720
5531	6721
5531	6723
5531	6736
5531	6770
5531	6774
5531	6777
5531	6783
5531	6790
5531	6803
5531	6832
5531	6833
5531	6850
5531	6855
5531	6860
5531	6869
5531	6897
5531	6901
5531	6907
5531	6913
5531	6930
5531	6933
5531	6946
5531	7052
5531	7054
5531	7073
5531	7088
5531	7094
5531	7108
5531	7115
5531	7143
5531	7149
5531	7279
5531	7351
5531	7373
5531	7378
5531	7397
5531	7414
5531	7422
5531	7450
5531	7478
5531	7510
5531	7512
5531	7553
5531	7561
5531	7587
5531	8295
5531	8297
5528	4191
5528	4335
5528	4500
5528	4777
5528	5020
5528	5640
5532	15
5532	72
5532	737
5532	1352
5532	1549
5532	2285
5532	2535
5532	3291
5532	3976
5532	4191
5532	4276
5532	4335
5532	5254
5532	5295
5532	5772
5532	5780
5532	6004
5532	6156
5532	6229
5532	6302
5532	6566
5532	6774
5532	6832
5532	6833
5532	6869
5532	8295
5534	15
5534	737
5534	2831
5534	3643
5534	3976
5534	4653
5534	5178
5534	5459
5534	5637
5534	5638
5534	5775
5534	5882
5534	5991
5534	8295
5535	2831
5536	72
5536	2831
5536	5020
5537	2831
5193	2440
5193	3376
5193	3634
5193	3919
5193	4335
5193	4712
5193	4717
5193	5188
5193	5482
5193	5539
5193	5863
5193	5872
5193	6347
5193	6498
5193	6505
5193	6553
5193	6595
5193	6806
5540	1548
5540	5459
5540	6330
5541	1548
5542	3456
5543	15
5543	737
5543	1159
5543	1549
5543	2276
5543	2507
5543	2511
5543	2535
5543	2565
5543	2589
5543	2658
5543	2765
5543	2774
5543	2851
5543	2925
5543	2940
5543	3015
5543	3089
5543	3334
5543	3456
5543	3459
5543	3498
5543	3586
5543	3634
5543	3643
5543	3792
5543	3830
5543	3873
5543	3962
5543	4037
5543	4041
5543	4065
5543	4134
5543	4310
5543	4483
5543	4488
5543	4527
5543	4715
5543	4764
5543	4781
5543	4828
5543	4944
5543	4980
5543	5061
5543	5079
5543	5096
5543	5103
5543	5121
5543	5123
5543	5178
5543	5182
5543	5199
5543	5200
5543	5233
5543	5262
5543	5273
5543	5295
5543	5335
5543	5384
5543	5423
5543	5437
5543	5524
5543	5527
5543	5545
5543	5563
5543	5596
5543	5624
5543	5684
5543	5697
5543	5739
5543	5753
5543	5798
5543	5800
5543	5804
5543	5806
5543	5807
5543	5818
5543	5822
5543	5872
5543	5897
5543	5925
5543	5947
5543	5998
5543	6001
5543	6029
5543	6098
5543	6123
5543	6124
5543	6148
5543	6166
5543	6227
5543	6246
5543	6251
5543	6272
5543	6296
5543	6299
5543	6305
5543	6306
5543	6328
5543	6330
5543	6337
5543	6555
5543	6570
5543	6589
5543	6594
5543	6624
5543	6736
5543	6774
5543	6784
5543	6790
5543	6832
5543	6855
5543	6860
5543	6869
5543	6873
5543	6897
5543	6901
5543	6930
5543	6945
5543	6953
5543	6955
5543	6979
5543	6982
5543	7040
5543	7063
5543	7092
5543	7101
5543	7119
5543	7131
5543	7143
5543	7279
5543	7373
5543	7414
5543	7478
5543	7510
5543	7961
5543	7979
5544	3456
5544	5500
5544	5545
5544	5559
5548	5484
5549	4037
5549	5020
5549	5178
5549	5254
5549	5484
5549	5714
5549	6156
5549	6229
5549	6770
5549	6790
5550	4037
5550	4310
5550	4689
5550	5178
5550	5484
5550	5563
5550	5998
5550	6044
5550	6946
5550	7908
5550	8037
5551	5459
5551	5484
5551	5963
5551	6481
5551	6634
5551	7391
5551	7624
5551	7924
5554	5484
5552	1473
5552	3238
5552	4338
5552	4687
5552	5484
5552	5780
5552	6833
5552	6869
5553	2258
5553	2490
5553	3293
5553	3792
5553	4037
5553	4071
5553	4099
5553	4335
5553	4338
5553	4653
5553	5037
5553	5072
5553	5096
5553	5178
5553	5233
5553	5335
5553	5484
5553	5524
5553	5563
5553	5637
5553	5693
5553	5863
5553	5887
5553	5963
5553	6004
5553	6006
5553	6151
5553	6306
5553	6496
5553	6624
5553	6634
5553	6759
5553	6780
5553	6860
5553	6914
5553	6930
5553	6979
5553	7119
5553	7386
5553	7813
5553	7908
5553	7965
5553	7979
5553	8121
5553	8124
5553	8134
5555	5484
5558	5545
5558	5559
5558	5705
5563	3873
5563	7882
5561	5563
5562	2277
5562	3274
5562	3897
5562	4335
5562	4530
5562	4875
5562	5189
5562	5404
5562	5527
5562	5563
5562	5568
5562	5683
5562	6156
5565	5020
5565	5188
5565	5189
5566	5189
5567	5568
5569	5020
5571	4666
5572	4666
5573	4666
5577	2398
5577	4098
5577	4335
5577	4846
5577	4964
5577	5592
5577	5620
5577	5963
5576	4846
5578	2764
5579	2764
5579	3897
5580	2764
5580	6924
5581	2764
5581	2765
5582	1549
5582	1972
5582	2160
5582	2276
5582	2433
5582	2764
5582	2774
5582	2785
5582	2851
5582	2925
5582	3015
5582	3291
5582	3498
5582	3631
5582	3634
5582	3643
5582	3803
5582	3830
5582	4037
5582	4065
5582	4099
5582	4310
5582	4536
5582	4666
5582	4709
5582	4713
5582	4717
5582	4748
5582	4795
5582	4944
5582	4964
5582	4980
5582	4994
5582	5002
5582	5037
5582	5140
5582	5200
5582	5288
5582	5384
5582	5432
5582	5439
5582	5479
5582	5543
5582	5545
5582	5624
5582	5626
5582	5714
5582	5776
5582	5799
5582	5802
5582	5822
5582	5824
5582	5829
5582	5922
5582	5932
5582	5998
5582	6004
5582	6006
5582	6097
5582	6166
5582	6170
5582	6218
5582	6221
5582	6299
5582	6327
5582	6328
5582	6334
5582	6347
5582	6432
5582	6437
5582	6441
5582	6458
5582	6481
5582	6496
5582	6505
5582	6528
5582	6554
5582	6566
5582	6570
5582	6576
5582	6613
5582	6624
5582	6634
5582	6665
5582	6699
5582	6715
5582	6720
5582	6739
5582	6774
5582	6783
5582	6784
5582	6833
5582	6855
5582	6913
5582	6955
5582	6976
5582	7073
5582	7108
5582	7119
5582	7143
5582	7144
5582	7214
5582	7301
5582	7306
5582	8297
5583	2764
5583	2765
5584	15
5584	737
5584	2398
5584	2440
5584	2620
5584	2764
5584	4964
5584	4983
5584	5254
5584	5321
5584	6156
5584	6576
5587	5588
5589	15
5589	896
5589	3873
5589	3897
5589	4964
5589	5233
5589	5459
5589	5697
5589	6218
5589	6246
5589	6296
5591	15
5591	2398
5591	2774
5591	2775
5591	2914
5591	3291
5591	4335
5591	4687
5591	5254
5591	5487
5591	5592
5591	5684
5591	5799
5591	5814
5591	6023
5591	6218
5591	6246
5591	6262
5591	6306
5591	6334
5591	6388
5591	6400
5591	6409
5591	6414
5591	6417
5591	6432
5591	6566
5594	4098
5596	3631
5596	4098
5596	4134
5596	5103
5596	5459
5596	5563
5596	5697
5596	5738
5596	5800
5596	5822
5596	5850
5596	5871
5596	5886
5596	5991
5596	6059
5596	6078
5596	6407
5596	6496
5596	6543
5596	6668
5596	6685
5596	6723
5596	6725
5596	6783
5596	6813
5596	7052
5596	7108
5596	7359
5596	7520
5596	8295
5595	4098
5598	4247
5599	4247
5600	1473
5600	2258
5600	2535
5600	3897
5600	4099
5600	4247
5600	4500
5600	6029
5601	2398
5601	4247
5602	4247
5603	4247
5603	4500
5603	4797
5604	2398
5604	5226
5604	5623
5604	5871
5604	6305
5604	6765
5604	6945
5605	15
5605	2398
5605	3334
5605	4536
5605	4981
5605	5028
5605	5037
5605	6840
5605	7632
5605	7862
5605	7908
5606	737
5606	1473
5606	1648
5606	2398
5606	2576
5606	2605
5606	4335
5606	4534
5606	4574
5606	4899
5606	5061
5606	5072
5606	5321
5606	5445
5606	5459
5606	5680
5606	5683
5606	5745
5606	5775
5606	5780
5606	5828
5606	5830
5606	5832
5606	5837
5606	5844
5606	5848
5606	5872
5606	5969
5607	2398
5608	2398
5608	2516
5608	2535
5608	3755
5608	3897
5608	4099
5608	4795
5608	4986
5608	5301
5608	5335
5608	5638
5608	5651
5608	5664
5608	5683
5608	6124
5608	6783
5612	15
5612	737
5612	1549
5612	1982
5612	2160
5612	2276
5612	2398
5612	2440
5612	2535
5612	2620
5612	2775
5612	3084
5612	3291
5612	3297
5612	3459
5612	3634
5612	3643
5612	3958
5612	3962
5612	4099
5612	4134
5612	4276
5612	4530
5612	4536
5612	4687
5612	4798
5612	4828
5612	4986
5612	5002
5612	5022
5612	5179
5612	5226
5612	5233
5612	5254
5612	5295
5612	5335
5612	5404
5612	5524
5612	5584
5612	5680
5612	5693
5612	5697
5612	5757
5612	5828
5612	5848
5612	5863
5612	6006
5612	6098
5612	6148
5612	6170
5612	6328
5612	6337
5612	6441
5612	6528
5612	6553
5612	6560
5612	6600
5612	6715
5612	6720
5612	6739
5612	6948
5612	6979
5612	7683
5612	7961
5612	8178
5612	8295
5609	2398
5610	15
5610	2398
5611	2398
5613	2398
5614	2398
5614	3293
5614	4037
5614	4335
5614	4940
5614	6780
5614	7924
5615	2398
5615	4037
5615	7908
5616	1403
5616	1473
5616	2398
5616	2775
5616	4037
5616	4338
5616	4712
5616	5254
5616	5404
5616	5732
5616	5760
5616	6229
5616	6560
5616	7108
5616	7214
5617	15
5617	72
5617	1026
5617	2398
5617	2565
5617	3459
5617	3755
5617	3976
5617	4781
5617	5020
5617	5022
5617	5176
5617	5233
5617	5772
5617	5780
5617	5800
5617	6044
5617	6110
5617	6246
5617	6595
5617	7553
5617	7632
5620	737
5620	3346
5620	3459
5620	3755
5620	5459
5620	7092
5620	7688
5623	4335
5623	4653
5622	4777
5622	5623
5396	3089
5396	3755
5396	4500
5396	4536
5396	4625
5396	4777
5396	5200
5396	5301
5396	5623
5396	5680
5396	5838
5396	5947
5627	4777
5627	5321
5627	5454
5624	15
5624	896
5624	1159
5624	2440
5624	2507
5624	3191
5624	3293
5624	3586
5624	3922
5624	4625
5624	4717
5624	5321
5624	5445
5624	5527
5624	5626
5624	5713
5624	5778
5624	5782
5624	5809
5624	5848
5624	5928
5624	5994
5624	6027
5624	6044
5624	6098
5624	6148
5624	6600
5624	8295
5625	5321
5626	4335
5626	4798
5626	5072
5626	5321
5628	5321
5629	5321
5630	15
5630	2516
5630	3015
5630	3498
5630	4653
5630	4712
5630	4748
5630	4781
5630	5121
5630	5178
5630	5254
5630	5262
5630	5263
5630	5543
5630	5563
5630	5739
5630	5760
5630	5824
5630	6161
5630	6164
5630	6166
5630	6221
5630	6235
5630	6246
5630	6251
5630	6255
5630	6269
5630	6278
5630	6306
5630	6441
5630	6505
5630	6665
5630	6860
5630	6901
5630	6930
5630	7131
5633	3393
5640	3976
5640	5963
5639	2258
5639	4335
5639	5454
5639	5640
5644	15
5644	896
5644	2273
5644	2516
5644	3976
5644	4276
5644	4335
5644	4795
5644	5233
5644	5335
5644	5439
5644	5524
5644	5543
5644	5863
5644	5936
5644	6251
5644	6255
5644	6262
5644	6306
5644	6417
5644	8295
5636	4777
5645	4777
5646	5639
5646	6953
5650	1191
5650	6088
5648	5650
5649	5650
5649	5683
5651	5061
5652	4500
5653	4500
5655	938
5655	2160
5655	2276
5655	2511
5655	3084
5655	3089
5655	3334
5655	3586
5655	3643
5655	3976
5655	4009
5655	4310
5655	4361
5655	4507
5655	4653
5655	4712
5655	4717
5655	4786
5655	4791
5655	5002
5655	5012
5655	5103
5655	5179
5655	5199
5655	5200
5655	5254
5655	5273
5655	5289
5655	5295
5655	5393
5655	5543
5655	5684
5655	5697
5655	5709
5655	5714
5655	5738
5655	5806
5655	5822
5655	5829
5655	5844
5655	5863
5655	5887
5655	5932
5655	5950
5655	5972
5655	6004
5655	6032
5655	6105
5655	6124
5655	6149
5655	6156
5655	6161
5655	6198
5655	6226
5655	6235
5655	6269
5655	6299
5655	6302
5655	6327
5655	6340
5655	6407
5655	6424
5655	6462
5655	6464
5655	6491
5655	6505
5655	6523
5655	6530
5655	6555
5655	6567
5655	6590
5655	6699
5655	6725
5655	6736
5655	6755
5655	6790
5655	6809
5655	6832
5655	6833
5655	6923
5655	6976
5655	6994
5655	7047
5655	7050
5655	7063
5655	7116
5655	7146
5655	7214
5655	7222
5655	7237
5655	7243
5655	7246
5655	7254
5655	7257
5655	7262
5655	7273
5655	7279
5655	7289
5655	7304
5655	7306
5655	7315
5655	7316
5655	7359
5655	7362
5655	7373
5655	7378
5655	7386
5655	7440
5655	7498
5655	7510
5655	7529
5655	7534
5655	7544
5655	7557
5655	7588
5655	7620
5655	7632
5655	7642
5655	7648
5655	7653
5655	7666
5655	7668
5655	7669
5655	7673
5655	7675
5655	7688
5655	7695
5655	7730
5655	7734
5655	7763
5655	7839
5655	7994
5655	8079
5655	8121
5655	8132
5655	8169
5655	8224
5655	8225
5655	8249
5656	2276
5656	4653
5656	5838
5656	6826
5656	7359
5657	4653
5657	5254
5658	4335
5658	4653
5658	5233
5658	5812
5658	5936
5658	6029
5658	6334
5658	6980
5658	7699
5658	7726
5659	4653
5660	4653
5660	5799
5661	4530
5661	4653
5661	5683
5662	5182
5662	5663
5662	5886
5662	5963
5668	4335
5668	5178
5668	5404
5668	5963
5647	2576
5647	3976
5647	4335
5647	5123
5647	5285
5647	5301
5647	5683
5647	5706
5666	15
5666	72
5666	4335
5666	6004
5666	6560
5667	4335
5667	4507
5667	5969
5667	8124
5667	8128
5669	4335
5670	4099
5670	4335
5671	3770
5671	4335
5671	6979
5674	4986
5675	72
5675	1733
5675	3958
5675	4530
5675	4574
5675	4986
5675	5072
5675	5459
5676	3755
5678	5679
5680	3089
5680	4530
5680	4795
5680	5694
5682	5683
5684	2258
5684	2276
5684	3089
5684	3191
5684	3976
5684	4175
5684	4338
5684	4483
5684	5072
5684	5176
5684	5182
5684	5524
5684	5743
5684	5798
5684	5936
5684	5947
5684	6306
5684	6328
5686	3962
5686	4099
5686	8198
5685	4099
5687	4099
5688	4099
5689	5693
5690	5693
5691	15
5691	72
5691	1648
5691	1733
5691	2001
5691	2490
5691	2775
5691	3015
5691	3089
5691	3191
5691	3459
5691	3643
5691	3922
5691	4211
5691	4483
5691	4534
5691	4797
5691	5020
5691	5061
5691	5123
5691	5263
5691	5301
5691	5437
5691	5445
5691	5457
5691	5482
5691	5527
5691	5693
5691	5743
5691	5753
5691	5780
5691	5784
5691	5790
5691	5828
5691	5830
5691	5837
5691	5844
5691	5848
5691	5860
5691	5863
5691	5872
5691	5886
5691	5891
5691	6124
5691	6148
5691	6151
5691	6255
5691	6571
5691	8295
5692	1549
5692	3803
5692	4338
5692	4536
5692	5288
5692	5693
5692	5773
5692	5922
5692	5998
5692	6299
5692	6327
5692	6560
5692	6624
5692	6634
5692	6661
5692	6765
5692	6784
5692	6855
5692	6892
5692	6913
5692	7143
5695	72
5698	72
5696	15
5696	72
5696	1972
5696	2535
5696	2774
5696	2914
5696	3291
5696	3479
5696	3873
5696	4099
5696	4604
5696	4712
5696	4715
5696	4781
5696	4980
5696	4994
5696	5002
5696	5121
5696	5178
5696	5200
5696	5233
5696	5254
5696	5437
5696	5439
5696	5479
5696	5487
5696	5527
5696	5624
5696	5626
5696	5804
5696	5824
5696	6004
5696	6124
5696	6161
5696	6229
5696	6255
5696	6299
5696	6306
5696	6432
5696	6441
5696	6458
5696	6496
5696	6599
5696	6613
5696	6634
5696	6665
5696	6700
5696	6720
5696	6739
5696	8295
5697	72
5697	1026
5697	1352
5697	1549
5697	1648
5697	1972
5697	1982
5697	2160
5697	2273
5697	2433
5697	2440
5697	2490
5697	2507
5697	2565
5697	2620
5697	2774
5697	2785
5697	3084
5697	3089
5697	3191
5697	3334
5697	3459
5697	3479
5697	3498
5697	3586
5697	3614
5697	3631
5697	3634
5697	3792
5697	3803
5697	3830
5697	3842
5697	3873
5697	3897
5697	3919
5697	3976
5697	4037
5697	4065
5697	4099
5697	4134
5697	4175
5697	4338
5697	4401
5697	4412
5697	4483
5697	4488
5697	4527
5697	4536
5697	4574
5697	4604
5697	4666
5697	4687
5697	4689
5697	4709
5697	4712
5697	4713
5697	4717
5697	4748
5697	4764
5697	4791
5697	4795
5697	4798
5697	4944
5697	4980
5697	4994
5697	5002
5697	5022
5697	5037
5697	5072
5697	5079
5697	5123
5697	5176
5697	5178
5697	5182
5697	5188
5697	5199
5697	5200
5697	5210
5697	5226
5697	5233
5697	5254
5697	5262
5697	5273
5697	5288
5697	5295
5697	5301
5697	5321
5697	5423
5697	5439
5697	5457
5697	5479
5697	5484
5697	5524
5697	5543
5697	5563
5697	5584
5697	5596
5697	5605
5697	5620
5697	5626
5697	5638
5697	5684
5697	5714
5697	5738
5697	5739
5697	5743
5697	5773
5697	5776
5697	5798
5697	5799
5697	5800
5697	5802
5697	5804
5697	5807
5697	5814
5697	5818
5697	5819
5697	5822
5697	5827
5697	5828
5697	5829
5697	5837
5697	5844
5697	5848
5697	5860
5697	5863
5697	5871
5697	5872
5697	5886
5697	5891
5697	5925
5697	5926
5697	5928
5697	5932
5697	5947
5697	5963
5697	5969
5697	5991
5697	5994
5697	5998
5697	6001
5697	6006
5697	6021
5697	6156
5697	6170
5697	6218
5697	6221
5697	6227
5697	6246
5697	6251
5697	6255
5697	6262
5697	6270
5697	6272
5697	6296
5697	6302
5697	6305
5697	6306
5697	6311
5697	6323
5697	6327
5697	6328
5697	6330
5697	6334
5697	6337
5697	6347
5697	6400
5697	6417
5697	6432
5697	6437
5697	6441
5697	6458
5697	6474
5697	6481
5697	6496
5697	6501
5697	6505
5697	6511
5697	6523
5697	6528
5697	6532
5697	6552
5697	6554
5697	6560
5697	6570
5697	6576
5697	6595
5697	6613
5697	6624
5697	6632
5697	6634
5697	6663
5697	6665
5697	6668
5697	6699
5697	6707
5697	6715
5697	6739
5697	6765
5697	6770
5697	6774
5697	6783
5697	6790
5697	6803
5697	6855
5697	6860
5697	6869
5697	6873
5697	6897
5697	6901
5697	6930
5697	6955
5697	6979
5697	6994
5697	7052
5697	7094
5697	7101
5697	7115
5697	7119
5697	7144
5697	7185
5697	7214
5697	7362
5697	7393
5697	7553
5697	7620
5697	7810
5697	7908
5697	8121
5697	8124
5702	967
5702	3238
5702	3634
5702	3726
5702	5028
5702	5210
5702	5454
5702	5897
5702	5963
5702	7855
5703	5454
5705	5301
5705	5947
5705	6021
5704	3089
5704	4828
5704	5705
5704	6226
5708	3191
5708	4483
5708	5254
5708	5459
5708	5524
5708	5697
5708	8042
5707	5123
5707	5459
5707	5891
5707	5925
5709	3919
5709	5140
5709	5459
5709	5799
5709	5811
5709	5950
5709	6427
5709	6472
5709	6529
5709	6566
5709	6707
5710	5459
5711	5459
5712	5459
5713	5459
5714	15
5714	896
5714	1352
5714	1473
5714	1549
5714	2576
5714	2774
5714	2851
5714	3334
5714	3586
5714	3643
5714	3792
5714	3897
5714	4041
5714	4099
5714	4175
5714	4687
5714	4715
5714	4981
5714	5072
5714	5200
5714	5226
5714	5459
5714	5543
5714	5684
5714	5743
5714	5760
5714	5798
5714	5799
5714	5804
5714	5818
5714	5828
5714	6124
5714	6156
5714	6229
5714	6328
5714	6337
5714	6437
5714	6458
5714	6481
5714	6833
5714	6930
5714	7115
5714	7168
5717	2576
5718	3274
5721	840
5721	3873
5721	4037
5721	5262
5721	5776
5721	6414
5721	7115
5721	7119
5721	7143
5721	7144
5720	5263
5720	5721
5720	6783
5722	5263
5722	5721
5722	5737
5729	5732
5730	5732
5731	5732
5731	6528
5733	2001
5735	5737
5738	840
5738	4536
5738	5022
5738	5263
5738	5822
5738	6624
5738	6774
5738	6875
5738	7040
5738	7391
5738	7740
5738	8163
5738	8168
5738	8192
5739	2273
5739	2440
5739	2507
5739	2765
5739	3015
5739	3459
5739	3643
5739	3792
5739	3897
5739	3919
5739	3976
5739	4748
5739	4828
5739	4875
5739	5210
5739	5254
5739	5262
5739	5263
5739	5524
5739	5527
5739	5543
5739	5563
5739	5800
5739	5802
5739	5829
5739	5848
5739	5871
5739	5872
5739	5947
5739	6023
5739	6162
5739	6328
5739	6424
5739	6435
5739	6554
5739	6624
5739	6686
5739	6765
5739	6774
5739	6777
5739	6833
5739	6869
5739	6892
5739	6901
5739	6934
5741	15
5741	1982
5741	5020
5741	5254
5741	5301
5741	5321
5741	5543
5741	5743
5741	5936
5741	6618
5741	7295
5741	7620
5741	8224
4418	5745
5744	5745
5746	4338
5750	15
5750	4338
5750	5415
5750	5437
5747	4338
5747	5799
5748	4338
5749	4338
5749	5457
5751	5072
5752	5072
5753	4712
5753	5072
5753	6528
5753	6554
5755	5756
5757	6218
5760	4310
5760	6299
5760	6832
5761	1733
5761	3334
5761	5226
5761	5305
5761	5780
5761	5784
5761	5800
5761	6736
5761	7279
5763	1473
5763	4041
5763	5775
5763	6699
5764	1473
5765	1473
5766	5767
5768	15
5768	4534
5768	4791
5768	5178
5768	5262
5768	5415
5768	6251
5768	6576
5768	6599
5768	7391
5768	7620
5768	8178
5768	8295
5769	5123
5769	5226
5769	6299
5769	6634
5770	3586
5770	5178
5770	5226
5770	5784
5770	5891
5770	5963
5775	1191
5775	2785
5775	3297
5775	3334
5775	3459
5775	3631
5775	3752
5775	4037
5775	4071
5775	4435
5775	4709
5775	5012
5775	5079
5775	5288
5775	5529
5775	5773
5775	5800
5775	5902
5775	6270
5775	6347
5775	6458
5775	6914
5775	6934
5775	6946
5775	7115
5775	7277
5775	7378
5775	7510
5775	7632
5775	7813
5775	7835
5775	7855
5775	7862
5775	7871
5775	7874
5775	7882
5775	7890
5775	7912
5775	7927
5775	7979
5775	7992
5775	8122
5771	3459
5771	4632
5771	5760
5771	5773
5771	5775
5771	6634
5771	7054
5771	8141
5771	8178
5772	1493
5772	3459
5772	4536
5772	5020
5772	5288
5772	5775
5772	5800
5772	5811
5772	5829
5772	6001
5772	6004
5772	6299
5772	6560
5772	6890
5772	7168
5773	840
5773	1982
5773	2511
5773	2565
5773	2589
5773	3238
5773	3334
5773	3459
5773	3803
5773	4037
5773	4361
5773	4944
5773	4992
5773	5002
5773	5079
5773	5288
5773	5295
5773	5384
5773	5643
5773	5745
5773	5760
5773	5772
5773	5775
5773	5800
5773	5811
5773	5814
5773	5828
5773	5922
5773	5932
5773	6000
5773	6097
5773	6227
5773	6272
5773	6327
5773	6330
5773	6388
5773	6414
5773	6555
5773	6560
5773	6624
5773	6634
5773	6774
5773	6850
5773	6855
5773	6873
5773	6913
5773	6914
5773	6934
5773	6955
5773	6976
5773	6982
5773	7021
5773	7040
5773	7047
5773	7059
5773	7092
5773	7094
5773	7101
5773	7119
5773	7120
5773	7143
5773	7144
5773	7162
5773	7185
5773	7315
5773	7414
5773	7436
5773	7593
5773	7632
5773	7662
5773	7668
5773	7839
5773	7855
5773	7890
5773	7924
5774	5775
5776	4899
5776	4992
5776	5872
5776	5998
5776	6023
5776	6262
5776	6306
5776	7149
5776	7237
5776	7391
5776	7529
5776	7553
5776	7701
5776	8295
5781	5445
5784	5925
5783	15
5783	2775
5783	3089
5783	3191
5783	4041
5783	4310
5783	4527
5783	4574
5783	5061
5783	5178
5783	5404
5783	5457
5783	5543
5783	5784
5783	5844
5783	5848
5783	5863
5783	5928
5783	5936
5783	5994
5783	6124
5783	6148
5783	6255
5785	2775
5785	5061
5786	2775
5787	15
5787	896
5787	1159
5787	1648
5787	2276
5787	2775
5787	2925
5787	3089
5787	3498
5787	4041
5787	4276
5787	4310
5787	4781
5787	4828
5787	4875
5787	5103
5787	5179
5787	5182
5787	5301
5787	5524
5787	5527
5787	5543
5787	5624
5787	5753
5787	5928
5787	5947
5787	5963
5787	5972
5787	6098
5787	6124
5787	6166
5787	6229
5790	7699
5788	5790
5788	5802
5788	6023
5788	6447
5788	6715
5789	5790
5794	4625
5796	15
5796	896
5796	1026
5796	1074
5796	1159
5796	1498
5796	1549
5796	1982
5796	2160
5796	2276
5796	2440
5796	2535
5796	2565
5796	2658
5796	2774
5796	2851
5796	2925
5796	2940
5796	3015
5796	3084
5796	3089
5796	3238
5796	3291
5796	3334
5796	3459
5796	3498
5796	3586
5796	3614
5796	3634
5796	3643
5796	3792
5796	3803
5796	3830
5796	3842
5796	3897
5796	4037
5796	4041
5796	4065
5796	4099
5796	4134
5796	4310
5796	4361
5796	4483
5796	4488
5796	4527
5796	4536
5796	4604
5796	4689
5796	4709
5796	4712
5796	4715
5796	4717
5796	4748
5796	4764
5796	4795
5796	4828
5796	4875
5796	4981
5796	4983
5796	4994
5796	5002
5796	5022
5796	5028
5796	5037
5796	5103
5796	5121
5796	5140
5796	5178
5796	5179
5796	5200
5796	5210
5796	5246
5796	5254
5796	5262
5796	5273
5796	5288
5796	5295
5796	5298
5796	5321
5796	5404
5796	5465
5796	5484
5796	5524
5796	5543
5796	5563
5796	5584
5796	5596
5796	5605
5796	5655
5796	5684
5796	5714
5796	5739
5796	5760
5796	5772
5796	5800
5796	5802
5796	5804
5796	5807
5796	5814
5796	5818
5796	5822
5796	5827
5796	5829
5796	5871
5796	5897
5796	5902
5796	5928
5796	5936
5796	6001
5796	6006
5796	6032
5796	6055
5796	6098
5796	6105
5796	6110
5796	6123
5796	6124
5796	6148
5796	6156
5796	6218
5796	6227
5796	6229
5796	6270
5796	6272
5796	6299
5796	6327
5796	6347
5796	6388
5796	6400
5796	6407
5796	6414
5796	6442
5796	6481
5796	6496
5796	6498
5796	6501
5796	6505
5796	6528
5796	6552
5796	6555
5796	6560
5796	6566
5796	6567
5796	6570
5796	6576
5796	6599
5796	6600
5796	6665
5796	6715
5796	6739
5796	6770
5796	6774
5796	6783
5796	6784
5796	6832
5796	6833
5796	6860
5796	6869
5796	6875
5796	6890
5796	6897
5796	6901
5796	6913
5796	6934
5796	6953
5796	6955
5796	6976
5796	6980
5796	7005
5796	7021
5796	7063
5796	7092
5796	7115
5796	7225
5796	7279
5796	7301
5796	7351
5796	7381
5796	7414
5796	7443
5796	7553
5796	7561
5796	7567
5796	7620
5796	7632
5796	7651
5796	7757
5796	7871
5796	7908
5796	7961
5796	8121
5797	3634
5797	3897
5797	6501
5798	3346
5798	3897
5798	4715
5798	4795
5798	4798
5798	5638
5798	5684
5798	5804
5798	6261
5798	6337
5798	6409
5798	6427
5799	2914
5799	3479
5799	3614
5799	3897
5799	4715
5799	4786
5799	4795
5799	4798
5799	4980
5799	5200
5799	5439
5799	5626
5799	5638
5799	6006
5799	6218
5799	6296
5799	6327
5799	6388
5799	6407
5799	6432
5799	6435
5799	6437
5799	6618
5800	840
5800	938
5800	1026
5800	1191
5800	1403
5800	1498
5800	1982
5800	2565
5800	2589
5800	2658
5800	2785
5800	3000
5800	3084
5800	3238
5800	3297
5800	3310
5800	3346
5800	3381
5800	3792
5800	3830
5800	3897
5800	3962
5800	4037
5800	4065
5800	4134
5800	4218
5800	4310
5800	4666
5800	4712
5800	4764
5800	4791
5800	4884
5800	4934
5800	4940
5800	4944
5800	4983
5800	5002
5800	5012
5800	5022
5800	5096
5800	5179
5800	5199
5800	5210
5800	5233
5800	5421
5800	5432
5800	5465
5800	5466
5800	5524
5800	5529
5800	5582
5800	5596
5800	5655
5800	5671
5800	5697
5800	5739
5800	5760
5800	5802
5800	5806
5800	5807
5800	5812
5800	5814
5800	5818
5800	5819
5800	5822
5800	5824
5800	5827
5800	5835
5800	5839
5800	5871
5800	5897
5800	5932
5800	5933
5800	5998
5800	6000
5800	6001
5800	6032
5800	6043
5800	6097
5800	6123
5800	6156
5800	6174
5800	6221
5800	6227
5800	6243
5800	6270
5800	6272
5800	6299
5800	6305
5800	6307
5800	6327
5800	6330
5800	6347
5800	6388
5800	6414
5800	6417
5800	6424
5800	6441
5800	6442
5800	6447
5800	6523
5800	6555
5800	6560
5800	6595
5800	6618
5800	6624
5800	6628
5800	6632
5800	6634
5800	6665
5800	6712
5800	6715
5800	6725
5800	6736
5800	6737
5800	6769
5800	6774
5800	6780
5800	6783
5800	6784
5800	6789
5800	6790
5800	6806
5800	6832
5800	6860
5800	6869
5800	6873
5800	6890
5800	6892
5800	6907
5800	6913
5800	6914
5800	6918
5800	6924
5800	6934
5800	6938
5800	6946
5800	6950
5800	6953
5800	6967
5800	6976
5800	6979
5800	6980
5800	6982
5800	6993
5800	6994
5800	7040
5800	7047
5800	7050
5800	7052
5800	7060
5800	7063
5800	7073
5800	7092
5800	7101
5800	7110
5800	7116
5800	7119
5800	7120
5800	7144
5800	7162
5800	7185
5800	7201
5800	7214
5800	7238
5800	7262
5800	7277
5800	7280
5800	7295
5800	7341
5800	7351
5800	7373
5800	7389
5800	7400
5800	7422
5800	7443
5800	7491
5800	7493
5800	7520
5800	7529
5800	7544
5800	7553
5800	7561
5800	7574
5800	7583
5800	7587
5800	7588
5800	7620
5800	7646
5800	7651
5800	7694
5800	7699
5800	7726
5800	7763
5800	7795
5800	7809
5800	7810
5800	7833
5800	7874
5800	7882
5800	7924
5800	7979
5800	7992
5800	7996
5800	8002
5800	8024
5800	8042
5800	8083
5800	8090
5800	8121
5800	8122
5800	8124
5800	8134
5800	8163
5800	8168
5800	8178
5800	8192
5800	8219
5800	8246
5800	8249
5800	8271
5800	8297
5801	3897
5801	5817
5802	155
5802	840
5802	938
5802	967
5802	1026
5802	1352
5802	1403
5802	1498
5802	1823
5802	1972
5802	1982
5802	2433
5802	2440
5802	2511
5802	2565
5802	2589
5802	2620
5802	2658
5802	2785
5802	2851
5802	2914
5802	2940
5802	3291
5802	3293
5802	3297
5802	3310
5802	3334
5802	3346
5802	3381
5802	3459
5802	3614
5802	3631
5802	3634
5802	3726
5802	3752
5802	3803
5802	3830
5802	3842
5802	3885
5802	3897
5802	3919
5802	3962
5802	3969
5802	4037
5802	4065
5802	4071
5802	4099
5802	4341
5802	4361
5802	4401
5802	4435
5802	4483
5802	4488
5802	4507
5802	4536
5802	4604
5802	4632
5802	4666
5802	4689
5802	4709
5802	4712
5802	4713
5802	4717
5802	4748
5802	4764
5802	4786
5802	4791
5802	4795
5802	4798
5802	4875
5802	4879
5802	4884
5802	4944
5802	4966
5802	4980
5802	4981
5802	4983
5802	4992
5802	4994
5802	5002
5802	5012
5802	5022
5802	5028
5802	5037
5802	5079
5802	5096
5802	5140
5802	5148
5802	5179
5802	5188
5802	5199
5802	5200
5802	5210
5802	5233
5802	5254
5802	5273
5802	5288
5802	5289
5802	5384
5802	5393
5802	5404
5802	5406
5802	5432
5802	5465
5802	5466
5802	5479
5802	5484
5802	5500
5802	5524
5802	5543
5802	5582
5802	5584
5802	5596
5802	5605
5802	5614
5802	5638
5802	5671
5802	5697
5802	5714
5802	5738
5802	5739
5802	5760
5802	5773
5802	5776
5802	5798
5802	5799
5802	5800
5802	5804
5802	5806
5802	5807
5802	5811
5802	5814
5802	5819
5802	5822
5802	5824
5802	5827
5802	5829
5802	5835
5802	5839
5802	5871
5802	5872
5802	5887
5802	5897
5802	5902
5802	5932
5802	5980
5802	5998
5802	6000
5802	6004
5802	6006
5802	6032
5802	6043
5802	6047
5802	6123
5802	6151
5802	6156
5802	6170
5802	6174
5802	6198
5802	6218
5802	6227
5802	6243
5802	6270
5802	6272
5802	6299
5802	6306
5802	6320
5802	6323
5802	6327
5802	6330
5802	6334
5802	6360
5802	6388
5802	6400
5802	6407
5802	6409
5802	6414
5802	6417
5802	6424
5802	6435
5802	6437
5802	6441
5802	6442
5802	6447
5802	6458
5802	6462
5802	6464
5802	6472
5802	6474
5802	6481
5802	6491
5802	6496
5802	6501
5802	6503
5802	6505
5802	6511
5802	6523
5802	6528
5802	6530
5802	6553
5802	6554
5802	6555
5802	6560
5802	6570
5802	6576
5802	6589
5802	6590
5802	6592
5802	6594
5802	6600
5802	6606
5802	6613
5802	6618
5802	6624
5802	6628
5802	6632
5802	6634
5802	6663
5802	6665
5802	6686
5802	6699
5802	6712
5802	6714
5802	6715
5802	6725
5802	6736
5802	6739
5802	6765
5802	6770
5802	6774
5802	6777
5802	6780
5802	6784
5802	6789
5802	6803
5802	6806
5802	6809
5802	6832
5802	6850
5802	6860
5802	6869
5802	6873
5802	6875
5802	6901
5802	6907
5802	6913
5802	6914
5802	6934
5802	6938
5802	6942
5802	6945
5802	6946
5802	6948
5802	6953
5802	6955
5802	6967
5802	6976
5802	6979
5802	6980
5802	6993
5802	6994
5802	7005
5802	7012
5802	7021
5802	7040
5802	7052
5802	7059
5802	7060
5802	7063
5802	7073
5802	7088
5802	7092
5802	7094
5802	7101
5802	7108
5802	7110
5802	7115
5802	7116
5802	7119
5802	7131
5802	7143
5802	7144
5802	7168
5802	7186
5802	7214
5802	7225
5802	7233
5802	7237
5802	7246
5802	7277
5802	7279
5802	7280
5802	7295
5802	7301
5802	7304
5802	7351
5802	7362
5802	7373
5802	7378
5802	7381
5802	7391
5802	7397
5802	7400
5802	7414
5802	7422
5802	7436
5802	7442
5802	7443
5802	7449
5802	7450
5802	7478
5802	7491
5802	7497
5802	7510
5802	7512
5802	7529
5802	7544
5802	7553
5802	7557
5802	7561
5802	7587
5802	7593
5802	7618
5802	7620
5802	7624
5802	7632
5802	7646
5802	7647
5802	7649
5802	7651
5802	7652
5802	7662
5802	7666
5802	7673
5802	7694
5802	7707
5802	7726
5802	7757
5802	7763
5802	7778
5802	7788
5802	7795
5802	7809
5802	7813
5802	7819
5802	7839
5802	7855
5802	7860
5802	7862
5802	7879
5802	7882
5802	7890
5802	7908
5802	7910
5802	7924
5802	7927
5802	7946
5802	7961
5802	7965
5802	7979
5802	7992
5802	7994
5802	8002
5802	8037
5802	8042
5802	8044
5802	8051
5802	8083
5802	8090
5802	8122
5802	8124
5802	8128
5802	8132
5802	8148
5802	8163
5802	8168
5802	8174
5802	8178
5802	8192
5802	8198
5802	8209
5802	8212
5802	8219
5802	8225
5802	8297
5803	3634
5803	3897
5806	1026
5806	2565
5806	3873
5806	3885
5806	3897
5806	4037
5806	4361
5806	4795
5806	4966
5806	5022
5806	5210
5806	5233
5806	5289
5806	5335
5806	5393
5806	5406
5806	5421
5806	5800
5806	5811
5806	5872
5806	5902
5806	6006
5806	6243
5806	6296
5806	6299
5806	6302
5806	6306
5806	6327
5806	6424
5806	6441
5806	6665
5806	6686
5806	6724
5806	6737
5806	6739
5806	6756
5806	6772
5806	6777
5806	6789
5806	6907
5806	6923
5806	6980
5806	7092
5806	7225
5806	7279
5806	7295
5806	7315
5806	7319
5806	7341
5806	7373
5806	7381
5806	7400
5806	7414
5806	7422
5806	7439
5806	7497
5806	7498
5806	7510
5806	7520
5806	7529
5806	7533
5806	7553
5806	7574
5806	7583
5806	7587
5806	7620
5806	7653
5806	7688
5806	7691
5806	7730
5806	7734
5806	7735
5806	7788
5806	7809
5806	7857
5806	7882
5806	7913
5806	8002
5806	8073
5806	8128
5806	8224
5806	8275
5806	8295
5804	2276
5804	3000
5804	3897
5804	4483
5804	4574
5804	4712
5804	4715
5804	4828
5804	5457
5804	5524
5804	5563
5804	5801
5804	5871
5804	5928
5804	5956
5804	5973
5804	6006
5804	6458
5804	6600
5804	6634
5804	6661
5804	6765
5804	6784
5804	6914
5804	7021
5804	7115
5804	7116
5804	7204
5804	7243
5804	7386
5804	7648
5804	7862
5804	7874
5805	15
5805	1972
5805	3897
5805	5423
5805	5479
5805	5487
5805	5527
5805	5738
5805	5799
5805	5980
5805	6023
5805	6148
5805	6251
5805	6424
5805	6462
5805	6501
5807	15
5807	840
5807	2940
5807	3334
5807	3803
5807	3897
5807	4934
5807	5384
5807	5584
5807	5776
5807	5922
5807	6001
5807	6004
5807	6327
5807	6417
5807	6552
5807	6765
5807	6805
5807	6897
5807	7094
5807	7101
5807	7115
5807	7116
5807	7434
5807	7440
5807	7498
5807	7534
5808	3479
5808	3897
5808	4687
5808	5200
5808	5684
5808	5804
5809	2276
5809	3191
5809	3897
5809	4875
5809	5543
5809	5697
5809	5753
5809	5814
5809	5936
5809	5977
5809	5980
5809	5994
5809	6094
5809	6105
5809	6110
5809	6124
5809	6148
5809	6218
5809	6296
5809	6306
5809	6328
5810	15
5810	2440
5810	2535
5810	3084
5810	3291
5810	3873
5810	3897
5810	4037
5810	4604
5810	4712
5810	4791
5810	5022
5810	5037
5810	5233
5810	5254
5810	6006
5810	6156
5810	6311
5810	6328
5810	6337
5810	6442
5810	6600
5810	6715
5810	6869
5810	6907
5810	7054
5810	7237
5810	7620
5810	7809
5811	840
5811	1403
5811	1982
5811	2785
5811	3334
5811	3726
5811	3830
5811	3897
5811	4361
5811	4412
5811	4488
5811	4536
5811	4713
5811	4748
5811	4791
5811	5012
5811	5140
5811	5210
5811	5295
5811	5563
5811	5582
5811	5739
5811	5760
5811	5800
5811	5801
5811	5818
5811	5902
5811	5950
5811	6001
5811	6123
5811	6198
5811	6299
5811	6305
5811	6330
5811	6388
5811	6414
5811	6432
5811	6441
5811	6472
5811	6491
5811	6498
5811	6511
5811	6523
5811	6530
5811	6554
5811	6560
5811	6566
5811	6613
5811	6624
5811	6634
5811	6725
5811	6736
5811	6765
5811	6832
5811	6833
5811	6850
5811	6855
5811	6860
5811	6869
5811	6901
5811	6930
5811	6934
5811	6945
5811	6950
5811	6953
5811	6979
5811	6994
5811	7108
5811	7149
5811	7254
5811	7295
5811	7304
5811	7351
5811	7381
5811	7407
5811	7414
5811	7423
5811	7434
5811	8295
5812	2535
5812	3291
5812	3459
5812	3479
5812	3614
5812	3634
5812	3897
5812	4099
5812	4687
5812	4980
5812	5022
5812	5200
5812	5295
5812	5415
5812	5423
5812	5545
5812	5626
5812	5697
5812	5760
5812	5800
5812	5814
5812	5818
5812	6001
5812	6023
5812	6161
5812	6218
5812	6246
5812	6251
5812	6262
5812	6296
5812	6328
5812	6330
5812	6458
5812	6498
5812	6560
5812	6618
5812	6784
5812	6855
5812	6901
5812	6979
5812	8295
5813	3897
5813	6417
5814	1403
5814	1549
5814	2160
5814	2276
5814	2535
5814	2851
5814	2940
5814	3084
5814	3089
5814	3238
5814	3293
5814	3459
5814	3770
5814	3830
5814	3897
5814	3919
5814	3962
5814	4037
5814	4310
5814	4401
5814	4432
5814	4536
5814	4709
5814	4712
5814	4791
5814	4940
5814	5002
5814	5020
5814	5028
5814	5037
5814	5064
5814	5079
5814	5096
5814	5188
5814	5200
5814	5210
5814	5254
5814	5262
5814	5288
5814	5432
5814	5524
5814	5543
5814	5605
5814	5714
5814	5738
5814	5739
5814	5760
5814	5800
5814	5802
5814	5806
5814	5811
5814	5812
5814	5818
5814	5827
5814	5835
5814	5863
5814	5871
5814	5887
5814	5891
5814	5897
5814	5902
5814	5932
5814	5950
5814	5973
5814	5998
5814	6004
5814	6032
5814	6105
5814	6123
5814	6156
5814	6221
5814	6299
5814	6327
5814	6340
5814	6409
5814	6417
5814	6422
5814	6437
5814	6498
5814	6560
5814	6618
5814	6634
5814	6665
5814	6699
5814	6714
5814	6715
5814	6759
5814	6774
5814	6780
5814	6784
5814	6790
5814	6806
5814	6832
5814	6855
5814	6869
5814	6913
5814	6914
5814	6917
5814	6924
5814	6946
5814	6967
5814	6979
5814	6980
5814	6982
5814	6987
5814	7012
5814	7021
5814	7063
5814	7092
5814	7110
5814	7116
5814	7225
5814	7233
5814	7237
5814	7280
5814	7414
5814	7434
5814	7508
5814	7544
5814	7553
5814	7587
5814	7593
5814	7618
5814	7620
5814	7632
5814	7651
5814	7699
5814	7757
5814	7795
5814	7809
5814	7833
5814	7835
5814	7857
5814	7860
5814	7874
5814	7928
5814	7961
5814	8002
5814	8058
5814	8134
5814	8192
5814	8246
5814	8295
5814	8297
5815	3897
5815	5798
5815	6871
5815	7510
5815	8002
5816	1026
5816	1549
5816	1972
5816	1982
5816	2160
5816	2273
5816	2285
5816	2440
5816	2535
5816	2565
5816	2774
5816	2851
5816	3291
5816	3334
5816	3459
5816	3479
5816	3634
5816	3726
5816	3792
5816	3842
5816	3897
5816	4037
5816	4099
5816	4361
5816	4536
5816	4604
5816	4666
5816	4687
5816	4689
5816	4715
5816	4944
5816	5012
5816	5079
5816	5233
5816	5254
5816	5273
5816	5295
5816	5321
5816	5423
5816	5584
5816	5697
5816	5798
5816	5902
5816	6000
5816	6004
5816	6006
5816	6221
5816	6246
5816	6306
5816	6330
5816	6432
5816	6441
5816	6498
5816	6505
5816	6528
5816	6553
5816	6554
5816	6566
5816	6570
5816	6576
5816	6599
5816	6600
5816	6624
5816	6634
5816	6700
5816	6736
5816	6803
5816	6832
5816	6855
5816	6948
5816	6955
5816	7094
5816	7115
5816	7168
5816	7279
5816	7422
5816	7478
5816	7510
5816	7553
5816	7632
5816	7683
5816	7809
5816	8295
5816	8297
5817	1026
5817	1074
5817	1549
5817	1982
5817	2160
5817	2433
5817	2511
5817	2535
5817	3291
5817	3459
5817	3631
5817	3897
5817	3976
5817	4134
5817	4361
5817	4483
5817	4632
5817	4687
5817	4791
5817	4795
5817	4798
5817	4828
5817	4980
5817	5002
5817	5020
5817	5176
5817	5254
5817	5288
5817	5321
5817	5404
5817	5421
5817	5484
5817	5524
5817	5697
5817	5709
5817	5800
5817	5811
5817	5814
5817	5886
5817	5922
5817	5950
5817	5963
5817	5973
5817	6255
5817	6299
5817	6305
5817	6327
5817	6330
5817	6337
5817	6414
5817	6481
5817	6503
5817	6523
5817	6596
5817	6606
5817	6720
5817	6765
5817	6832
5817	6855
5817	6953
5817	6955
5817	6976
5817	6979
5817	6980
5817	7023
5817	7143
5817	7168
5817	7185
5817	7186
5817	7295
5817	7301
5817	7351
5817	7373
5817	7553
5817	8297
5818	15
5818	2285
5818	3015
5818	3459
5818	3479
5818	3498
5818	3614
5818	3792
5818	3873
5818	3897
5818	4099
5818	4401
5818	4432
5818	4483
5818	4488
5818	4536
5818	4689
5818	4713
5818	4764
5818	4798
5818	5178
5818	5233
5818	5262
5818	5263
5818	5273
5818	5295
5818	5321
5818	5335
5818	5415
5818	5423
5818	5487
5818	5543
5818	5624
5818	5626
5818	5760
5818	5798
5818	5804
5818	5814
5818	5829
5818	5871
5818	6004
5818	6023
5818	6166
5818	6246
5818	6251
5818	6255
5818	6262
5818	6296
5818	6306
5818	6327
5818	6337
5818	6347
5818	6388
5818	6400
5818	6441
5818	6458
5818	6576
5818	6599
5818	6613
5818	6833
5818	6850
5818	6869
5818	6873
5818	6875
5818	7791
5818	8249
5818	8295
5819	15
5819	896
5819	1074
5819	1493
5819	1648
5819	1823
5819	1982
5819	2276
5819	2440
5819	2507
5819	3089
5819	3498
5819	3586
5819	3634
5819	3643
5819	3830
5819	3842
5819	3897
5819	3922
5819	4041
5819	4175
5819	4310
5819	4527
5819	4689
5819	4940
5819	4994
5819	5037
5819	5140
5819	5178
5819	5254
5819	5273
5819	5301
5819	5378
5819	5404
5819	5457
5819	5482
5819	5545
5819	5753
5819	5828
5819	5832
5819	5880
5819	5886
5819	6004
5819	6098
5819	6110
5819	6432
5819	6441
5819	6505
5819	6511
5819	6589
5819	6632
5819	6780
5819	6980
5819	7238
5819	7400
5819	7553
5819	7620
5819	7833
5819	7908
5819	8037
5819	8121
5820	3381
5820	3897
5820	4981
5820	4983
5820	5839
5820	6241
5820	6414
5820	6523
5820	6596
5820	6712
5820	7280
5820	7393
5820	7449
5820	7707
5820	7757
5820	7763
5820	7788
5820	7809
5820	7839
5820	7921
5821	155
5821	1352
5821	2160
5821	2285
5821	2440
5821	2565
5821	2851
5821	3897
5821	4065
5821	4361
5821	4709
5821	4712
5821	4748
5821	5254
5821	5872
5821	5902
5821	6006
5821	6458
5821	6505
5821	6590
5821	6594
5821	7478
5822	1972
5822	2160
5822	2285
5822	2440
5822	2940
5822	3291
5822	3334
5822	3346
5822	3459
5822	3634
5822	3873
5822	3897
5822	3919
5822	3962
5822	4341
5822	4361
5822	4786
5822	4791
5822	4994
5822	5002
5822	5079
5822	5178
5822	5188
5822	5199
5822	5210
5822	5254
5822	5289
5822	5421
5822	5432
5822	5466
5822	5524
5822	5563
5822	5596
5822	5799
5822	5800
5822	5819
5822	5829
5822	5839
5822	5872
5822	5902
5822	5980
5822	5998
5822	6006
5822	6043
5822	6044
5822	6097
5822	6174
5822	6251
5822	6299
5822	6347
5822	6424
5822	6432
5822	6435
5822	6437
5822	6503
5822	6505
5822	6552
5822	6613
5822	6632
5822	6634
5822	6663
5822	6774
5822	6789
5822	6832
5822	6855
5822	6869
5822	6913
5822	6923
5822	6934
5822	7063
5822	7168
5822	7225
5822	7237
5822	7238
5822	7295
5822	7301
5822	7315
5822	7351
5822	7381
5822	7386
5822	7414
5822	7422
5822	7510
5822	7632
5822	7646
5822	7649
5822	7651
5822	7662
5822	7683
5822	7690
5822	7699
5822	7809
5822	7813
5822	7833
5822	7835
5822	7912
5822	8275
5822	8295
5823	2774
5823	3897
5823	4412
5823	4875
5823	4983
5823	5254
5823	5798
5823	6417
5823	6432
5823	6437
5823	6441
5823	7478
5824	1648
5824	1982
5824	2565
5824	3792
5824	4037
5824	4536
5824	5182
5824	5295
5824	5543
5824	5563
5824	5739
5824	5773
5824	5800
5824	5814
5824	5818
5824	5828
5824	5830
5824	5848
5824	5925
5824	5926
5824	5928
5824	5963
5824	6001
5824	6004
5824	6246
5824	6299
5824	6323
5824	6491
5824	6555
5824	6560
5824	6624
5824	6665
5824	6715
5824	6790
5824	6855
5824	6892
5824	6901
5824	6930
5824	6946
5824	6994
5824	7052
5827	4175
5827	5037
5827	5123
5827	5254
5827	5404
5827	5563
5827	5605
5827	5680
5827	5828
5827	6123
5827	6327
5827	6913
5827	7143
5827	7277
5827	7662
5829	5123
5829	5262
5829	5301
5829	5415
5829	5527
5829	5545
5829	5680
5829	5830
5829	5891
5829	6148
5829	6246
5829	8295
5837	5963
5833	5837
5834	3191
5834	3643
5834	5753
5834	5837
5834	6029
5834	6094
5839	1352
5839	3459
5839	4795
5839	4828
5839	5188
5839	5210
5839	5254
5839	5262
5839	5301
5839	5439
5839	5457
5839	5524
5839	5827
5839	5829
5839	5838
5839	5871
5839	5950
5839	5963
5839	5980
5839	6123
5839	6161
5839	6417
5839	6424
5839	6432
5839	6442
5839	6458
5839	6501
5839	6505
5839	6523
5839	6600
5839	6618
5839	6634
5839	6663
5839	6712
5839	6934
5839	7092
5839	7620
5839	7632
5839	7649
5839	7653
5839	7662
5842	5305
5840	5305
5841	5305
5836	3089
5836	3586
5836	4310
5836	5482
5836	5624
5836	5844
5836	5886
5836	5991
5836	6094
5836	6148
5836	8295
5846	5680
5846	5848
5846	5850
5852	5680
5853	5680
5854	5680
3788	4574
3788	7809
5855	15
5855	3498
5855	4574
5855	5123
5855	5482
5855	5543
5855	5624
5855	5891
5856	4574
5857	15
5857	896
5857	938
5857	1026
5857	1403
5857	2276
5857	2285
5857	2535
5857	2765
5857	2851
5857	3089
5857	3334
5857	3459
5857	3586
5857	3634
5857	3643
5857	3976
5857	4041
5857	4099
5857	4310
5857	4361
5857	4401
5857	4432
5857	4574
5857	4604
5857	4712
5857	4875
5857	4879
5857	4981
5857	4994
5857	5022
5857	5028
5857	5103
5857	5188
5857	5200
5857	5210
5857	5273
5857	5321
5857	5421
5857	5524
5857	5543
5857	5563
5857	5584
5857	5714
5857	5799
5857	5806
5857	5818
5857	5827
5857	5886
5857	5891
5857	5922
5857	5950
5857	5969
5857	6000
5857	6094
5857	6098
5857	6227
5857	6272
5857	6305
5857	6327
5857	6458
5857	6481
5857	6496
5857	6501
5857	6552
5857	6560
5857	6566
5857	6570
5857	6576
5857	6594
5857	6632
5857	6634
5857	6790
5857	6875
5857	6901
5857	6914
5857	6933
5857	6946
5857	6948
5857	7063
5857	7351
5857	7510
5857	7553
5857	7561
5857	7632
5857	7699
5857	7908
5857	7961
5857	8163
5857	8178
5857	8212
5857	8295
5859	1493
5859	3830
5859	4401
5859	4940
5859	5246
5859	5860
5859	5891
5859	5969
5859	6762
5859	7791
5859	8042
5859	8044
5859	8141
5859	8224
5859	8246
5859	8249
5861	5482
5861	5863
5862	15
5862	896
5862	1352
5862	1549
5862	3089
5862	3976
5862	4175
5862	4712
5862	4828
5862	5188
5862	5254
5862	5524
5862	5863
5862	5886
5862	5891
5862	5936
5862	6124
5862	6156
5862	6272
5862	6501
5862	6632
5862	6945
5862	6955
5862	8295
5864	2490
5866	2490
5868	2490
5868	5482
5868	5925
5872	4341
5872	4632
5872	5289
5872	5378
5872	5605
5872	5806
5872	5812
5872	6523
5872	6618
5872	6634
5872	6665
5872	6875
5872	6907
5872	7116
5872	7506
5872	7510
5872	7553
5872	7561
5872	7587
5872	7618
5872	7624
5872	7908
5872	8163
5872	8174
5872	8192
5872	8212
5872	8249
5873	3376
5873	5123
5873	5457
5873	5482
5873	5886
5873	5891
5874	5482
5875	5482
5876	5482
5877	5123
5877	5301
5877	5482
5877	5886
5877	5891
5877	5925
5877	5928
5878	5482
5883	3586
5883	5886
5884	5123
5884	5886
5885	5886
5885	5891
5885	5963
5887	5891
5888	5891
5889	5891
5890	15
5890	5697
5890	5891
5890	5963
5890	6400
5590	15
5590	4037
5590	4687
5590	5817
5590	7879
5892	4037
5892	5817
5895	3461
5896	3922
5896	5182
5896	5499
5896	5529
5896	6422
5896	6474
5896	6993
5896	7047
5896	7707
5896	7803
5897	5499
5897	6634
5899	5123
5899	5457
5902	5123
5070	5096
5070	5123
5070	7778
5070	7961
5903	5123
4767	15
4767	2535
4767	2565
4767	2620
4767	5254
4767	5301
4767	5543
4767	5963
4767	6006
4767	6566
4767	6715
4767	6832
4767	7092
4767	8163
5907	5301
5911	5301
5911	5928
5908	15
5908	2535
5908	3334
5908	5254
5908	5298
5908	5301
5908	5812
5908	6004
5908	6595
5908	6770
5908	6942
5908	7050
5908	7238
5908	7389
5908	7553
5908	7632
5908	7810
5908	8224
5908	8237
5909	5301
5909	5928
5913	15
5913	3976
5913	4037
5913	4041
5913	8128
5915	967
5915	1191
5915	3310
5915	3381
5915	3752
5915	3976
5915	4071
5915	4435
5915	4981
5915	5524
5915	5529
5915	5839
5915	5928
5915	5933
5915	6021
5915	6043
5915	6151
5915	6523
5915	6555
5915	6560
5915	6596
5915	6914
5915	7005
5915	7012
5915	7052
5915	7092
5915	7277
5915	7280
5915	7386
5915	7443
5915	7449
5915	7649
5915	7694
5915	7701
5915	7726
5915	7763
5915	7788
5915	7795
5915	7803
5915	7809
5915	7813
5915	7819
5915	7839
5915	7855
5915	7862
5915	7871
5915	7882
5915	7890
5915	7909
5915	7910
5915	7912
5915	7924
5916	15
5916	3976
5916	5182
5916	5925
5916	5936
5916	5947
5916	5963
5916	6599
5916	8295
4927	3976
5914	3976
5914	5335
5871	896
5871	1982
5871	2440
5871	3084
5871	3089
5871	3191
5871	3334
5871	3459
5871	3643
5871	3976
5871	4310
5871	4536
5871	4712
5871	4795
5871	4875
5871	5079
5871	5176
5871	5178
5871	5182
5871	5254
5871	5262
5871	5273
5871	5295
5871	5457
5871	5524
5871	5527
5871	5543
5871	5596
5871	5697
5871	5739
5871	5800
5871	5811
5871	5827
5871	5829
5871	5839
5871	5947
5871	6272
5871	6523
5871	6576
5871	6699
5871	6720
5871	6774
5871	6832
5871	6980
5871	7225
5871	7553
5871	7587
5871	7620
5871	7632
5871	8295
5917	3976
5919	4037
5919	5925
5920	1191
5920	4435
5920	5925
5920	6044
5920	6780
5920	6918
5920	6946
5920	7517
5920	8042
5920	8134
5921	4037
5921	5925
5921	6327
5921	6330
5922	2851
5922	4432
5922	5103
5922	5925
5922	6875
5922	7561
5922	7860
5923	4037
5923	5925
5923	6227
5924	5925
5928	3459
5928	5246
5928	5936
5928	7620
5927	3293
5927	4037
5927	5210
5927	5928
5927	6634
5927	7544
5927	7588
5927	7882
5927	8051
5927	8128
5930	3089
5930	5176
5930	5931
5932	896
5932	3089
5932	3459
5932	4310
5932	4828
5932	4875
5932	5002
5932	5121
5932	5254
5932	5437
5932	5479
5932	5487
5932	5524
5932	5563
5932	5624
5932	5684
5932	5799
5932	5824
5932	5871
5932	5872
5932	5998
5932	6330
5932	6407
5932	6523
5932	6560
5932	6566
5932	6599
5932	6665
5932	6789
5932	6832
5932	7101
5932	7225
5932	8295
5933	3089
5933	4791
5933	4875
5933	5254
5934	896
5934	1352
5934	2276
5934	2535
5934	3089
5934	3291
5934	3873
5934	3919
5934	4065
5934	4604
5934	4781
5934	4828
5934	5037
5934	5210
5934	5273
5934	5437
5934	5527
5934	5543
5934	5620
5934	5630
5934	5753
5934	5800
5934	5802
5934	5871
5934	5947
5934	6021
5934	6111
5934	6156
5934	6166
5934	6340
5934	6409
5934	6600
5934	6613
5934	6665
5934	6699
5934	6715
5934	6805
5934	6850
5934	6855
5934	6869
5934	6901
5934	7651
5935	3089
5935	3873
5935	4310
5935	5178
5935	5487
5935	5543
5935	5545
5935	5972
5935	6161
5935	6226
5935	6235
5936	3089
5936	4175
5937	3089
5938	896
5938	3089
5942	896
5942	3089
5942	5936
5942	5994
5939	3089
5939	3191
5939	5994
5940	1026
5940	2774
5940	3089
5940	4175
5940	5254
5940	6006
5940	6098
5940	6496
5940	7115
5940	7632
5940	7890
5940	8174
5940	8192
5941	3089
5944	5947
5945	896
5945	2765
5945	4875
5945	5179
5945	5527
5945	5947
5945	5963
5945	6094
5945	6098
5946	5182
5946	5947
5946	5963
5946	8130
5950	5457
5950	6004
5950	6634
5950	6725
5952	2440
5952	3885
5952	5079
5952	5182
5952	5697
5952	5963
5952	6414
5952	7237
5952	7238
5952	7378
5952	7620
5952	7632
5952	7839
5952	7946
5962	5963
5962	5973
5964	5963
5958	5487
5958	5963
5958	6720
5966	5335
5966	5772
5966	5963
5966	6023
5966	6946
5966	7052
5966	8219
5959	5963
5960	3191
5960	5963
5960	6094
5960	6124
5093	5963
5961	3614
5961	4310
5961	4483
5961	4798
5961	4828
5961	5188
5961	5626
5961	5804
5961	5963
5961	5991
5961	6088
5969	4435
5969	6417
5969	7092
5969	7649
5969	7835
5970	5971
5972	5263
5972	6424
5980	3634
5980	5897
5980	5969
5980	6532
5980	6553
5980	6595
5980	6634
5980	6714
5981	3586
5981	4099
5981	4483
5981	5479
5981	5584
5981	5799
5982	3586
5982	6833
5982	7961
5982	8178
5983	3586
5984	896
5984	3334
5984	3586
5984	4310
5984	4791
5984	5233
5984	5524
5984	5950
5984	6323
5984	7553
5985	3586
5986	3586
5987	3586
5988	3586
5988	7131
5988	7279
5988	7478
5989	3586
5990	3586
5992	5994
5993	15
5993	4037
5993	5994
5997	896
5997	6791
5998	896
5998	1026
5998	1352
5998	2511
5998	2565
5998	2620
5998	3291
5998	3381
5998	3634
5998	3803
5998	3962
5998	4536
5998	4604
5998	4666
5998	4712
5998	4717
5998	4748
5998	4791
5998	4944
5998	4994
5998	5002
5998	5022
5998	5140
5998	5148
5998	5179
5998	5210
5998	5254
5998	5273
5998	5404
5998	5439
5998	5773
5998	5776
5998	5799
5998	5800
5998	5806
5998	5814
5998	5822
5998	5835
5998	5922
5998	5932
5998	5936
5998	6006
5998	6097
5998	6123
5998	6327
5998	6505
5998	6552
5998	6554
5998	6570
5998	6595
5998	6600
5998	6618
5998	6632
5998	6634
5998	6665
5998	6774
5998	6914
5998	6934
5998	6946
5998	7052
5998	7092
5998	7101
5998	7115
5998	7119
5998	7143
5998	7225
5998	7279
5998	7280
5998	7389
5998	7443
5998	7510
5998	7553
5998	7707
5998	7795
5998	7833
5998	7839
5998	7871
5998	7890
5998	7924
5998	7961
5998	8168
5967	896
5999	896
5999	1982
5999	3084
5999	3334
5999	3459
5999	4037
5999	5079
5999	5254
5999	5620
5999	6044
5999	6246
5999	6496
5999	6553
5999	6774
5999	6833
5999	7054
5999	7620
5999	7632
5999	7803
5999	7979
6000	896
6000	3084
6000	5022
6000	6270
6000	6709
6000	7168
6000	7632
6000	8124
6000	8134
6000	8276
6005	1159
6003	1159
6006	1159
6006	1498
6006	2433
6006	2440
6006	2535
6006	2620
6006	3631
6006	3962
6006	4037
6006	4483
6006	4709
6006	4712
6006	4748
6006	4983
6006	5020
6006	5022
6006	5079
6006	5254
6006	5404
6006	5596
6006	5684
6006	5714
6006	5776
6006	5799
6006	5804
6006	5812
6006	5932
6006	6156
6006	6272
6006	6320
6006	6323
6006	6327
6006	6334
6006	6437
6006	6441
6006	6458
6006	6481
6006	6496
6006	6505
6006	6576
6006	6613
6006	6634
6006	6641
6006	6700
6006	6783
6006	6907
6006	6914
6006	6918
6006	6945
6006	7052
6006	7092
6006	7108
6006	7233
6006	7279
6006	7280
6006	7341
6006	7422
6006	7443
6006	7478
6006	7510
6006	7553
6006	7699
6006	7803
6006	7810
6006	7979
6006	7992
6006	8209
6006	8224
6004	1159
6004	2940
6004	5233
6004	5484
6004	5529
6004	6832
6007	1159
6007	3498
6007	5103
6007	6080
6007	6094
6007	6496
6013	4175
6013	6496
6013	7890
4409	4175
4409	6043
4409	6306
4409	6496
4409	7890
4409	7924
4409	8275
6014	4175
6015	4175
6015	6496
6015	7890
6016	3238
6016	4071
6016	4175
6016	6496
6016	6780
6016	6914
6016	7092
6016	7833
6016	8134
6016	8174
6017	2774
6017	4175
6018	4175
6019	4175
6020	15
6020	3015
6020	3498
6020	3873
6020	4310
6020	4435
6020	4940
6020	5079
6020	5178
6020	5262
6020	5529
6020	5545
6020	5624
6020	5671
6020	6021
6020	6166
6020	6226
6020	6255
6020	6980
6020	7052
6020	7092
6020	7277
6020	7280
6020	7443
6020	7763
6024	15
6024	2160
6024	2433
6024	2658
6024	3334
6024	3459
6024	3634
6024	4037
6024	4712
6024	5335
6024	5902
6024	5936
6024	6218
6024	6251
6024	6337
6024	7131
6024	8295
6022	5936
6023	1972
6023	3479
6023	4715
6023	4786
6023	4994
6023	5233
6023	5263
6023	5415
6023	5439
6023	5479
6023	5638
6023	5799
6023	5814
6023	5936
6023	6006
6023	6161
6023	6218
6023	6261
6023	6327
6023	6407
6023	6417
6023	6432
6023	6435
6023	6437
6023	6441
6023	6462
6023	6474
6023	6481
6023	6511
6023	6528
6002	6025
6026	2765
6026	3334
6026	6682
6028	3643
6030	4041
6031	4041
6031	4875
6032	1403
6032	1549
6032	1982
6032	2565
6032	2658
6032	2851
6032	3726
6032	4037
6032	4041
6032	4071
6032	4361
6032	4432
6032	4709
6032	4764
6032	4944
6032	4981
6032	5002
6032	5148
6032	5199
6032	5210
6032	5246
6032	5529
6032	5543
6032	5563
6032	5739
6032	5800
6032	5806
6032	6006
6032	6097
6032	6123
6032	6243
6032	6327
6032	6328
6032	6347
6032	6414
6032	6442
6032	6529
6032	6555
6032	6618
6032	6634
6032	6665
6032	6700
6032	6736
6032	6765
6032	6769
6032	6774
6032	6784
6032	6832
6032	6875
6032	6901
6032	6913
6032	6918
6032	6930
6032	6946
6032	6955
6032	6980
6032	7050
6032	7063
6032	7092
6032	7116
6032	7131
6032	7201
6032	7233
6032	7238
6032	7280
6032	7295
6032	7351
6032	7386
6032	7397
6032	7400
6032	7544
6032	7553
6032	7618
6032	7833
6032	7839
6032	7908
6032	7921
6032	8042
6032	8121
6032	8192
5978	4041
6033	4041
6034	4041
6036	4041
6037	4041
6035	4041
6029	7699
6029	7890
6038	2440
6038	4748
6038	5188
6038	5829
6038	6029
6038	6634
6039	6029
6042	2276
6043	2276
6043	2658
6043	3015
6043	3084
6043	3310
6043	3498
6043	3962
6043	4310
6043	4341
6043	4781
6043	4828
6043	4981
6043	5103
6043	5121
6043	5210
6043	5262
6043	5437
6043	5524
6043	5543
6043	5545
6043	5624
6043	6124
6043	6148
6043	6523
6043	6560
6043	7092
6043	7280
6043	7400
6043	7443
6043	7544
6043	7694
6043	7726
6043	7757
6043	7788
6043	7795
6043	7839
6043	7961
6043	8037
6043	8174
6044	4310
6044	5484
6045	3334
6045	4310
6045	5773
6045	6041
6045	6946
6045	7378
6045	7553
6046	4310
6046	6044
6047	4310
6047	4488
6047	4713
6047	5800
6048	4310
6049	4310
6049	5210
6049	5811
6050	4310
6051	4310
6052	4310
6053	4310
6056	6059
6057	6059
6058	6059
6060	5543
6061	5543
6062	5543
6062	6098
6063	5543
6064	3919
6064	5543
6064	6780
6064	7517
6066	5524
6070	4828
6070	5524
6070	6098
6071	5524
6071	7632
6071	7803
6072	1498
6072	2223
6072	2658
6072	3293
6072	3297
6072	4037
6072	4507
6072	4940
6072	4983
6072	5246
6072	5421
6072	5524
6072	5529
6072	5614
6072	5806
6072	5818
6072	5819
6072	6004
6072	6044
6072	6241
6072	6422
6072	6634
6072	6914
6072	6946
6072	7047
6072	7092
6072	7225
6072	7544
6072	7620
6072	7707
6072	7778
6072	7833
6072	7890
6072	7908
6072	7910
6072	7924
6072	7927
6072	7946
6072	7979
6072	7992
6072	8002
6072	8037
6072	8042
6072	8044
6072	8068
6072	8073
6072	8083
6072	8122
6072	8128
6072	8141
6072	8163
6072	8168
6072	8212
6072	8224
6067	5524
6068	15
6068	2925
6068	3498
6068	3634
6068	3962
6068	4037
6068	4781
6068	4828
6068	4875
6068	5179
6068	5210
6068	5421
6068	5524
6068	5624
6068	5753
6068	5922
6068	6094
6068	6098
6068	6124
6068	6151
6068	6166
6068	6174
6068	6334
6068	6414
6068	6498
6068	6875
6068	7092
6068	7280
6068	7620
6068	7879
6068	7927
6068	8134
6069	4875
6069	5404
6069	5524
6069	6148
6069	6161
6073	5103
6074	5103
6075	15
6075	3015
6075	3498
6075	3873
6075	4781
6075	4828
6075	4875
6075	5103
6075	5121
6075	5178
6075	5262
6075	5437
6075	5527
6075	5545
6075	5624
6075	5753
6075	5936
6075	6124
6077	6078
6079	6080
6081	5543
6081	5596
6081	6083
6082	2535
6082	2914
6082	3084
6082	4065
6082	4441
6082	5002
6082	5079
6082	5210
6082	5714
6082	5799
6082	6083
6082	6424
6082	6496
6082	6553
6082	6571
6082	6707
6082	6720
6082	6833
6089	6090
6091	4828
6092	4828
6093	2785
6093	4536
6093	4828
6093	6505
6093	6790
6098	7306
6097	2160
6097	3498
6097	4099
6097	5079
6097	5199
6097	5806
6097	5814
6097	5872
6097	5998
6097	6006
6097	6098
6097	6123
6097	6299
6097	6323
6097	6414
6097	6496
6097	6715
6097	6832
6097	7063
6097	7101
6097	7144
6097	7214
6097	7295
6097	7478
6097	7632
6097	7651
6094	4604
6094	4781
6094	5121
6094	5423
6094	5527
6094	5584
6094	5753
6094	5814
6094	6098
6094	6124
6094	6229
6100	6101
6108	5121
6108	5437
6108	5753
6108	6229
6110	6246
6116	4875
6116	5487
6112	4875
6113	4875
6114	4875
6114	4981
6118	2620
6118	4781
6119	4037
6119	4781
6119	5624
6120	4781
6121	4781
6121	5814
6126	5262
6126	5404
6126	5829
6126	6004
6126	6006
6126	6094
6126	6148
6126	6229
6126	6432
6126	6437
6126	6441
6129	6094
6128	6094
6128	6151
6127	5028
6127	5671
6127	6094
6130	6161
6001	15
6001	5121
6001	5871
6001	6327
6001	6596
6133	5037
6133	5121
6133	5437
6133	5545
6134	5121
6134	5254
6134	5423
6134	5814
6134	6296
6134	6306
6134	6739
6135	5121
6135	6161
6141	6148
6142	6148
6143	6148
6144	6148
6145	6148
6146	2535
6146	3614
6146	5178
6146	5545
6146	5804
6146	6006
6146	6148
6146	6337
6146	6571
6147	6148
6151	3498
6151	4037
6151	5022
6151	5624
6151	6618
6151	6780
6151	6832
6151	7301
6151	7587
6151	7620
6151	7624
6151	7632
6151	8134
6150	6151
6152	5437
6153	5437
6155	5404
6158	5404
6156	15
6156	967
6156	2774
6156	3015
6156	4632
6156	4687
6156	5404
6156	5439
6156	5624
6156	5671
6156	5697
6156	5714
6156	5798
6156	6006
6156	6166
6156	6218
6156	6221
6156	6328
6156	6417
6156	6422
6156	6432
6156	7131
6157	15
6157	5404
6157	6164
6160	15
6160	4037
6160	6161
6165	4134
6165	6166
6165	6554
6165	6606
6168	5624
6169	3291
6169	5624
6169	6855
6170	4134
6170	5037
6170	5188
6170	5584
6170	5624
6170	5824
6170	5871
6170	6251
6170	6311
6170	6552
6170	6596
6170	6599
6170	6628
6170	6663
6174	2658
6174	3238
6174	3498
6174	3962
6174	4940
6174	5022
6174	5079
6174	5818
6174	6832
6174	7839
6175	3498
6176	3498
6176	5415
6176	5545
6177	3498
6177	6934
6178	15
6179	15
6179	2440
6179	4065
6179	5584
6179	6496
6179	6897
6179	7788
6180	15
6180	6907
6180	7478
6196	15
6196	2535
6197	15
6197	4980
6181	15
6182	15
6182	4875
6182	6006
6183	15
6184	15
6184	5822
6185	15
6186	15
6187	15
388	15
6188	15
6198	15
6198	2620
6198	3459
6198	4992
6198	5524
6198	5822
6198	5829
6198	6560
6198	6789
6198	6790
6198	6832
6198	6979
6198	7351
6198	7414
6199	15
6200	15
6200	4037
6200	5178
6200	5262
6200	5484
6200	6246
6201	15
6201	2535
6202	15
6202	4037
6202	8134
6203	15
6204	15
6204	1549
6204	5233
6204	5543
6204	5563
6204	5697
6204	5800
6204	5818
6204	6330
6204	6901
6204	6930
6204	8295
6190	15
6190	5254
6190	6833
6205	15
6206	15
6207	15
6207	2535
6207	4099
6207	4687
6191	15
6192	15
6192	6262
6208	15
6208	5254
6208	6805
6193	15
6212	4435
6212	5545
6212	7835
6213	5545
6213	5824
6213	6229
6214	5545
6215	5545
6216	4099
6216	5626
6216	6458
6216	6481
6216	7624
6217	1352
6217	2620
6217	3291
6217	3792
6217	3842
6217	3919
6217	4065
6217	4099
6217	4709
6217	4712
6217	5210
6217	5254
6217	5273
6217	5584
6217	5626
6217	6156
6217	6327
6217	6388
6217	6441
6217	6458
6217	6496
6217	6498
6217	6552
6217	6566
6217	6594
6217	6599
6217	6600
6217	6665
6217	6720
6217	6725
6217	6783
6218	840
6218	1026
6218	1982
6218	3334
6218	3459
6218	3962
6218	4037
6218	4401
6218	4536
6218	4712
6218	4795
6218	4798
6218	4940
6218	4981
6218	4994
6218	5022
6218	5079
6218	5210
6218	5254
6218	5605
6218	5626
6218	5798
6218	5799
6218	5806
6218	5807
6218	5811
6218	5814
6218	5897
6218	5902
6218	6006
6218	6032
6218	6043
6218	6299
6218	6327
6218	6432
6218	6555
6218	6594
6218	6634
6218	6784
6218	6913
6218	6914
6218	7063
6218	7092
6218	7168
6218	7553
6218	7587
6218	7620
6218	7632
6218	7809
6218	7835
6218	7910
6218	7961
6218	8121
6219	5626
6219	5950
6219	6170
6219	6723
6220	3634
6220	3803
6220	4713
6220	4717
6220	5012
6220	5177
6220	5178
6220	5254
6220	5335
6220	5384
6220	5479
6220	6006
6220	6262
6220	6299
6220	6634
6220	6715
6220	8246
6220	8297
6224	5262
6221	938
6221	3297
6221	3962
6221	4037
6221	4071
6221	4341
6221	5254
6221	5262
6221	5529
6221	5605
6221	5643
6221	5738
6221	5760
6221	5814
6221	5835
6221	6296
6221	6306
6221	6613
6221	6715
6221	6780
6221	7050
6221	7059
6221	7092
6221	7414
6221	7478
6221	7517
6221	7561
6221	7620
6221	7632
6221	7809
6221	7839
6222	5262
6223	2285
6223	2440
6223	2620
6223	4717
6223	4791
6223	5233
6223	5254
6223	5262
6223	5684
6223	6006
6223	6156
6223	6306
6223	6388
6223	6437
6223	6554
6223	6570
6223	6632
6229	840
6229	3238
6229	4037
6229	5012
6229	5543
6229	5714
6229	6227
6229	6330
6229	6566
6229	6714
6229	6784
6229	6833
6229	7092
6229	7301
6229	7478
6229	7544
6229	7649
6229	7946
6229	8212
6227	6229
6227	8212
6230	6229
6230	6407
6228	6229
6232	5263
6232	5804
6232	6218
6236	5415
6239	3873
6239	5760
6239	6218
6239	6306
6239	6432
6240	3873
6241	1026
6241	1403
6241	2565
6241	2851
6241	3238
6241	3291
6241	3634
6241	3873
6241	3962
6241	3969
6241	4341
6241	4507
6241	4632
6241	4983
6241	5002
6241	5178
6241	5289
6241	5393
6241	5465
6241	5563
6241	5671
6241	5760
6241	5806
6241	5814
6241	5822
6241	5872
6241	6097
6241	6123
6241	6299
6241	6417
6241	6424
6241	6442
6241	6496
6241	6505
6241	6555
6241	6665
6241	6715
6241	6784
6241	6790
6241	6832
6241	6860
6241	6976
6241	7021
6241	7052
6241	7059
6241	7092
6241	7116
6241	7237
6241	7277
6241	7280
6241	7362
6241	7381
6241	7400
6241	7414
6241	7443
6241	7497
6241	7561
6241	7590
6241	7593
6241	7604
6241	7620
6241	7632
6241	7651
6241	7662
6241	7694
6241	7695
6241	7763
6241	7819
6241	7855
6241	7908
6241	7961
6241	8042
6241	8051
6241	8212
6241	8219
6242	3873
6242	5524
6242	6251
6242	6892
6242	6930
6244	6246
6245	2565
6245	5465
6245	5487
6245	6023
6245	6246
6245	7116
6245	7587
6245	7632
6243	2160
6243	3752
6243	4483
6243	4604
6243	4712
6243	5002
6243	5079
6243	5254
6243	5484
6243	5739
6243	5800
6243	5829
6243	5839
6243	5871
6243	5872
6243	5902
6243	5998
6243	6000
6243	6123
6243	6246
6243	6414
6243	6501
6243	6606
6243	6628
6243	6634
6243	6665
6243	6700
6243	6774
6243	6832
6243	7092
6243	7414
6243	7632
6243	7699
6243	7809
6243	8297
6247	5178
6248	1972
6248	3634
6248	4536
6248	4717
6248	5178
6248	5233
6248	5335
6248	6337
6248	6554
6248	6570
6252	6255
6252	7813
6253	6255
6254	6255
6258	6259
6262	5200
6263	5335
6263	5423
6263	6023
6263	6262
6264	6262
6265	6262
6266	6267
6270	1982
6270	2851
6270	2914
6270	3291
6270	3334
6270	3346
6270	3459
6270	3634
6270	3803
6270	3885
6270	4009
6270	4037
6270	4099
6270	4134
6270	4218
6270	4361
6270	4507
6270	4687
6270	4944
6270	5012
6270	5233
6270	5288
6270	5524
6270	5543
6270	5563
6270	5697
6270	5714
6270	5739
6270	5773
6270	5799
6270	5800
6270	5811
6270	5814
6270	5829
6270	5932
6270	5980
6270	6001
6270	6006
6270	6097
6270	6123
6270	6198
6270	6272
6270	6299
6270	6305
6270	6327
6270	6328
6270	6417
6270	6424
6270	6441
6270	6462
6270	6464
6270	6474
6270	6496
6270	6503
6270	6505
6270	6560
6270	6596
6270	6714
6270	6736
6270	6765
6270	6770
6270	6772
6270	6789
6270	6832
6270	6869
6270	6873
6270	6901
6270	6913
6270	6930
6270	6942
6270	6946
6270	6953
6270	6955
6270	6979
6270	6994
6270	7161
6270	7185
6270	7257
6270	7304
6270	7319
6270	7323
6270	7341
6270	7351
6270	7381
6270	7397
6270	7414
6270	7442
6270	8295
6271	2440
6271	4715
6271	5188
6271	5200
6271	5799
6271	6505
6271	6571
6271	6634
6271	6809
6271	6813
6271	8295
6272	1403
6272	1549
6272	1823
6272	1982
6272	2160
6272	2440
6272	2620
6272	3334
6272	3459
6272	3634
6272	4099
6272	4361
6272	4536
6272	4666
6272	4717
6272	4940
6272	4944
6272	5020
6272	5079
6272	5188
6272	5210
6272	5233
6272	5254
6272	5543
6272	5596
6272	5697
6272	5739
6272	5800
6272	5806
6272	5811
6272	5819
6272	5822
6272	5827
6272	5839
6272	5871
6272	5902
6272	5933
6272	6000
6272	6043
6272	6047
6272	6097
6272	6123
6272	6305
6272	6501
6272	6523
6272	6554
6272	6606
6272	6634
6272	6665
6272	6714
6272	6736
6272	6774
6272	6832
6272	6914
6272	6946
6272	6955
6272	6976
6272	6979
6272	7052
6272	7092
6272	7279
6272	7414
6272	7478
6272	7510
6272	7553
6272	7620
6272	7632
6272	7662
6272	7699
6272	7839
6272	7882
6272	7908
6272	7924
6272	8051
6272	8073
6272	8295
6273	8295
6274	1026
6274	3459
6274	6032
6274	6044
6274	7649
6274	7788
6274	7835
6274	7992
6274	8295
6275	8295
6276	8295
6282	5335
6280	938
6280	1403
6280	2565
6280	2851
6280	2940
6280	3334
6280	3726
6280	3885
6280	4361
6280	4884
6280	5028
6280	5199
6280	5233
6280	5289
6280	5335
6280	5404
6280	5760
6280	5773
6280	5800
6280	5806
6280	5897
6280	5902
6280	6123
6280	6299
6280	6442
6280	6503
6280	6736
6280	6789
6280	6832
6280	6946
6280	7054
6280	7088
6280	7116
6280	7131
6280	7279
6280	7295
6280	7351
6280	7362
6280	7373
6280	7378
6280	7381
6280	7414
6280	7442
6280	7450
6280	7478
6280	7497
6280	7512
6280	7529
6280	7587
6280	7618
6280	7620
6280	7632
6281	5335
6286	2535
6286	4483
6286	5423
6287	5423
6288	5423
6291	6296
6292	6296
6293	6296
6294	6296
6297	6296
6295	2565
6295	5814
6295	6296
6299	840
6299	1026
6299	1493
6299	2160
6299	2535
6299	2565
6299	2774
6299	3238
6299	3334
6299	4361
6299	4536
6299	4713
6299	4798
6299	5020
6299	5199
6299	5421
6299	5524
6299	5582
6299	5596
6299	5697
6299	5760
6299	5773
6299	5776
6299	5802
6299	5804
6299	5806
6299	5814
6299	5829
6299	5897
6299	6006
6299	6097
6299	6170
6299	6198
6299	6218
6299	6270
6299	6305
6299	6306
6299	6330
6299	6334
6299	6337
6299	6400
6299	6414
6299	6417
6299	6496
6299	6505
6299	6523
6299	6555
6299	6596
6299	6624
6299	6634
6299	6665
6299	6714
6299	6715
6299	6720
6299	6736
6299	6739
6299	6755
6299	6783
6299	6784
6299	6788
6299	6789
6299	6832
6299	6833
6299	6901
6299	6907
6299	6934
6299	6953
6299	6979
6299	7185
6299	7295
6299	7351
6299	7359
6299	7553
6299	7587
6299	7620
6299	7632
6299	7688
6299	8297
6301	6302
6304	6306
6305	840
6305	1493
6305	1549
6305	1972
6305	1982
6305	2160
6305	2285
6305	2433
6305	2440
6305	2511
6305	2620
6305	2785
6305	2851
6305	2914
6305	3084
6305	3291
6305	3297
6305	3310
6305	3459
6305	3479
6305	3631
6305	3634
6305	3770
6305	3803
6305	3842
6305	3885
6305	3919
6305	4037
6305	4099
6305	4361
6305	4412
6305	4441
6305	4507
6305	4687
6305	4709
6305	4712
6305	4713
6305	4717
6305	4764
6305	4786
6305	4795
6305	4994
6305	5002
6305	5022
6305	5037
6305	5079
6305	5140
6305	5179
6305	5188
6305	5199
6305	5210
6305	5233
6305	5246
6305	5254
6305	5273
6305	5288
6305	5321
6305	5404
6305	5479
6305	5524
6305	5543
6305	5563
6305	5584
6305	5596
6305	5605
6305	5614
6305	5697
6305	5714
6305	5738
6305	5739
6305	5760
6305	5773
6305	5799
6305	5801
6305	5814
6305	5824
6305	5827
6305	5829
6305	5887
6305	5922
6305	5933
6305	5950
6305	5980
6305	5998
6305	6004
6305	6006
6305	6032
6305	6044
6305	6047
6305	6156
6305	6170
6305	6218
6305	6221
6305	6227
6305	6299
6305	6306
6305	6311
6305	6323
6305	6327
6305	6330
6305	6347
6305	6388
6305	6414
6305	6417
6305	6424
6305	6441
6305	6458
6305	6462
6305	6474
6305	6481
6305	6498
6305	6503
6305	6505
6305	6511
6305	6523
6305	6528
6305	6529
6305	6532
6305	6543
6305	6552
6305	6553
6305	6560
6305	6566
6305	6589
6305	6590
6305	6594
6305	6595
6305	6599
6305	6613
6305	6624
6305	6632
6305	6634
6305	6665
6305	6699
6305	6700
6305	6714
6305	6715
6305	6720
6305	6725
6305	6759
6305	6770
6305	6777
6305	6780
6305	6783
6305	6784
6305	6789
6305	6790
6305	6803
6305	6850
6305	6855
6305	6860
6305	6875
6305	6918
6305	6930
6305	6934
6305	6979
6305	6994
6305	7073
6305	7108
6305	7144
6305	7233
6305	7277
6305	7279
6305	7295
6305	7301
6305	7373
6305	7378
6305	7491
6305	7517
6305	7544
6305	7553
6305	7620
6305	7778
6305	7795
6305	7810
6305	7860
6305	7874
6305	7913
6305	7928
6305	7965
6305	8037
6305	8043
6305	8044
6305	8128
6305	8134
6305	8139
6305	8141
6305	8149
6305	8219
6305	8297
6311	7047
6312	4798
6312	5233
6312	6334
6313	5233
6313	6004
6314	1823
6314	2620
6314	4791
6314	5210
6314	5233
6314	6156
6314	6501
6314	6663
6314	6765
6314	8002
6315	5233
6319	4791
6319	5233
6320	3291
6320	3969
6320	4715
6320	5079
6320	5563
6320	5804
6320	6006
6320	6321
6320	6388
6320	6414
6320	6505
6320	6530
6320	6809
6320	6869
6320	6873
6320	7092
6320	7214
6320	7225
6320	7237
6320	7646
6320	7809
6320	7979
6320	8168
6323	1972
6323	2851
6323	3291
6323	3334
6323	3459
6323	4134
6323	4483
6323	4764
6323	5200
6323	5233
6323	5254
6323	5432
6323	5524
6323	5543
6323	5563
6323	5596
6323	5614
6323	5697
6323	5739
6323	5800
6323	5811
6323	5829
6323	5902
6323	6327
6323	6417
6323	6481
6323	6505
6323	6528
6323	6555
6323	6783
6323	6784
6323	6789
6323	6832
6323	6869
6323	6930
6323	6976
6323	6979
6323	7378
6323	7381
6323	7414
6323	7510
6323	7553
6323	7620
6323	7839
6132	5200
6132	6950
6317	2774
6317	3479
6317	4980
6317	5200
6317	6432
6324	2774
6324	3614
6324	4712
6324	4798
6324	5200
6324	5584
6325	4483
6325	5200
6325	5254
6325	6595
6325	6979
6326	4483
6326	5200
6334	3792
6334	5233
6334	6006
6334	6330
6330	6334
6331	6156
6331	6334
6331	8134
6332	6334
6333	6334
6333	7965
6339	6218
6339	6328
6339	6340
6344	1352
6344	5827
6346	1549
6346	2774
6346	3792
6346	3919
6346	4604
6346	5002
6346	5295
6346	5596
6346	6004
6346	6554
6346	6560
6346	6624
6346	6739
6346	6777
6346	6789
6346	6869
6346	7052
6347	2774
6347	4709
6347	5289
6347	5773
6347	6006
6347	6496
6347	7862
6347	7912
6347	7979
6347	8174
6347	8192
6348	2774
6349	2774
6350	2774
4406	2535
5995	2535
5995	4687
6355	2535
6356	2535
6356	5714
6359	1352
6359	1549
6359	2433
6359	3726
6359	3792
6359	3830
6359	4037
6359	4065
6359	4488
6359	4536
6359	4604
6359	4712
6359	4713
6359	4715
6359	4764
6359	4791
6359	4980
6359	5002
6359	5037
6359	5079
6359	5188
6359	5199
6359	5254
6359	5295
6359	5524
6359	5563
6359	5596
6359	5697
6359	5714
6359	5739
6359	5802
6359	5814
6359	5822
6359	5827
6359	5829
6359	5871
6359	6001
6359	6097
6359	6170
6359	6221
6359	6227
6359	6272
6359	6299
6359	6327
6359	6347
6359	6388
6359	6491
6359	6496
6359	6501
6359	6503
6359	6555
6359	6560
6359	6600
6359	6624
6359	6634
6359	6665
6359	6699
6359	6720
6359	6739
6359	6765
6359	6772
6359	6774
6359	6784
6359	6832
6359	6840
6359	6855
6359	6860
6359	6869
6359	6873
6359	6901
6359	6913
6359	6930
6359	6934
6359	6976
6359	7073
6359	7108
6359	7214
6359	7246
6359	7257
6359	7961
6359	8297
6360	840
6360	3346
6360	3479
6360	3614
6360	3809
6360	4037
6360	4687
6360	4715
6360	4798
6360	4980
6360	5012
6360	5384
6360	5484
6360	5798
6360	5804
6360	5922
6360	6218
6360	6327
6360	6337
6360	6388
6360	6414
6360	6417
6360	6560
6360	6736
6360	6994
6360	7054
6360	7073
6360	7074
6360	7108
6360	7119
6360	7143
6360	7144
6360	7214
6360	7323
6360	7442
6298	4798
6298	5254
6298	5709
6298	6328
6298	6400
6298	6409
6298	7632
6366	6328
6351	6218
6371	6218
6374	5804
6375	5804
6377	3459
6377	4713
6377	4764
6377	5288
6377	5321
6377	5596
6377	5798
6377	5829
6377	5871
6377	6347
6377	6388
6377	6665
6377	6770
6377	6783
6377	6833
6377	6850
6377	6855
6378	5798
6378	6739
6379	4798
6380	2223
6380	4401
6380	4798
6380	6897
6381	2433
6381	4798
6381	6850
6327	840
6327	1403
6327	1823
6327	1982
6327	2285
6327	2620
6327	2785
6327	2851
6327	3346
6327	3459
6327	3631
6327	3726
6327	3792
6327	3803
6327	3809
6327	4037
6327	4441
6327	4536
6327	4689
6327	4712
6327	4713
6327	4786
6327	4798
6327	4944
6327	5002
6327	5012
6327	5188
6327	5199
6327	5210
6327	5254
6327	5288
6327	5295
6327	5384
6327	5404
6327	5479
6327	5484
6327	5582
6327	5697
6327	5714
6327	5772
6327	5773
6327	5776
6327	5800
6327	5807
6327	5814
6327	5818
6327	5822
6327	5824
6327	5827
6327	5829
6327	5922
6327	5932
6327	5998
6327	6001
6327	6006
6327	6097
6327	6270
6327	6299
6327	6323
6327	6347
6327	6388
6327	6414
6327	6432
6327	6437
6327	6462
6327	6501
6327	6503
6327	6560
6327	6595
6327	6624
6327	6634
6327	6665
6327	6670
6327	6715
6327	6720
6327	6724
6327	6736
6327	6765
6327	6783
6327	6784
6327	6805
6327	6832
6327	6833
6327	6869
6327	6873
6327	6901
6327	6913
6327	6917
6327	6976
6327	6979
6327	6994
6327	7040
6327	7074
6327	7094
6327	7101
6327	7108
6327	7115
6327	7119
6327	7143
6327	7144
6327	7168
6327	7214
6327	7215
6327	7246
6327	7295
6327	7319
6327	7323
6327	8297
6383	967
6383	4483
6383	7855
6387	6388
5965	4037
5965	5254
5965	6337
6389	6337
6391	6400
6392	6400
6393	6400
6394	1972
6394	3634
6394	4994
6394	6006
6394	6400
6394	6529
6394	6571
6394	6634
6399	6400
6395	6400
6396	6400
6397	6400
6398	4507
6398	4709
6398	5002
6398	5714
6398	5814
6398	5871
6398	6270
6398	6400
6398	6555
6398	6770
6398	6774
6398	6833
6398	6850
6398	6869
6398	6892
6398	6955
6398	7040
6398	7185
6398	7225
6398	7243
6398	7254
6398	7553
6398	7620
6398	7763
6398	8073
6398	8224
6398	8235
6398	8249
6398	8297
6406	6407
6406	6770
6408	6409
6408	7144
6408	7149
6410	4687
6411	4687
6412	4687
6413	4687
6414	2565
6414	4037
6414	5022
6414	5582
6414	6560
6414	6567
6414	6571
6414	6634
6414	6913
6414	6914
6414	6918
6414	7021
6414	7116
6414	7553
6414	7574
6414	7587
6414	7620
6414	7632
6414	7839
6414	7874
6414	8178
6415	2620
6415	6417
6415	7054
6415	7510
6416	6327
6416	6417
6422	4712
6422	5020
6422	5697
6422	5822
6422	6560
6422	6634
6422	6762
6422	6770
6422	6983
6422	7063
6422	7809
6421	1982
6421	3084
6421	3919
6421	5210
6421	5295
6421	5543
6421	5697
6421	5807
6421	5829
6421	5839
6421	5922
6421	6001
6421	6388
6421	6422
6421	6523
6421	6634
6421	6670
6421	6805
6421	6934
6421	6993
6421	7393
6421	7701
6421	7928
6423	5738
6424	5738
6424	6481
6426	6427
6429	5439
6428	1972
6428	5439
6428	6498
6430	6432
6431	6432
6436	6004
6436	6437
6436	6803
6439	6441
6440	4099
6440	5254
6440	6441
6442	3238
6442	6006
6442	7567
6442	7620
6443	1026
6443	2160
6443	2433
6443	2565
6443	2620
6443	2785
6443	2851
6443	3084
6443	3238
6443	3310
6443	3334
6443	3459
6443	4037
6443	4071
6443	4099
6443	4134
6443	4361
6443	5002
6443	5020
6443	5022
6443	5210
6443	5233
6443	5254
6443	5321
6443	5697
6443	5800
6443	5902
6443	5932
6443	6006
6443	6151
6443	6156
6443	6270
6443	6299
6443	6320
6443	6388
6443	6523
6443	6560
6443	6600
6443	6634
6443	6789
6443	6832
6443	6855
6443	6913
6443	6914
6443	6918
6443	7050
6443	7054
6443	7108
6443	7115
6443	7131
6443	7168
6443	7214
6443	7238
6443	7301
6443	7510
6443	7517
6443	7553
6443	7587
6443	7620
6443	7632
6443	7646
6443	7699
6443	7788
6443	7795
6443	7833
6443	7890
6443	7924
6443	8134
6443	8141
6443	8224
6444	6006
6448	6006
6445	4037
6445	5933
6445	6006
6445	6914
6445	7855
6445	7912
6445	7927
850	1026
850	6006
850	7400
850	7632
6446	6006
6447	1352
6447	4099
6447	4712
6447	5824
6447	6006
6447	6170
6447	6474
6447	6481
6447	6498
6447	6501
6447	6554
6447	6594
6458	1352
6458	2160
6458	4037
6458	4099
6458	4488
6458	4709
6458	5028
6458	5273
6458	5543
6458	5760
6458	5818
6458	6000
6458	6004
6458	6330
6458	6600
6458	6606
6458	6613
6458	6670
6458	6869
6458	6907
6458	6930
6458	7073
6458	7108
6458	7115
6458	7225
6458	7386
6458	7855
6458	8163
6450	6458
6451	6458
6452	6458
6452	8297
6453	6458
6454	6458
6455	6458
6456	5714
6456	6458
6456	6930
6457	6458
6457	8141
6459	6458
6459	7108
6461	155
6461	967
6461	2565
6461	4361
6461	6327
6461	6715
6462	1972
6462	6327
6462	6511
6466	6424
6467	1352
6467	2620
6467	4712
6467	4717
6467	4994
6467	5254
6467	6156
6467	6424
6468	6424
6469	2620
6469	6424
6470	6472
6471	1982
6471	6472
6471	6511
6471	6790
6471	7040
6474	7649
6477	4099
6479	2620
6479	3459
6479	3634
6479	4037
6479	4099
6479	5254
6479	5273
6479	5714
6479	6000
6479	6004
6479	6552
6479	6566
6479	6595
6478	4099
6480	6481
6483	2160
6483	2620
6483	3291
6483	4441
6483	4791
6483	5002
6483	5254
6483	5827
6483	5950
6483	6156
6483	6299
6483	6496
6483	6560
6483	6595
6483	6599
6483	6606
6483	6621
6483	6628
6483	6632
6483	6661
6483	6668
6483	6707
6483	6720
6483	6721
6483	6723
6483	6755
6483	6789
6483	8297
6484	2851
6484	3238
6484	5822
6484	5998
6484	6496
6484	7021
6484	7092
6484	7890
6484	8174
6484	8192
6485	6496
6486	840
6486	1403
6486	2511
6486	2851
6486	2940
6486	3726
6486	3919
6486	4218
6486	4791
6486	4879
6486	4944
6486	4966
6486	4992
6486	5002
6486	5233
6486	5254
6486	5273
6486	5289
6486	5393
6486	5404
6486	5432
6486	5524
6486	5582
6486	5596
6486	5739
6486	5773
6486	5800
6486	5806
6486	5811
6486	5814
6486	5872
6486	5998
6486	6000
6486	6097
6486	6123
6486	6323
6486	6327
6486	6496
6486	6503
6486	6555
6486	6560
6486	6600
6486	6606
6486	6624
6486	6634
6486	6665
6486	6715
6486	6725
6486	6736
6486	6765
6486	6774
6486	6784
6486	6832
6486	6873
6486	6907
6486	6913
6486	6976
6486	6994
6486	7023
6486	7108
6486	7143
6486	7162
6486	7185
6486	7214
6486	7237
6486	7246
6486	7301
6486	7304
6486	7306
6486	7315
6486	7365
6486	7381
6486	7386
6486	7391
6486	7400
6486	7414
6486	7436
6486	7439
6486	7491
6486	7529
6486	7553
6486	7587
6486	7588
6486	7620
6486	7632
6487	5037
6487	5802
6487	6496
6487	6755
6488	2160
6488	2620
6488	3459
6488	3634
6488	4713
6488	4717
6488	5210
6488	5254
6488	5524
6488	5739
6488	5800
6488	5871
6488	6170
6488	6327
6488	6496
6488	6560
6488	6628
6488	6634
6488	6770
6488	6869
6488	6873
6488	6982
6489	6330
6489	6496
6490	6496
6490	6790
6491	5002
6491	5802
6491	5824
6491	6496
6492	5802
6492	6496
6493	6496
6494	1549
6494	2160
6494	2940
6494	3084
6494	3238
6494	3381
6494	3459
6494	3631
6494	3752
6494	3792
6494	4065
6494	4071
6494	4709
6494	4875
6494	4884
6494	4940
6494	4983
6494	5002
6494	5022
6494	5028
6494	5079
6494	5179
6494	5233
6494	5254
6494	5393
6494	5524
6494	5529
6494	5543
6494	5596
6494	5714
6494	5760
6494	5799
6494	5800
6494	5806
6494	5811
6494	5814
6494	5897
6494	5922
6494	6004
6494	6032
6494	6305
6494	6320
6494	6330
6494	6496
6494	6523
6494	6555
6494	6596
6494	6759
6494	6765
6494	6790
6494	6832
6494	6833
6494	6860
6494	6873
6494	6892
6494	6897
6494	6914
6494	6920
6494	6933
6494	6938
6494	6946
6494	6955
6494	6979
6494	6982
6494	6993
6494	7023
6494	7047
6494	7052
6494	7054
6494	7059
6494	7092
6494	7101
6494	7115
6494	7279
6494	7280
6494	7301
6494	7319
6494	7351
6494	7362
6494	7373
6494	7386
6494	7400
6494	7414
6494	7443
6494	7618
6494	7620
6494	7624
6494	7642
6494	7653
6494	7688
6494	7695
6494	7763
6494	7799
6494	7833
6494	7871
6494	7890
6494	7979
6494	7996
6494	8019
6494	8025
6494	8174
6495	6496
6495	7316
6497	6498
6500	2160
6500	3792
6500	5714
6500	5799
6500	6004
6500	6566
6500	6930
6500	7301
6501	3334
6501	3459
6501	3842
6501	4507
6501	5079
6501	5210
6501	5254
6501	5321
6501	5543
6501	5739
6501	5799
6501	5827
6501	6004
6501	6599
6501	6803
6501	6897
6501	6918
6502	3238
6502	4981
6502	5022
6502	5799
6502	6044
6502	6914
6502	7115
6502	7624
6502	7879
6502	7961
6502	8134
6502	8174
6503	3634
6503	5799
6503	6221
6503	6554
6504	1972
6504	4604
6504	4994
6504	5479
6504	5827
6504	6505
6504	6600
6506	5140
6507	5140
6508	5140
6509	5140
6510	1823
6510	2160
6510	3084
6510	3293
6510	3297
6510	3346
6510	3459
6510	4709
6510	4713
6510	4875
6510	4994
6510	5002
6510	5020
6510	5022
6510	5179
6510	5254
6510	5384
6510	5465
6510	5800
6510	6000
6510	6347
6510	6388
6510	6511
6510	6523
6510	6560
6510	6566
6510	6599
6510	6665
6510	6720
6510	6725
6510	6736
6510	6765
6510	6789
6510	6803
6510	6809
6510	6832
6510	6833
6510	6850
6510	6913
6510	6934
6510	6946
6510	7052
6510	7351
6510	7442
6510	7544
6510	7553
6510	7587
6510	7620
6510	7647
6510	7694
6510	7707
6510	7795
6510	7835
6510	8134
6513	4994
6514	4994
6515	4994
6516	5479
6517	1972
6517	4713
6518	1403
6518	2589
6518	2851
6518	3459
6518	3631
6518	3885
6518	4748
6518	4875
6518	4884
6518	5002
6518	5199
6518	5814
6518	5872
6518	5922
6518	5998
6518	6032
6518	6097
6518	6327
6518	6442
6518	6634
6518	6665
6518	6784
6518	6832
6518	6976
6518	6980
6518	6994
6518	7021
6518	7052
6518	7092
6518	7277
6518	7279
6518	7422
6518	7553
6519	2433
6520	2433
6520	7280
6521	2433
6522	1493
6522	2160
6522	2433
6522	4488
6522	4536
6522	4713
6522	4764
6522	5254
6522	5321
6522	5596
6522	5829
6522	5871
6522	6004
6522	6323
6522	6347
6522	6388
6522	6560
6522	6770
6522	6777
6522	6783
6522	6789
6522	6803
6522	6809
6522	6813
6522	6833
6522	6840
6522	6855
6522	6869
6522	6873
6523	1549
6523	2433
6523	3084
6523	3334
6523	3459
6523	3962
6523	4037
6523	4507
6523	4536
6523	5079
6523	5148
6523	5524
6523	5543
6523	5655
6523	5697
6523	5714
6523	5800
6523	5839
6523	5902
6523	5932
6523	6305
6523	6330
6523	6555
6523	6634
6523	6774
6523	6832
6523	6934
6523	6948
6523	6976
6523	7115
6523	7414
6523	7620
6523	7839
6524	2433
6524	5807
6524	6914
6524	7063
6524	7478
6524	7910
6524	7992
6524	8178
6525	840
6525	2433
6525	2565
6525	4536
6525	4713
6525	5543
6525	5811
6525	5829
6525	6004
6525	6414
6525	6613
6525	6634
6525	6790
6525	6803
6525	6979
6525	7119
6525	8297
6526	2160
6526	2433
6526	5321
6526	5829
6526	5871
6526	6004
6526	6323
6526	6770
6526	6783
6526	6805
6526	6840
6527	6528
6460	967
6460	1498
6460	2440
6460	2620
6460	3291
6460	3334
6460	3962
6460	4689
6460	4717
6460	4875
6460	4966
6460	4981
6460	5020
6460	5079
6460	5179
6460	5188
6460	5643
6460	5800
6460	5819
6460	5839
6460	5950
6460	6032
6460	6529
6460	6553
6460	6554
6460	6555
6460	6560
6460	6567
6460	6596
6460	6699
6460	6759
6460	6946
6460	6993
6460	7021
6460	7092
6460	7277
6460	7386
6460	7414
6460	7442
6460	7491
6460	7497
6460	7498
6460	7701
6460	7765
6460	7799
6460	7803
6460	7809
6460	7835
6460	7857
6460	7910
6460	7912
6460	7921
6460	7924
6460	7952
6460	7994
6460	7996
6460	8019
6460	8042
6533	4791
6534	4791
6537	1823
6537	4791
6537	6567
6537	6599
6537	6606
6535	4791
6538	2285
6538	3459
6538	4791
6538	5179
6538	5563
6538	5902
6538	6004
6538	6388
6538	6665
6538	6769
6538	6789
6538	6850
6538	6918
6538	7116
6538	7529
6538	7620
6538	7632
6538	7819
6538	8132
6538	8141
6538	8148
6539	4791
6536	4791
6536	7879
6541	4507
6542	4507
6544	3634
6545	3634
6545	4709
6545	6156
6545	6595
6545	6663
6546	3634
6546	4709
6547	3634
6548	2940
6548	3634
6548	3842
6548	4071
6548	6442
6548	7092
6548	7381
6548	7544
6548	7553
6548	7788
6550	1498
6550	4401
6550	5079
6550	5812
6550	6553
6550	7238
6550	7553
6550	7927
6550	8249
6555	2589
6555	2785
6555	2851
6555	3381
6555	3459
6555	4361
6555	4632
6555	5002
6555	5079
6555	5199
6555	5760
6555	5811
6555	5814
6555	6004
6555	6299
6555	6523
6555	6554
6555	6560
6555	6566
6555	6699
6555	6772
6555	6832
6555	7092
6555	7146
6555	7214
6555	7225
6555	7243
6555	7351
6555	7414
6555	7434
6555	7553
6555	7632
6555	7651
6555	7726
6555	7809
5273	3334
5273	3459
5273	4536
5273	4717
5273	4764
5273	5079
5273	5254
5273	5295
5273	5596
5273	7021
5273	7632
5273	7839
6560	840
6560	3084
6560	3459
6560	4401
6560	4435
6560	4713
6560	4717
6560	5079
6560	5199
6560	5233
6560	5404
6560	5776
6560	5800
6560	5811
6560	5818
6560	5839
6560	5932
6560	6123
6560	6198
6560	6327
6560	6523
6560	6596
6560	6736
6560	6770
6560	6789
6560	6832
6560	6913
6560	6946
6560	6976
6560	6980
6560	6994
6560	7092
6560	7214
6560	7381
6560	7386
6560	7414
6560	7553
6560	7632
6560	7701
6560	7757
6560	7813
6560	7833
6560	8192
6561	967
6561	4604
6561	4717
6565	6566
6123	3334
6123	3459
6123	4488
6123	5524
6123	5563
6123	5697
6123	5760
6123	5822
6123	5871
6123	5902
6123	6568
6123	6774
6123	6784
6123	6832
6123	7185
6123	7204
6123	7254
6123	7381
6123	7414
6123	7439
6123	7497
6123	7498
6123	7624
6123	7632
6570	5872
6570	7301
6570	7795
6570	7908
6572	4689
6573	4689
6574	6576
6575	6576
6563	1493
6563	1982
6563	2440
6563	2565
6563	3803
6563	3962
6563	4037
6563	4361
6563	4536
6563	4875
6563	4981
6563	5002
6563	5079
6563	5254
6563	5421
6563	5465
6563	5714
6563	5739
6563	5745
6563	5773
6563	5814
6563	5897
6563	5902
6563	6097
6563	6123
6563	6299
6563	6305
6563	6327
6563	6414
6563	6634
6563	6832
6563	6860
6563	6873
6563	6907
6563	6934
6563	6946
6563	6979
6563	6982
6563	6994
6563	7052
6563	7054
6563	7108
6563	7144
6563	7214
6563	7233
6563	7279
6563	7378
6563	7436
6563	7618
6563	7620
6563	7646
6563	7651
6563	7757
6563	7778
6563	7809
6563	7839
6563	7840
6563	7927
6577	2160
6577	2440
6577	4134
6577	5254
6577	5524
6577	6227
6577	6699
6577	6897
6577	6934
6577	8297
6578	2285
6579	2285
6580	2285
6586	2285
6581	2285
6582	2285
6583	2285
6587	2285
6584	2285
6588	2285
6585	2285
6592	6323
6552	1026
6552	3334
6552	3459
6552	4071
6552	4944
6552	5002
6552	5022
6552	5079
6552	5254
6552	5295
6552	5839
6552	5998
6552	6221
6552	6243
6552	6327
6552	6523
6552	6594
6552	6832
6552	6979
6552	7050
6552	7052
6552	7168
6552	7323
6552	7414
6552	7620
6552	7632
6552	7699
6552	7809
6552	8121
6595	1026
6595	4712
6595	5020
6595	5295
6595	5596
6595	6594
6595	6715
6595	6832
6595	6948
6595	7279
6595	7414
6595	7632
6596	967
6596	1191
6596	1498
6596	1865
6596	1982
6596	2223
6596	2565
6596	2658
6596	3238
6596	3293
6596	3297
6596	3310
6596	3334
6596	3381
6596	3752
6596	3962
6596	4037
6596	4071
6596	4401
6596	4432
6596	4435
6596	4507
6596	4604
6596	4712
6596	4884
6596	4940
6596	4981
6596	4983
6596	5002
6596	5028
6596	5064
6596	5079
6596	5096
6596	5148
6596	5179
6596	5199
6596	5246
6596	5378
6596	5421
6596	5465
6596	5466
6596	5529
6596	5596
6596	5605
6596	5643
6596	5671
6596	5738
6596	5812
6596	5839
6596	5871
6596	5933
6596	5969
6596	6032
6596	6151
6596	6174
6596	6241
6596	6299
6596	6320
6596	6422
6596	6503
6596	6523
6596	6555
6596	6560
6596	6618
6596	6634
6596	6712
6596	6759
6596	6774
6596	6783
6596	6789
6596	6875
6596	6913
6596	6914
6596	6918
6596	6934
6596	6946
6596	6980
6596	6993
6596	7005
6596	7012
6596	7021
6596	7047
6596	7059
6596	7063
6596	7092
6596	7094
6596	7116
6596	7120
6596	7225
6596	7233
6596	7238
6596	7277
6596	7280
6596	7341
6596	7351
6596	7386
6596	7389
6596	7391
6596	7397
6596	7443
6596	7544
6596	7553
6596	7574
6596	7587
6596	7618
6596	7620
6596	7624
6596	7632
6596	7646
6596	7647
6596	7648
6596	7649
6596	7651
6596	7652
6596	7662
6596	7668
6596	7683
6596	7688
6596	7694
6596	7695
6596	7699
6596	7707
6596	7726
6596	7730
6596	7757
6596	7763
6596	7778
6596	7788
6596	7791
6596	7795
6596	7803
6596	7809
6596	7810
6596	7833
6596	7835
6596	7839
6596	7855
6596	7862
6596	7871
6596	7879
6596	7882
6596	7890
6596	7908
6596	7910
6596	7912
6596	7913
6596	7921
6596	7924
6596	7946
6596	7952
6596	7961
6596	7965
6596	7979
6596	8002
6596	8050
6596	8051
6596	8073
6596	8083
6596	8090
6596	8121
6596	8122
6596	8124
6596	8128
6596	8130
6596	8163
6596	8168
6596	8169
6596	8174
6596	8178
6596	8186
6596	8192
6596	8198
6596	8209
6596	8212
6596	8219
6596	8237
6596	8249
6598	1403
6598	5002
6598	5543
6598	5902
6598	6599
6598	7855
6601	6600
6602	6600
6603	6600
6604	6600
6605	1352
6605	2620
6605	4712
6605	5210
6605	5950
6605	6156
6605	6501
6605	6600
6605	6632
6605	6634
6607	1352
6607	4712
6607	5827
6607	6047
6608	2160
6608	3830
6608	4065
6608	4441
6608	4709
6608	5188
6608	5254
6608	5818
6608	5824
6608	5827
6608	5829
6608	5871
6608	5950
6608	6323
6608	6665
6608	6707
6608	6770
6608	6778
6612	5012
6612	6305
6612	6330
6612	6765
6612	6938
6612	6953
6612	7115
6618	840
6618	2565
6618	2785
6618	3293
6618	3297
6618	3803
6618	4037
6618	4666
6618	4934
6618	4940
6618	4944
6618	4992
6618	5002
6618	5012
6618	5022
6618	5179
6618	5210
6618	5233
6618	5246
6618	5432
6618	5465
6618	5524
6618	5543
6618	5697
6618	5773
6618	5776
6618	5800
6618	5806
6618	5807
6618	5812
6618	5814
6618	5822
6618	5932
6618	5998
6618	6000
6618	6001
6618	6097
6618	6123
6618	6270
6618	6272
6618	6305
6618	6320
6618	6327
6618	6634
6618	6765
6618	6780
6618	6784
6618	6832
6618	6860
6618	6913
6618	6924
6618	6946
6618	6955
6618	6994
6618	7040
6618	7073
6618	7094
6618	7101
6618	7115
6618	7116
6618	7119
6618	7131
6618	7144
6618	7161
6618	7238
6618	7243
6618	7262
6618	7279
6618	7280
6618	7306
6618	7318
6618	7381
6618	7389
6618	7414
6618	7490
6618	7529
6618	7533
6618	7553
6618	7561
6618	7604
6618	7620
6618	7632
6618	7683
6618	7765
6618	7810
6618	7833
6618	7961
6618	8121
6618	8130
6618	8169
6618	8276
6619	155
6619	1403
6619	2511
6619	2589
6619	2851
6619	2940
6619	3334
6619	3346
6619	3726
6619	4218
6619	4361
6619	4536
6619	4666
6619	4944
6619	5002
6619	5012
6619	5020
6619	5233
6619	5298
6619	5404
6619	5421
6619	5432
6619	5465
6619	5524
6619	5760
6619	5773
6619	5800
6619	5806
6619	5811
6619	5814
6619	5822
6619	5872
6619	5897
6619	5932
6619	5969
6619	5998
6619	6097
6619	6123
6619	6227
6619	6243
6619	6272
6619	6299
6619	6305
6619	6327
6619	6330
6619	6417
6619	6442
6619	6555
6619	6596
6619	6634
6619	6765
6619	6774
6619	6784
6619	6789
6619	6832
6619	6855
6619	6897
6619	6913
6619	6930
6619	6934
6619	6946
6619	6955
6619	6976
6619	7092
6619	7101
6619	7108
6619	7115
6619	7116
6619	7144
6619	7162
6619	7185
6619	7186
6619	7214
6619	7237
6619	7279
6619	7295
6619	7306
6619	7315
6619	7323
6619	7341
6619	7362
6619	7373
6619	7381
6619	7386
6619	7387
6619	7397
6619	7400
6619	7414
6619	7423
6619	7436
6619	7439
6619	7440
6619	7508
6619	7510
6619	7529
6619	7553
6619	7593
6619	7624
6619	7632
6619	7642
6619	7648
6619	7651
6619	7658
6619	7662
6613	3809
6613	4037
6613	4666
6613	5384
6613	6305
6613	6414
6613	6948
6613	7587
6613	7620
6614	4037
6614	6305
6615	1403
6615	1549
6615	1865
6615	1982
6615	2160
6615	2511
6615	2565
6615	2785
6615	2851
6615	2940
6615	3310
6615	3334
6615	3346
6615	3381
6615	3459
6615	3631
6615	3726
6615	3792
6615	3809
6615	3885
6615	4037
6615	4218
6615	4361
6615	4488
6615	4536
6615	4666
6615	4713
6615	4764
6615	4944
6615	4992
6615	5012
6615	5148
6615	5199
6615	5233
6615	5288
6615	5295
6615	5321
6615	5384
6615	5404
6615	5432
6615	5484
6615	5543
6615	5563
6615	5582
6615	5596
6615	5671
6615	5697
6615	5739
6615	5760
6615	5773
6615	5776
6615	5800
6615	5807
6615	5811
6615	5814
6615	5818
6615	5822
6615	5829
6615	5871
6615	5897
6615	5922
6615	6001
6615	6004
6615	6097
6615	6123
6615	6198
6615	6270
6615	6272
6615	6299
6615	6305
6615	6327
6615	6330
6615	6347
6615	6388
6615	6414
6615	6417
6615	6442
6615	6503
6615	6523
6615	6555
6615	6560
6615	6624
6615	6714
6615	6736
6615	6765
6615	6770
6615	6772
6615	6774
6615	6783
6615	6784
6615	6789
6615	6790
6615	6832
6615	6833
6615	6850
6615	6855
6615	6869
6615	6873
6615	6890
6615	6892
6615	6901
6615	6913
6615	6930
6615	6945
6615	6946
6615	6955
6615	6976
6615	6979
6615	6980
6615	6994
6615	7040
6615	7052
6615	7059
6615	7062
6615	7073
6615	7101
6615	7108
6615	7115
6615	7119
6615	7131
6615	7143
6615	7144
6615	7168
6615	7185
6615	7186
6615	7201
6615	7214
6615	7243
6615	7279
6615	7280
6615	7295
6615	7301
6615	7304
6615	7306
6615	7315
6615	7319
6615	7351
6615	7362
6615	7373
6615	7381
6615	7386
6615	7397
6615	7414
6615	7422
6615	7423
6615	7436
6615	7439
6615	7442
6615	7443
6615	7449
6615	7450
6615	7478
6615	7544
6615	7695
6615	7699
6615	7707
6615	7726
6615	7740
6615	7757
6615	7763
6616	2565
6616	4037
6616	4536
6616	5012
6616	5404
6616	5500
6616	5697
6616	5922
6616	6305
6616	6330
6616	6414
6616	6560
6616	6714
6616	6897
6616	6934
6616	7040
6616	7301
6616	7557
6617	6305
6622	2851
6622	3346
6622	6623
6622	6736
6622	7146
6624	967
6624	1191
6624	1403
6624	1498
6624	2511
6624	2565
6624	2620
6624	2658
6624	2851
6624	2940
6624	3000
6624	3238
6624	3293
6624	3310
6624	3381
6624	3459
6624	3631
6624	3726
6624	3752
6624	3885
6624	3962
6624	3969
6624	4037
6624	4071
6624	4341
6624	4361
6624	4435
6624	4632
6624	4981
6624	5002
6624	5028
6624	5148
6624	5288
6624	5289
6624	5404
6624	5432
6624	5465
6624	5605
6624	5614
6624	5671
6624	5760
6624	5800
6624	5806
6624	5835
6624	5839
6624	5872
6624	5897
6624	5902
6624	5933
6624	6032
6624	6043
6624	6044
6624	6123
6624	6151
6624	6174
6624	6241
6624	6243
6624	6299
6624	6414
6624	6442
6624	6555
6624	6560
6624	6665
6624	6712
6624	6780
6624	6832
6624	6907
6624	6913
6624	6914
6624	6918
6624	6934
6624	6946
6624	6980
6624	7005
6624	7012
6624	7047
6624	7052
6624	7054
6624	7092
6624	7131
6624	7225
6624	7237
6624	7277
6624	7280
6624	7378
6624	7381
6624	7400
6624	7414
6624	7443
6624	7450
6624	7478
6624	7510
6624	7512
6624	7529
6624	7533
6624	7544
6624	7561
6624	7587
6624	7618
6624	7620
6624	7624
6624	7632
6624	7646
6624	7649
6624	7651
6624	7662
6624	7683
6624	7694
6624	7695
6624	7757
6624	7763
6624	7799
6624	7803
6624	7809
6624	7813
6624	7839
6624	7855
6624	7860
6624	7862
6624	7871
6624	7882
6624	7890
6624	7908
6624	7910
6624	7912
6624	7927
6624	7946
6624	7992
6624	8037
6624	8042
6624	8044
6624	8121
6624	8122
6624	8124
6624	8128
6625	2620
6625	6227
6625	6634
6627	155
6627	1982
6627	2620
6627	3346
6627	3459
6627	4065
6627	4361
6627	4412
6627	4536
6627	4632
6627	4712
6627	5028
6627	5210
6627	5254
6627	5465
6627	5484
6627	5543
6627	5760
6627	5773
6627	5835
6627	5922
6627	5950
6627	6004
6627	6330
6627	6424
6627	6503
6627	6595
6627	6634
6627	6663
6627	6790
6627	6809
6627	6833
6627	6840
6627	6850
6627	6855
6627	6946
6627	6953
6627	6979
6627	7054
6627	7062
6627	7094
6627	7115
6627	7378
6627	7529
6627	7587
6627	7588
6627	7620
6627	7910
6627	8141
6627	8178
6626	2620
6626	4712
6626	5002
6626	6221
6626	6595
6626	6634
6626	6665
6626	6682
6626	6715
6630	3919
5943	6421
6634	6946
6634	8042
6634	8163
6636	4037
6636	6634
6633	6634
6635	3752
6635	5543
6635	6634
6635	6784
6635	6913
6635	7047
6635	7478
6635	7662
6635	7699
6639	6641
6643	4037
6643	5254
6644	5254
6645	5254
6645	5714
6646	4037
6646	5254
6646	7301
6646	7478
6647	5254
6655	3346
6655	5254
6655	6624
6655	6665
6655	6784
6655	7301
6655	7478
6648	1026
6648	5254
6648	7050
6649	3792
6649	4037
6649	4134
6649	4488
6649	4944
6649	5254
6649	5524
6649	5543
6649	5563
6649	5596
6649	5739
6649	5760
6649	5818
6649	5932
6649	5998
6649	6227
6649	6272
6649	6784
6649	6855
6649	6860
6649	6869
6649	6873
6649	6901
6649	6930
6649	6934
6649	7110
6650	5254
6651	5254
6652	5254
6653	5254
6654	5254
6656	5255
6657	3293
6657	3962
6657	4712
6657	5839
6657	6715
6657	6774
6657	7279
6657	7840
6657	7961
6657	8128
6657	8132
6658	4712
6658	4875
6658	5563
6658	6780
6658	6833
6609	840
6609	1549
6609	4536
6609	5210
6609	5298
6609	6327
6609	6965
6660	6661
6551	5524
6551	5950
6665	1498
6665	2658
6665	2785
6665	3631
6665	3830
6665	4065
6665	4412
6665	4441
6665	4884
6665	5028
6665	5037
6665	5288
6665	5465
6665	5697
6665	5824
6665	5950
6665	6221
6665	6503
6665	6699
6665	6715
6665	6833
6665	7101
6665	7108
6665	7116
6665	7214
6665	7618
6665	7620
6665	7624
6665	8028
6666	5950
6666	6221
6666	6299
6666	6595
6666	6699
6666	6715
6671	5760
6671	6156
6671	6832
6671	7131
6672	6156
6673	6156
6674	6156
6675	6156
6676	2658
6676	5079
6676	5738
6676	6156
6676	7092
6676	7620
6677	6156
6678	6156
6679	6156
6683	6682
6683	6685
6683	6686
6684	6685
6687	6691
6688	6691
6689	6691
6690	6691
6695	4412
6695	7632
6696	4412
6696	6770
6697	6699
6698	6699
6701	6700
6702	1403
6702	3334
6702	4944
6702	5079
6702	5839
6702	5872
6702	6555
6702	6700
6702	7225
6702	7381
6703	6221
6705	5824
6706	5002
6706	5824
6706	8297
6710	737
6710	6715
6711	967
6711	3803
6711	6299
6711	6715
6711	7063
6711	7115
6711	7119
6712	4764
6712	5148
6712	5671
6712	6414
6712	6442
6712	6715
6712	6933
6712	7443
6712	7544
6712	7675
6712	7795
3293	840
3293	5289
3293	5605
3293	5614
3293	5969
3293	6665
3293	6715
3293	6955
3293	7620
3293	7908
6713	155
6713	967
6713	6715
6713	7092
6714	155
6714	1026
6714	1403
6714	2565
6714	2785
6714	2851
6714	2940
6714	3334
6714	3346
6714	3459
6714	3631
6714	3726
6714	3809
6714	3885
6714	4361
6714	4632
6714	4713
6714	4875
6714	4884
6714	5002
6714	5028
6714	5199
6714	5233
6714	5289
6714	5321
6714	5404
6714	5421
6714	5432
6714	5582
6714	5596
6714	5714
6714	5745
6714	5760
6714	5800
6714	5806
6714	5822
6714	5835
6714	5872
6714	5897
6714	5902
6714	6000
6714	6097
6714	6123
6714	6243
6714	6299
6714	6417
6714	6442
6714	6503
6714	6523
6714	6560
6714	6665
6714	6715
6714	6736
6714	6770
6714	6774
6714	6784
6714	6789
6714	6803
6714	6832
6714	6833
6714	6913
6714	6934
6714	6946
6714	6976
6714	7052
6714	7054
6714	7074
6714	7088
6714	7131
6714	7214
6714	7237
6714	7262
6714	7279
6714	7295
6714	7301
6714	7315
6714	7351
6714	7365
6714	7373
6714	7378
6714	7381
6714	7414
6714	7422
6714	7423
6714	7442
6714	7450
6714	7478
6714	7491
6714	7497
6714	7510
6714	7512
6714	7520
6714	7553
6714	7561
6714	7618
6714	7620
6714	7632
6714	7646
6714	7651
6714	7662
6718	6720
6717	2160
6717	6720
6717	6778
6717	6869
6719	2940
6719	6004
6719	6720
6727	5002
6728	5002
6611	2785
6611	3459
6611	5020
6611	5543
6611	5563
6611	5739
6611	5969
6611	6270
6611	6327
6611	6414
6611	6784
6611	6913
6611	6930
6611	7101
6611	7215
6729	6665
6730	6665
6731	6665
6732	6665
6734	5802
6734	7632
6735	6739
6736	1982
6736	4401
6736	4488
6736	4536
6736	4764
6736	5321
6736	5543
6736	5596
6736	5655
6736	5697
6736	5739
6736	5800
6736	5818
6736	5839
6736	5871
6736	6001
6736	6347
6736	6422
6736	6739
6736	6774
6736	6783
6736	6788
6736	6832
6736	6833
6736	6850
6736	6860
6736	6869
6736	6873
6736	6892
6736	6901
6736	6930
6736	7021
6736	7620
6737	6739
6738	6739
6744	2160
6744	8297
6745	8297
6746	6736
6746	8297
6749	6491
6751	1493
6751	6757
6726	1493
6726	5596
6726	5800
6726	5829
6726	6001
6726	6004
6726	6323
6726	6347
6726	6770
6726	6833
6726	6850
6726	6869
6752	5037
6753	2160
6753	5037
6753	6442
6753	6890
6755	6503
6755	6774
4401	2223
4401	5022
4401	5605
4401	6897
4401	7393
4401	8033
4401	8073
4401	8139
4401	8227
6758	1498
6758	3830
6758	5871
6758	6123
6758	6243
6758	7279
6758	7407
6758	7478
6758	7632
6758	8121
6760	3830
6760	6618
6759	155
6759	3830
6759	7669
6761	3830
6764	4709
6765	4709
6766	155
6766	3459
6766	3885
6766	4361
6766	4401
6766	4709
6766	5432
6766	5835
6766	6347
6766	7185
6766	7306
6766	7378
6766	7512
6766	7520
6766	7561
6766	7583
6766	7587
6766	7624
6766	7695
6766	7763
6766	8051
6766	8224
6767	4709
6767	6004
6768	6613
6770	5543
6770	5806
6770	5871
6770	7050
6770	7063
6770	7961
6771	5871
6771	6833
6772	155
6772	1982
6772	3084
6772	3346
6772	3885
6772	4134
6772	4488
6772	4507
6772	4940
6772	4983
6772	5020
6772	5179
6772	5199
6772	5233
6772	5321
6772	5432
6772	5524
6772	5563
6772	5596
6772	5714
6772	5739
6772	5773
6772	5800
6772	5806
6772	5818
6772	5819
6772	5829
6772	5871
6772	5872
6772	6000
6772	6001
6772	6032
6772	6123
6772	6198
6772	6327
6772	6388
6772	6417
6772	6555
6772	6596
6772	6618
6772	6783
6772	6789
6772	6803
6772	6806
6772	6809
6772	6832
6772	6833
6772	6850
6772	6901
6772	6913
6772	6914
6772	6946
6772	6976
6772	6979
6772	6980
6772	7012
6772	7021
6772	7185
6772	7225
6772	7279
6772	7289
6772	7306
6772	7423
6772	7497
6772	7553
6772	7620
6772	7632
6772	7642
6772	7662
6772	7791
6772	7835
6772	7862
6772	8019
6772	8021
6772	8083
6772	8169
6772	8178
6775	5871
6775	6770
6775	7632
6773	5871
6774	1982
6774	3084
6774	4981
6774	4983
6774	5079
6774	5148
6774	5739
6774	5814
6774	5839
6774	5871
6774	6123
6774	6243
6774	6272
6774	6618
6774	6832
6774	6913
6774	6993
6774	7005
6774	7021
6774	7386
6774	7414
6774	7553
6774	7620
6774	7810
6779	5484
6779	6004
6779	7478
6780	4071
6780	5671
6780	5819
6780	6004
6780	7813
6780	7890
6781	2160
6781	4764
6781	5697
6781	6004
6781	6523
6781	6789
6781	6833
6781	6979
6782	6004
6783	5596
6783	5829
6783	6004
6783	6323
6784	840
6784	2658
6784	3459
6784	3792
6784	3885
6784	5002
6784	5028
6784	5079
6784	5199
6784	5484
6784	5596
6784	5800
6784	5806
6784	5818
6784	5839
6784	5902
6784	6000
6784	6004
6784	6414
6784	6634
6784	6790
6784	6855
6784	6860
6784	6901
6784	6913
6784	6920
6784	6934
6784	6942
6784	7054
6784	7088
6784	7092
6784	7131
6784	7279
6784	7414
6784	7422
6784	7442
6784	7450
6784	7497
6784	7512
6784	7620
6784	7651
6784	7992
6787	6788
6789	4361
6789	5199
6789	5800
6789	6299
6789	6417
6789	6634
6789	6832
6789	7295
6789	7414
6789	7442
6789	7449
6790	840
6790	1549
6790	1982
6790	2565
6790	3459
6790	4536
6790	5822
6790	6323
6790	6330
6790	6555
6790	6624
6793	2160
6794	2160
6795	2160
6795	6044
6797	5714
6798	5714
6800	5714
6801	3752
6801	5714
6801	5773
6801	7050
6801	7414
6801	8174
6802	6755
6802	6803
6802	7243
6804	6770
6804	6805
6804	6907
6804	7237
6804	7414
6804	7561
6809	6001
6809	8249
6808	6809
6807	6809
6810	6770
6812	6770
6812	7662
6811	6770
6813	5596
6815	5288
6815	5321
6815	6388
6815	6783
6816	5321
6818	5529
6818	6347
6819	6347
5269	6347
6821	5829
6822	5818
6822	5829
6824	5829
6776	5800
6776	5829
6776	6855
6828	4713
6829	4536
6829	4713
6829	6330
6829	6833
6833	5404
6834	4037
6834	6833
6835	6833
6836	6833
6837	4764
6841	5210
6841	5596
6842	5596
6843	5596
6844	5596
6845	6832
6845	6850
6846	5563
6846	6388
6846	6850
6846	6855
6846	6860
6846	6930
6848	2565
6848	4361
6848	5020
6848	5800
6848	6327
6848	6774
6848	6784
6848	6850
6848	6869
6848	6901
6848	6913
6848	7074
6848	7101
6848	7143
6847	6850
6852	6388
6855	2565
6855	3084
6855	5079
6855	5524
6855	5773
6855	5814
6855	6634
6855	6832
6855	7005
6855	7094
6855	7185
6855	7757
6855	8042
6855	8128
6854	6855
6859	4037
6859	5022
6859	5524
6859	5776
6859	6272
6859	6634
6859	6860
6859	8037
6859	8163
6859	8204
6859	8226
6620	840
6620	1403
6620	1549
6620	1982
6620	2511
6620	2565
6620	2785
6620	2851
6620	3346
6620	3459
6620	3631
6620	3726
6620	3792
6620	3803
6620	3809
6620	4037
6620	4134
6620	4536
6620	4666
6620	4944
6620	4992
6620	5012
6620	5288
6620	5295
6620	5384
6620	5404
6620	5432
6620	5484
6620	5524
6620	5543
6620	5563
6620	5582
6620	5697
6620	5739
6620	5773
6620	5776
6620	5800
6620	5807
6620	5811
6620	5814
6620	5818
6620	5822
6620	5922
6620	5932
6620	5998
6620	6097
6620	6227
6620	6270
6620	6272
6620	6327
6620	6414
6620	6523
6620	6560
6620	6624
6620	6634
6620	6736
6620	6774
6620	6784
6620	6790
6620	6832
6620	6860
6620	6873
6620	6897
6620	6901
6620	6930
6620	6942
6620	6945
6620	6946
6620	6948
6620	6955
6620	6976
6620	6982
6620	7040
6620	7052
6620	7073
6620	7074
6620	7094
6620	7101
6620	7108
6620	7115
6620	7119
6620	7143
6620	7144
6620	7168
6620	7185
6620	7186
6620	7201
6620	7214
6620	7257
6620	7301
6620	7304
6620	7306
6620	7632
6861	3792
6861	6930
6862	3792
6863	3792
6863	4037
6864	3792
6864	6327
6866	3238
6866	3792
6866	7695
6866	7979
6867	4488
6867	5543
6867	5800
6867	6001
6867	7373
6869	7214
6865	3459
6865	4009
6865	5543
6865	5563
6865	5739
6865	5800
6865	5811
6865	5818
6865	6001
6865	6560
6865	6618
6865	6832
6865	6869
6865	6901
6865	6913
6865	6930
6865	7021
6865	7074
6865	7620
6870	5800
6870	6869
6870	6873
6875	4432
6875	5289
6875	5818
6875	5922
6875	6032
6875	6442
6875	6634
6875	6980
6875	7443
6875	7553
6875	7561
6875	7965
6875	8168
6875	8174
6875	8212
6876	5818
6877	5818
6878	5818
6880	6327
6880	6560
6881	6560
6883	5776
6883	6001
6883	6327
6883	6523
6884	6001
6885	3334
6885	4037
6885	5079
6885	5404
6885	5671
6885	6001
6885	6307
6885	6442
6885	6560
6885	6634
6885	6784
6885	7050
6885	7422
6885	7553
6885	7620
6885	7646
6885	7707
6885	8168
6885	8249
6747	4037
6747	5773
6747	6001
6747	6414
6886	840
6886	3803
6886	4037
6886	6001
6886	6097
6886	6790
6886	7143
5410	5295
6895	5563
6895	6032
6895	6097
6895	6832
6895	6897
6895	7809
6896	4134
6896	5543
6896	6897
6896	6934
6899	5800
6899	6774
6900	2658
6900	3297
6900	3334
6900	3459
6900	4037
6900	4536
6900	4632
6900	4875
6900	5022
6900	5210
6900	5378
6900	5524
6900	5605
6900	5800
6900	5811
6900	5902
6900	6330
6900	6560
6900	6918
6900	6945
6900	7088
6900	7092
6900	7131
6900	7279
6900	7422
6900	7478
6900	7553
6900	7620
6900	7961
6900	8121
6900	8134
6902	2511
6902	2851
6902	3334
6902	3752
6902	4037
6902	4875
6902	5179
6902	5288
6902	5289
6902	5563
6902	5614
6902	5739
6902	5773
6902	5872
6902	5887
6902	6241
6902	6901
6902	6914
6902	7092
6902	7237
6902	7400
6902	7436
6902	7520
6902	7553
6902	7683
6902	7928
6902	8073
6902	8121
6903	6904
6913	840
6913	2511
6913	2565
6913	2785
6913	3631
6913	3803
6913	4037
6913	4361
6913	4536
6913	4666
6913	4944
6913	5484
6913	5772
6913	5773
6913	5776
6913	5814
6913	5822
6913	5932
6913	5969
6913	5998
6913	6270
6913	6327
6913	6330
6913	6555
6913	6624
6913	6634
6913	6714
6913	6736
6913	6774
6913	6784
6913	6832
6913	6917
6913	6946
6913	7052
6913	7073
6913	7074
6913	7101
6913	7108
6913	7119
6913	7143
6913	7149
6913	7168
6913	7185
6913	7214
6905	5484
6914	155
6914	938
6914	2658
6914	2851
6914	3297
6914	3346
6914	3459
6914	3885
6914	3962
6914	4361
6914	4632
6914	4875
6914	4940
6914	4966
6914	5012
6914	5022
6914	5179
6914	5288
6914	5404
6914	5406
6914	5484
6914	5500
6914	5529
6914	5582
6914	5605
6914	5671
6914	5760
6914	5773
6914	5800
6914	5806
6914	5835
6914	5839
6914	5872
6914	5998
6914	6000
6914	6123
6914	6243
6914	6270
6914	6320
6914	6417
6914	6503
6914	6555
6914	6560
6914	6618
6914	6634
6914	6665
6914	6714
6914	6736
6914	6780
6914	6784
6914	6832
6914	6913
6914	6946
6914	6979
6914	6993
6914	7012
6914	7052
6914	7054
6914	7063
6914	7088
6914	7092
6914	7131
6914	7225
6914	7243
6914	7246
6914	7277
6914	7295
6914	7306
6914	7351
6914	7359
6914	7373
6914	7378
6914	7414
6914	7422
6914	7442
6914	7478
6914	7491
6914	7497
6914	7510
6914	7512
6914	7544
6914	7553
6914	7587
6914	7757
6914	7788
6914	7803
6914	7810
6914	7833
6914	7862
6914	7890
6914	7921
6914	7924
6914	7927
6914	8134
6914	8141
6915	5384
6915	5484
6906	1403
6906	2511
6906	2851
6906	2940
6906	3346
6906	3631
6906	3726
6906	4037
6906	4361
6906	5012
6906	5199
6906	5288
6906	5404
6906	5432
6906	5484
6906	5582
6906	5760
6906	5773
6906	5776
6906	5814
6906	5897
6906	6123
6906	6299
6906	6327
6906	6414
6906	6417
6906	6503
6906	6634
6906	6714
6906	6736
6906	6784
6906	6789
6906	6832
6906	6913
6906	6976
6906	7101
6906	7108
6906	7115
6906	7119
6906	7143
6906	7144
6906	7185
6906	7186
6906	7214
6906	7295
6906	7301
6906	7306
6906	7351
6906	7381
6907	155
6907	840
6907	938
6907	967
6907	1191
6907	1403
6907	1498
6907	2223
6907	2511
6907	2658
6907	2785
6907	2851
6907	3000
6907	3084
6907	3238
6907	3293
6907	3297
6907	3310
6907	3346
6907	3381
6907	3631
6907	3726
6907	3752
6907	3885
6907	3962
6907	3969
6907	4037
6907	4071
6907	4341
6907	4361
6907	4401
6907	4432
6907	4632
6907	4875
6907	4879
6907	4944
6907	4983
6907	5002
6907	5022
6907	5028
6907	5064
6907	5079
6907	5148
6907	5179
6907	5199
6907	5210
6907	5233
6907	5288
6907	5378
6907	5404
6907	5421
6907	5432
6907	5465
6907	5466
6907	5484
6907	5500
6907	5529
6907	5582
6907	5605
6907	5760
6907	5773
6907	5776
6907	5800
6907	5806
6907	5812
6907	5814
6907	5835
6907	5839
6907	5872
6907	5897
6907	5902
6907	6000
6907	6043
6907	6044
6907	6123
6907	6241
6907	6243
6907	6299
6907	6320
6907	6414
6907	6417
6907	6442
6907	6503
6907	6523
6907	6555
6907	6560
6907	6618
6907	6634
6907	6665
6907	6712
6907	6714
6907	6780
6907	6784
6907	6789
6907	6832
6907	6875
6907	6913
6907	6914
6907	6918
6907	6934
6907	6946
6907	6976
6907	6979
6907	6994
6907	7005
6907	7012
6907	7021
6907	7052
6907	7054
6907	7063
6907	7092
6907	7101
6907	7108
6907	7116
6907	7131
6907	7144
6907	7214
6907	7225
6907	7233
6907	7237
6907	7254
6907	7279
6907	7280
6907	7359
6907	7373
6907	7378
6907	7381
6907	7386
6907	7389
6907	7391
6907	7400
6907	7414
6907	7423
6907	7478
6907	7497
6907	7510
6907	7529
6907	7553
6907	7561
6907	7618
6907	7620
6907	7624
6907	7632
6907	7646
6907	7647
6907	7649
6907	7651
6907	7652
6907	7662
6907	7683
6907	7688
6907	7694
6907	7695
6907	7707
6907	7726
6907	7757
6907	7763
6907	7788
6907	7795
6907	7803
6907	7809
6907	7813
6907	7835
6907	7860
6907	7874
6907	7879
6907	7882
6907	7908
6907	7912
6907	7924
6907	7961
6907	7965
6907	7992
6907	8042
6907	8044
6907	8083
6907	8090
6907	8121
6907	8122
6907	8128
6907	8134
6907	8141
6907	8163
6907	8168
6907	8169
6907	8174
6907	8178
6907	8192
6907	8209
6907	8219
6907	8237
6908	5484
6909	5484
2415	5012
2415	5484
2415	5814
2415	6560
6910	5484
6916	155
6916	1026
6916	1403
6916	2658
6916	3334
6916	3459
6916	3770
6916	4037
6916	4507
6916	4875
6916	4884
6916	4940
6916	5179
6916	5289
6916	5406
6916	5484
6916	5582
6916	5806
6916	5872
6916	6000
6916	6330
6916	6503
6916	6618
6916	6907
6916	6914
6916	6946
6916	6980
6916	7108
6916	7131
6916	7225
6916	7237
6916	7279
6916	7351
6916	7442
6916	7450
6916	7553
6916	7574
6916	7587
6916	7620
6916	7642
6916	7740
6916	7757
6916	7788
6916	8002
6916	8090
6916	8128
6916	8134
6916	8168
6916	8178
6916	8219
6916	8224
6916	8226
6916	8235
6916	8275
6917	5484
6917	6634
6917	6994
6911	5484
6911	5582
6911	6714
6911	6774
6911	6976
6912	1549
6912	5484
6912	6790
6918	3297
6918	3334
6918	3631
6918	3962
6918	4435
6918	5179
6918	5233
6918	5404
6918	5466
6918	5484
6918	6442
6918	6560
6918	6780
6918	6907
6918	7021
6918	7050
6918	7054
6918	7092
6918	7108
6918	7214
6918	7400
6918	7414
6918	7553
6918	7604
6918	7632
6918	7778
6918	7927
6918	7965
6918	7979
6921	5543
6922	5543
6923	5289
6923	5739
6924	1498
6924	5739
6924	6044
6924	6555
6924	6907
6924	7092
6924	7131
6924	7389
6924	7588
6924	7757
6924	7840
6924	7927
6924	8050
6924	8174
6924	8224
6924	8237
6926	6227
6927	6227
6928	5563
6929	6930
6934	155
6934	1865
6934	2565
6934	2785
6934	2940
6934	3238
6934	3334
6934	3459
6934	4009
6934	4037
6934	4361
6934	4884
6934	4940
6934	4944
6934	5012
6934	5233
6934	5404
6934	5524
6934	5529
6934	5582
6934	5800
6934	5806
6934	5872
6934	5922
6934	5998
6934	6000
6934	6097
6934	6270
6934	6503
6934	6560
6934	6618
6934	6624
6934	6634
6934	6665
6934	6736
6934	6765
6934	6784
6934	6832
6934	6907
6934	6913
6934	6914
6934	6946
6934	6955
6934	6993
6934	7052
6934	7054
6934	7115
6934	7119
6934	7120
6934	7186
6934	7214
6934	7262
6934	7277
6934	7378
6934	7381
6934	7400
6934	7497
6934	7512
6934	7529
6934	7561
6934	7587
6934	7620
6934	7683
6934	7795
6934	7803
6935	5524
6935	6272
6936	5524
6938	4134
6938	6934
6938	7992
6938	8019
6940	4134
6941	155
6941	840
6941	1026
6941	1549
6941	2851
6941	3000
6941	3238
6941	3459
6941	3726
6941	3969
6941	4037
6941	4134
6941	4341
6941	4507
6941	4940
6941	5012
6941	5022
6941	5028
6941	5432
6941	5529
6941	5745
6941	5819
6941	5835
6941	6241
6941	6327
6941	6555
6941	6560
6941	6634
6941	6665
6941	6765
6941	6784
6941	6907
6941	6913
6941	6923
6941	6976
6941	7047
6941	7052
6941	7054
6941	7131
6941	7225
6941	7280
6941	7301
6941	7378
6941	7386
6941	7400
6941	7553
6941	7557
6941	7561
6941	7587
6941	7618
6941	7620
6941	7624
6941	7632
6941	7809
6941	7810
6941	7819
6941	7833
5529	840
5529	1982
5529	3459
5529	3631
5529	4071
5529	4134
5529	5022
5529	5079
5529	5210
5529	5289
5529	5465
5529	5819
5529	5839
5529	5998
5529	6044
5529	6327
5529	6330
5529	6560
5529	6955
5529	6979
5529	7074
5529	7092
5529	7144
5529	7214
5529	7443
5529	7510
5529	7553
5529	7618
5529	7649
5529	7699
5529	7803
5529	7809
5529	7813
5529	7860
5529	7890
5529	7908
5529	7921
5529	7927
5529	8168
6943	5020
6945	4536
6945	4875
6945	5012
6945	5811
6945	5872
6945	6000
6945	6414
6945	6560
6945	6634
6945	7052
6945	7054
6945	7094
6945	7119
6945	7529
6945	7544
6945	7587
6945	7763
6945	8028
6949	1982
6949	6765
6949	6790
6949	6955
6949	6979
6947	6765
6953	6955
6954	6330
6954	6955
6954	6982
6951	967
6951	1498
6951	1549
6951	1982
6951	2658
6951	3084
6951	3459
6951	4401
6951	4432
6951	4507
6951	4940
6951	4983
6951	5079
6951	5643
6951	5697
6951	5738
6951	6422
6951	6555
6951	6560
6951	6979
6951	6980
6951	6993
6951	7005
6951	7021
6951	7050
6951	7092
6951	7386
6951	7393
6951	7553
6951	7636
6951	7666
6951	7778
6951	7810
6951	7819
6951	7839
6951	7881
6951	7899
6951	7921
6951	7924
6951	7991
6951	8002
6951	8007
6951	8037
6951	8042
6951	8079
6951	8204
6951	8249
6959	4536
6959	5697
6959	5839
6959	6243
6959	7295
6692	5288
6692	5697
6692	7021
6692	7092
6692	7927
6692	7979
6958	5697
6958	7060
6960	5697
6961	5697
6961	6993
6962	5697
6963	5697
6968	6523
6969	6523
6316	3084
6316	3459
6316	4037
6316	5199
6316	6123
6316	6327
6316	6330
6316	6555
6316	6665
6316	6832
6316	6907
6316	6917
6316	7052
6316	7054
6316	7092
6316	7237
6316	7378
6316	7529
6316	7553
6971	1403
6971	3459
6971	4009
6971	5199
6971	6784
6971	7295
6972	3459
6974	3459
6974	6330
6975	3334
6975	3459
6975	3962
6975	4037
6975	5801
6975	6414
6975	6784
6975	6790
6975	7110
6975	7119
6976	1026
6976	2511
6976	2851
6976	3334
6976	3459
6976	4037
6976	4361
6976	4944
6976	4981
6976	5002
6976	5079
6976	5233
6976	5582
6976	5605
6976	5776
6976	5800
6976	5822
6976	6043
6976	6097
6976	6503
6976	6774
6976	6784
6976	6914
6976	6918
6976	7073
6976	7092
6976	7101
6976	7115
6976	7119
6976	7143
6976	7214
6976	7400
6976	7510
6976	7553
6976	7649
6976	7788
6976	7795
6976	7839
6976	7871
6976	7890
6976	7908
6978	6979
6981	6982
6984	840
6984	4536
6984	6330
6984	6555
6984	6790
6984	7040
6984	7052
6985	6330
6990	1982
6991	840
6991	1982
6991	2565
6991	3809
6991	4361
6991	4536
6991	4666
6991	5012
6991	5199
6991	5288
6991	6198
6991	6736
6991	6789
6991	7040
6991	7052
6991	7108
6991	7295
6991	7323
6993	967
6993	1191
6993	1982
6993	3084
6993	3310
6993	3381
6993	3752
6993	3885
6993	3962
6993	4071
6993	4435
6993	4632
6993	4875
6993	4981
6993	5079
6993	5199
6993	5466
6993	5643
6993	5655
6993	5806
6993	5839
6993	5872
6993	5902
6993	5933
6993	6000
6993	6032
6993	6043
6993	6151
6993	6174
6993	6243
6993	6414
6993	6447
6993	6555
6993	6560
6993	6596
6993	6624
6993	6774
6993	6784
6993	6790
6993	6913
6993	6914
6993	6976
6993	6979
6993	6980
6993	7005
6993	7012
6993	7021
6993	7063
6993	7092
6993	7237
6993	7277
6993	7279
6993	7280
6993	7295
6993	7301
6993	7414
6993	7442
6993	7649
6993	7701
6993	7757
6993	7763
6993	7788
6993	7795
6993	7803
6993	7809
6993	7810
6993	7813
6993	7835
6993	7855
6993	7862
6993	7871
6993	7879
6993	7882
6993	7890
6993	7899
6993	7910
6993	7912
6993	7927
6993	7946
6993	7952
6993	7961
6995	6790
6996	6997
6998	6774
6999	6774
7000	6774
7001	6774
7002	6774
7002	7620
7003	6774
7004	6774
7005	3962
7005	4037
7005	5210
7005	6032
7005	6043
7005	6634
7005	6774
7005	6914
7005	7553
7005	7620
7005	7757
7005	7763
7005	7788
7006	6774
7007	6774
7008	6774
7009	6774
7010	6774
7011	2565
7011	4536
7011	6774
7012	2658
7012	6043
7012	6774
7012	6784
7012	6913
7012	6914
7012	7021
7012	7414
7012	7910
7012	7961
7013	6774
7014	6774
7014	7021
7015	6774
7016	6774
7017	6774
7018	6774
7019	4981
7019	6774
7019	7021
7019	7862
7020	6774
7020	6780
7020	6832
7021	2658
7021	4981
7021	5079
7021	5096
7021	5466
7021	5800
7021	5806
7021	5872
7021	6123
7021	6774
7021	7386
7021	7414
7021	7813
7021	8121
7021	8149
7022	6774
7023	3346
7023	5772
7023	6560
7023	6774
7023	7052
7023	7215
7023	7222
7023	7246
7024	5814
7024	6774
7024	6913
7025	6774
7026	3297
7026	5096
7026	5148
7026	5210
7026	6774
7026	6918
7026	6979
7026	7021
7026	7047
7026	7116
7026	7587
7026	7965
7026	8083
7027	6774
7028	6774
7029	5079
7029	6774
7031	7033
7032	7033
7035	4536
7035	6624
7036	4536
7036	7040
7037	4536
7041	7042
7043	5378
7043	6634
7043	7059
7043	7238
7043	7553
7043	7707
7043	7735
7043	7763
7043	7833
7043	8219
7043	8226
7043	8235
7043	8249
7043	8275
7044	4940
7044	7059
7044	7803
7051	7059
7052	155
7052	840
7052	967
7052	1191
7052	1403
7052	2565
7052	2851
7052	2940
7052	3238
7052	3459
7052	3726
7052	3752
7052	3803
7052	3962
7052	3969
7052	4071
7052	4341
7052	4361
7052	4435
7052	4632
7052	4875
7052	4884
7052	4934
7052	4981
7052	5002
7052	5022
7052	5028
7052	5199
7052	5233
7052	5289
7052	5404
7052	5406
7052	5421
7052	5465
7052	5466
7052	5605
7052	5738
7052	5760
7052	5776
7052	5800
7052	5806
7052	5835
7052	5839
7052	5872
7052	5897
7052	5932
7052	5933
7052	5998
7052	6000
7052	6032
7052	6097
7052	6151
7052	6174
7052	6241
7052	6243
7052	6414
7052	6555
7052	6665
7052	6712
7052	6714
7052	6736
7052	6789
7052	6832
7052	6875
7052	6907
7052	6914
7052	6923
7052	6924
7052	6934
7052	6953
7052	6979
7052	7005
7052	7012
7052	7021
7052	7047
7052	7054
7052	7059
7052	7063
7052	7088
7052	7092
7052	7094
7052	7101
7052	7108
7052	7115
7052	7116
7052	7119
7052	7143
7052	7144
7052	7146
7052	7225
7052	7233
7052	7237
7052	7279
7052	7301
7052	7341
7052	7351
7052	7362
7052	7378
7052	7381
7052	7391
7052	7400
7052	7450
7052	7478
7052	7491
7052	7497
7052	7510
7052	7512
7052	7529
7052	7544
7052	7553
7052	7561
7052	7587
7052	7593
7052	7618
7052	7620
7052	7624
7052	7632
7052	7646
7052	7647
7052	7651
7052	7662
7052	7666
7052	7683
7052	7694
7052	7695
7052	7699
7052	7707
7052	7835
7052	7855
7052	7862
7052	7871
7052	7879
7052	7890
7052	7910
7052	7912
7052	7927
7052	7946
7052	7961
7052	8163
7052	8168
7052	8178
7052	8192
7045	967
7045	1498
7045	3238
7045	3381
7045	5148
7045	5671
7045	5760
7045	6241
7045	6320
7045	6414
7045	6523
7045	6712
7045	6789
7045	6934
7045	6980
7045	7021
7045	7047
7045	7052
7045	7059
7045	7280
7045	7295
7045	7443
7045	7497
7045	7544
7045	7618
7045	7620
7045	7624
7045	7662
7045	7683
7045	7694
7045	7695
7045	7699
7045	7726
7045	7757
7045	7763
7045	7882
7053	3084
7053	3297
7053	3459
7053	4401
7053	4940
7053	5148
7053	5210
7053	5246
7053	5378
7053	5671
7053	5887
7053	6307
7053	6422
7053	6618
7053	6634
7053	6914
7053	6993
7053	7047
7053	7059
7053	7225
7053	7378
7053	7389
7053	7517
7053	7553
7053	7699
7053	7791
7053	8043
7053	8083
7053	8134
7053	8224
7053	8235
7054	155
7054	1026
7054	3000
7054	3238
7054	3459
7054	4884
7054	5002
7054	5393
7054	5421
7054	5500
7054	5902
7054	6424
7054	6712
7054	6907
7054	6934
7054	7052
7054	7059
7054	7116
7054	7225
7054	7316
7054	7378
7054	7510
7054	7553
7054	7557
7054	7561
7054	7583
7054	7587
7054	7593
7054	7604
7054	7620
7054	7632
7054	7646
7054	7648
7054	7651
7054	7652
7054	7673
7054	7688
7054	7695
7054	7699
7054	7809
7046	3238
7046	3334
7046	3459
7046	4884
7046	5465
7046	5800
7046	6712
7046	7047
7046	7052
7046	7059
7046	7225
7046	7414
7046	7553
7046	7557
7046	7561
7046	7620
7046	7642
7046	7646
7046	7662
7046	7688
7046	7695
7047	1191
7047	1498
7047	1865
7047	1982
7047	2223
7047	2658
7047	3238
7047	3293
7047	3297
7047	3381
7047	3962
7047	4037
7047	4071
7047	4401
7047	4432
7047	4435
7047	4507
7047	4981
7047	4983
7047	5022
7047	5079
7047	5096
7047	5148
7047	5179
7047	5210
7047	5246
7047	5378
7047	5421
7047	5466
7047	5529
7047	5605
7047	5614
7047	5643
7047	5671
7047	5738
7047	5812
7047	5819
7047	5839
7047	5887
7047	5933
7047	6032
7047	6043
7047	6044
7047	6151
7047	6174
7047	6320
7047	6414
7047	6422
7047	6523
7047	6555
7047	6560
7047	6618
7047	6634
7047	6712
7047	6737
7047	6759
7047	6780
7047	6875
7047	6914
7047	6918
7047	6934
7047	6946
7047	6979
7047	6980
7047	6993
7047	7021
7047	7052
7047	7059
7047	7063
7047	7092
7047	7120
7047	7233
7047	7277
7047	7280
7047	7341
7047	7386
7047	7389
7047	7391
7047	7443
7047	7544
7047	7553
7047	7620
7047	7634
7047	7646
7047	7649
7047	7651
7047	7662
7047	7683
7047	7694
7047	7695
7047	7699
7047	7707
7047	7726
7047	7763
7047	7778
7047	7788
7047	7795
7047	7803
7047	7809
7047	7810
7047	7813
7047	7833
7047	7835
7047	7839
7047	7855
7047	7860
7047	7862
7047	7871
7047	7874
7047	7879
7047	7882
7047	7890
7047	7908
7047	7912
7047	7921
7047	7924
7047	7927
7047	7946
7047	7961
7047	7965
7047	7979
7047	7991
7047	7992
7047	7994
7047	7996
7047	8002
7047	8033
7047	8037
7047	8042
7047	8044
7047	8051
7047	8073
7047	8079
7047	8121
7047	8122
7047	8124
7047	8128
7047	8132
7047	8134
7047	8139
7047	8141
7047	8163
7047	8168
7047	8174
7047	8178
7047	8192
7047	8198
7047	8204
7047	8209
7047	8212
7047	8224
7047	8225
7047	8226
7047	8235
7047	8237
7047	8246
7047	8249
7047	8263
7047	8275
7047	8276
7047	8277
7055	155
7055	967
7055	1498
7055	3000
7055	3238
7055	3381
7055	3459
7055	3752
7055	3885
7055	3969
7055	4341
7055	4632
7055	4875
7055	4983
7055	5002
7055	5022
7055	5028
7055	5079
7055	5096
7055	5148
7055	5289
7055	5465
7055	5605
7055	5671
7055	5800
7055	5806
7055	5835
7055	5839
7055	5872
7055	5902
7055	5933
7055	6151
7055	6241
7055	6243
7055	6442
7055	6523
7055	6634
7055	6665
7055	6712
7055	6907
7055	6934
7055	6946
7055	6980
7055	7005
7055	7012
7055	7021
7055	7047
7055	7052
7055	7059
7055	7063
7055	7088
7055	7131
7055	7237
7055	7277
7055	7279
7055	7400
7055	7414
7055	7443
7055	7450
7055	7478
7055	7510
7055	7512
7055	7561
7055	7593
7055	7618
7055	7620
7055	7624
7055	7632
7055	7634
7055	7642
7055	7646
7055	7649
7055	7651
7055	7662
7055	7683
7055	7694
7055	7695
7055	7699
7055	7707
7055	7726
7055	7757
7055	7763
7055	7778
7055	7788
7055	7795
7055	7809
7055	7813
7055	7835
7055	7871
7055	7882
7055	7910
7055	7946
7055	7965
7055	7979
7055	7992
7055	8051
7055	8174
7055	8192
7048	7059
7056	1982
7056	2565
7056	3381
7056	4983
7056	5064
7056	5148
7056	5179
7056	5671
7056	5738
7056	5839
7056	6320
7056	6523
7056	6560
7056	6980
7056	6993
7056	7052
7056	7059
7056	7116
7056	7233
7056	7277
7056	7280
7056	7443
7056	7544
7056	7618
7056	7620
7056	7666
7056	7694
7056	7726
7056	7757
7056	7763
7056	7795
7056	7803
7056	7809
7056	7839
7056	7979
7056	8209
7056	8226
7049	1191
7049	3310
7049	3381
7049	4435
7049	5096
7049	5148
7049	5466
7049	5529
7049	5671
7049	6151
7049	6555
7049	6980
7049	7005
7049	7059
7049	7277
7049	7280
7049	7443
7049	7694
7049	7757
7049	7763
7049	7788
7049	7795
7049	7803
7049	7809
7049	7855
7049	7862
7049	7871
7057	155
7057	1498
7057	1982
7057	2565
7057	3000
7057	3084
7057	3297
7057	3334
7057	3459
7057	3885
7057	3962
7057	3969
7057	4037
7057	4071
7057	4341
7057	4401
7057	4632
7057	4875
7057	4940
7057	4981
7057	4983
7057	5002
7057	5022
7057	5079
7057	5210
7057	5289
7057	5406
7057	5466
7057	5500
7057	5529
7057	5800
7057	5806
7057	5812
7057	5819
7057	5835
7057	5839
7057	5872
7057	5902
7057	5933
7057	6000
7057	6032
7057	6043
7057	6044
7057	6123
7057	6151
7057	6174
7057	6241
7057	6243
7057	6320
7057	6414
7057	6417
7057	6442
7057	6555
7057	6560
7057	6596
7057	6618
7057	6634
7057	6665
7057	6875
7057	6907
7057	6914
7057	6918
7057	6924
7057	6934
7057	6946
7057	6979
7057	6980
7057	6993
7057	7005
7057	7047
7057	7050
7057	7052
7057	7054
7057	7059
7057	7063
7057	7088
7057	7092
7057	7131
7057	7225
7057	7233
7057	7237
7057	7238
7057	7279
7057	7280
7057	7378
7057	7386
7057	7400
7057	7442
7057	7478
7057	7497
7057	7510
7057	7512
7057	7529
7057	7544
7057	7561
7057	7587
7057	7620
7057	7647
7057	7699
7057	7707
7057	7763
7057	7788
7057	7809
7057	7810
7057	7833
7057	7839
7057	7908
7057	7924
7057	7961
7057	7965
7057	8051
7057	8083
7057	8121
7057	8134
7057	8168
7057	8209
7057	8224
7057	8237
7030	5822
7030	6327
7061	5822
7061	6123
7061	6832
7062	1982
7062	6634
7062	7050
7062	7620
7063	840
7063	2565
7063	3238
7063	5800
7063	6123
7063	6555
7063	6784
7063	6832
7063	6907
7063	6913
7063	6914
7063	7414
7063	7510
7063	7553
7063	7620
7063	7961
7064	2565
7064	6097
7064	6946
7065	2565
7038	840
7038	3809
7038	4944
7038	5772
7038	6097
7038	6327
7038	6634
7072	7073
7070	7073
7070	7115
7071	7073
7071	7092
7071	7115
7071	7414
7079	4666
7080	1982
7080	2511
7080	2658
7080	3084
7080	3297
7080	3381
7080	3459
7080	3885
7080	3962
7080	4666
7080	4944
7080	4983
7080	5002
7080	5012
7080	5022
7080	5199
7080	5210
7080	5288
7080	5773
7080	5800
7080	5806
7080	5819
7080	5872
7080	5902
7080	5933
7080	6000
7080	6243
7080	6270
7080	6320
7080	6555
7080	6560
7080	6736
7080	6759
7080	6946
7080	6979
7080	6980
7080	7108
7080	7185
7080	7225
7080	7277
7080	7279
7080	7280
7080	7295
7080	7301
7080	7414
7080	7442
7080	7449
7080	7478
7080	7497
7080	7510
7080	7529
7080	7574
7080	7620
7080	7624
7080	7647
7080	7666
7080	7688
7080	7797
7080	7813
7080	7871
7080	7879
7080	7882
7080	7924
7080	7927
7080	7928
7080	7965
7080	8130
7080	8163
7080	8168
7080	8174
7082	4944
6946	938
6946	1026
6946	2940
6946	3238
6946	4341
6946	4632
6946	4879
6946	4884
6946	4934
6946	4992
6946	5002
6946	5028
6946	5179
6946	5289
6946	5393
6946	5421
6946	5745
6946	5800
6946	6032
6946	6417
6946	6424
6946	6634
6946	6665
6946	6780
6946	6924
6946	7116
6946	7120
6946	7225
6946	7362
6946	7378
6946	7386
6946	7391
6946	7397
6946	7423
6946	7434
6946	7436
6946	7440
6946	7442
6946	7574
6946	7587
6946	7590
6946	7604
6946	7620
6946	7642
6946	7648
6946	7652
6946	7653
6946	7666
6946	7668
6946	7669
6946	7683
6946	7688
6946	7701
6946	7809
6946	7857
6946	7928
6946	7952
6946	7992
6946	7994
6946	7996
6946	8007
6946	8019
6946	8025
6946	8090
6946	8121
6946	8128
6946	8130
6946	8169
7085	6946
7087	6946
7087	7699
7086	938
7086	1403
7086	1498
7086	1982
7086	2658
7086	2851
7086	3293
7086	3297
7086	3346
7086	3726
7086	4037
7086	4071
7086	4401
7086	4432
7086	4632
7086	4875
7086	4940
7086	4966
7086	4983
7086	5022
7086	5096
7086	5210
7086	5246
7086	5289
7086	5378
7086	5404
7086	5406
7086	5432
7086	5605
7086	5614
7086	5738
7086	5800
7086	5806
7086	5812
7086	5819
7086	5839
7086	5872
7086	5902
7086	5933
7086	6000
7086	6044
7086	6174
7086	6243
7086	6422
7086	6442
7086	6523
7086	6618
7086	6634
7086	6665
7086	6736
7086	6737
7086	6759
7086	6780
7086	6784
7086	6875
7086	6907
7086	6918
7086	6946
7086	7021
7086	7047
7086	7088
7086	7094
7086	7108
7086	7131
7086	7233
7086	7237
7086	7238
7086	7243
7086	7279
7086	7341
7086	7378
7086	7389
7086	7391
7086	7414
7086	7422
7086	7450
7086	7478
7086	7491
7086	7497
7086	7510
7086	7512
7086	7517
7086	7529
7086	7553
7086	7561
7086	7620
7086	7646
7086	7810
7086	7833
7086	7835
7086	7855
7086	7860
7086	7882
7086	7908
7086	7910
7086	7912
7086	7924
7086	7946
7086	7965
7086	7979
7086	7992
7086	8037
7086	8042
7086	8044
7086	8051
7086	8073
7086	8083
7086	8121
7086	8124
7086	8128
7086	8134
7086	8141
7086	8149
7086	8163
7086	8168
7086	8174
7086	8192
7086	8198
7086	8209
7086	8212
7086	8219
7086	8224
7086	8237
7084	6946
7088	4940
7088	6097
7088	7533
7088	7632
7088	7699
7090	155
7090	1026
7090	2565
7090	3459
7090	3803
7090	5002
7090	7054
7090	7225
7090	7378
7090	7529
7090	7553
7092	1026
7092	1191
7092	1403
7092	1982
7092	2785
7092	2851
7092	3310
7092	3346
7092	3459
7092	3726
7092	3885
7092	3962
7092	3969
7092	4037
7092	4071
7092	4341
7092	4507
7092	4632
7092	5002
7092	5022
7092	5079
7092	5179
7092	5210
7092	5288
7092	5289
7092	5529
7092	5671
7092	5745
7092	5773
7092	5800
7092	5835
7092	5872
7092	5902
7092	5998
7092	6000
7092	6032
7092	6043
7092	6044
7092	6243
7092	6327
7092	6414
7092	6422
7092	6523
7092	6560
7092	6618
7092	6665
7092	6736
7092	6755
7092	6784
7092	6832
7092	6914
7092	6980
7092	7005
7092	7052
7092	7131
7092	7144
7092	7162
7092	7185
7092	7214
7092	7225
7092	7237
7092	7243
7092	7280
7092	7301
7092	7378
7092	7389
7092	7400
7092	7414
7092	7443
7092	7510
7092	7553
7092	7557
7092	7561
7092	7587
7092	7618
7092	7624
7092	7632
7092	7649
7092	7651
7092	7662
7092	7788
7092	7795
7092	7809
7092	7833
7092	7835
7092	7890
7092	7924
7092	7952
7092	7961
7092	8033
7092	8068
7092	8121
7092	8168
5015	3293
5015	4940
5015	5002
5015	5199
5015	5760
5015	6044
5015	6299
5015	6422
5015	6634
5015	6979
5015	7620
5015	7646
5015	7810
5015	8122
7089	6634
7089	7301
7096	3459
7096	5773
7096	6634
7096	7054
7096	7529
7095	6634
7098	7101
7099	2785
7099	3631
7099	5288
7099	5393
7099	5582
7099	5760
7099	5814
7099	5897
7099	6270
7099	6414
7099	6560
7099	6714
7099	6907
7099	6913
7099	6976
7099	7101
7099	7214
7099	7400
7100	4037
7100	5012
7100	5384
7100	5432
7100	5582
7100	6327
7100	6414
7100	6913
7100	6976
7100	7101
7100	7115
7100	7119
7100	7143
7100	7144
7100	7301
7103	7108
7104	1403
7104	2785
7104	2851
7104	3631
7104	3726
7104	5002
7104	5404
7104	5432
7104	6665
7104	6784
7104	6913
7104	6976
7104	7108
7104	7214
7104	7301
7106	2785
7106	2851
7106	3726
7106	7108
7107	7108
7107	7273
7109	7115
7109	7510
7110	3885
7110	5384
7110	6414
7110	7092
7110	7115
7111	7115
7112	7115
7113	3334
7113	3752
7113	5233
7113	5466
7113	6422
7113	6946
7113	7115
7113	7237
7113	7439
7113	7529
7113	7587
7113	7961
7114	7115
7116	4875
7118	7119
7117	4037
7117	4632
7117	6327
7117	6994
7117	7119
7117	7143
7117	7144
7120	1865
7120	3238
7120	3381
7120	5776
7120	6241
7120	6320
7120	6560
7120	6712
7120	7047
7120	7386
7120	7544
7120	7634
7120	7651
7120	7683
7120	7695
7120	7699
7120	7707
7120	7809
7121	4361
7121	5776
7121	5800
7121	5969
7121	6714
7121	6832
7121	7279
7123	5384
7122	5384
7124	4037
7125	4037
7127	4037
7127	7301
7128	4037
7128	6784
7129	4037
7129	5500
7129	5897
7129	6299
7129	6784
7129	6832
7129	6993
7129	7290
7129	7587
7129	7666
7129	7763
7136	4037
7136	4884
7130	4037
7130	5773
7137	4037
7131	967
7131	2658
7131	3238
7131	3962
7131	4037
7131	4940
7131	5773
7131	6032
7131	6123
7131	6442
7131	6555
7131	6832
7131	6907
7131	6914
7131	7021
7131	7092
7131	7280
7131	7414
7131	7553
7131	7587
7131	7809
7131	7833
7131	7871
7131	7910
7126	2511
7126	4037
7126	5773
7132	2851
7132	3238
7132	4037
7132	5002
7132	5839
7132	5872
7132	6043
7132	6123
7132	6555
7132	6784
7132	6832
7132	6913
7132	6914
7132	7021
7132	7052
7132	7063
7132	7131
7132	7257
7132	7280
7132	7304
7132	7306
7132	7362
7132	7407
7132	7423
7132	7561
7132	7567
7132	7666
7132	7809
7132	7961
7132	8121
7133	4037
7138	4037
7138	7214
7134	4037
7134	7373
7134	7587
7139	2851
7139	4037
7139	7214
7140	4037
7135	4037
6986	7143
7142	2511
7142	5773
7142	7143
7142	7144
7145	7144
7146	7144
7151	6414
7153	5022
7153	5671
7153	5887
7153	5897
7153	5969
7153	6327
7153	6907
7153	6914
7153	7373
7153	8134
7153	8141
7153	8148
7154	6327
7155	6327
7156	6327
7157	6327
7160	6327
7158	6327
7159	6327
6994	1403
6994	2851
6994	3726
6994	5432
6994	5582
6994	5969
6994	6560
6994	6634
6994	6714
6994	6736
6994	6784
6994	6913
6994	7161
6994	7214
6994	7222
6994	7250
6994	7289
6994	7290
6994	7301
7163	7162
7163	7254
7164	3962
7164	5012
7164	5179
7164	6789
7165	1026
7165	7050
7165	7168
7166	7168
7167	7168
7172	2511
7172	7649
7173	2511
7173	5819
7174	5773
7175	5773
7175	7131
7178	5773
7178	7587
7179	5773
7179	7131
7176	5773
7176	7116
7176	7185
7176	7620
7177	5773
7183	5179
7183	5529
7183	5814
7183	6665
7183	6914
7183	6980
7183	7225
7183	7924
7183	8186
7184	3631
7184	7185
7187	3631
7188	1403
7188	3631
7188	3726
7188	4361
7188	5811
7188	6299
7188	6596
7188	6789
7188	6832
7188	6976
7188	7315
7188	7351
7188	7386
7188	7397
7189	3631
7189	5760
7189	8174
7190	7191
7192	5288
7193	5288
6889	5288
6889	7233
6889	7701
6889	7921
6889	7928
7194	7195
7197	2785
7198	2785
7198	4037
7198	4401
7198	7707
7198	8219
7198	8224
7198	8225
7198	8226
7203	6270
7205	7023
7206	7023
7210	7214
7211	7214
7212	7214
7217	6994
7219	1919
7218	1919
7220	5404
7221	5404
7222	1403
7223	6665
7225	155
7225	1026
7225	1982
7225	2658
7225	3084
7225	3310
7225	3459
7225	4071
7225	4966
7225	5022
7225	5079
7225	5406
7225	5655
7225	5800
7225	5806
7225	5819
7225	5839
7225	5872
7225	5902
7225	6000
7225	6032
7225	6320
7225	6555
7225	6596
7225	6665
7225	6914
7225	6979
7225	7092
7225	7237
7225	7378
7225	7386
7225	7400
7225	7449
7225	7508
7225	7510
7225	7529
7225	7553
7225	7620
7225	7632
7225	7652
7225	7662
7225	7699
7225	7707
7225	7730
7225	7835
7225	7924
7225	8192
7226	5835
7226	6665
7226	7553
7226	7557
7227	155
7227	1026
7227	3962
7227	5872
7227	6555
7227	6665
7227	6923
7227	7225
7227	7277
7227	7533
7227	7587
7227	7910
7228	2565
7228	4884
7228	6665
7228	7225
7228	7561
7228	7620
7228	7662
7229	1026
7229	4341
7229	5835
7229	6665
7229	7400
7229	7553
7229	7557
5143	1026
5143	1403
5143	2851
5143	3726
5143	5806
5143	6665
5143	6736
5143	6907
5143	6913
5143	7225
5143	7246
5143	7250
5143	7273
5143	7289
5143	7557
5143	7651
7230	4884
7230	5806
7230	6665
7230	7632
7231	155
7231	938
7231	967
7231	1026
7231	2565
7231	3000
7231	3084
7231	3238
7231	3310
7231	3381
7231	3752
7231	3885
7231	3962
7231	4071
7231	4341
7231	4435
7231	4632
7231	4879
7231	4884
7231	4981
7231	5028
7231	5079
7231	5148
7231	5289
7231	5465
7231	5500
7231	5529
7231	5671
7231	5800
7231	5806
7231	5839
7231	5872
7231	5902
7231	6000
7231	6043
7231	6151
7231	6174
7231	6241
7231	6243
7231	6523
7231	6560
7231	6665
7231	6712
7231	6907
7231	6914
7231	6934
7231	6980
7231	7005
7231	7047
7231	7052
7231	7054
7231	7116
7231	7131
7231	7225
7231	7237
7231	7277
7231	7279
7231	7280
7231	7386
7231	7400
7231	7414
7231	7443
7231	7450
7231	7478
7231	7490
7231	7498
7231	7510
7231	7544
7231	7587
7231	7593
7231	7604
7231	7618
7231	7620
7231	7624
7231	7632
7231	7642
7231	7646
7231	7649
7231	7651
7231	7658
7231	7662
7231	7673
7231	7683
7231	7694
7231	7695
7231	7699
7231	7707
7231	7726
7231	7757
7231	7763
7231	7788
7231	7795
7231	7809
7231	7813
7231	7855
7231	7862
7231	7871
7231	7879
7231	7882
7231	7890
7231	7921
7232	6907
7233	5179
7233	5760
7233	5811
7233	5872
7233	6123
7233	6447
7233	6907
7233	6946
7233	7386
7233	7389
7233	7407
7233	7422
7233	7529
7233	7683
7233	7809
7233	7860
7233	7992
7233	8083
7233	8121
7233	8134
7233	8174
7233	8192
7234	6907
7235	6907
7236	1026
7236	2658
7236	3084
7236	4632
7236	4884
7236	5002
7236	5079
7236	5148
7236	5500
7236	6032
7236	6907
7236	6993
7236	7088
7236	7378
7236	7478
7236	7529
7236	7553
7236	7588
7236	7620
7236	7632
7236	7662
7236	7695
7236	7699
7237	938
7237	5064
7237	5738
7237	5800
7237	6243
7237	6907
7237	7050
7237	7233
7237	7391
7237	7498
7237	7529
7237	8051
7237	8192
7237	8198
7237	8224
7238	4432
7238	4884
7238	6618
7238	6907
7238	7233
7238	7620
7238	7624
7238	7833
7238	8212
7239	3000
7239	3969
7239	4632
7239	4875
7239	4884
7239	5806
7239	5872
7239	6000
7239	6243
7239	6907
7239	7054
7239	7116
7239	7131
7239	7237
7239	7279
7239	7478
7239	7497
7239	7553
7239	7561
7239	7587
7239	7620
7240	1403
7241	938
7241	1403
7241	3346
7241	4432
7241	5028
7241	5800
7241	5806
7241	5872
7241	6032
7241	6123
7241	6784
7241	6832
7241	6875
7241	6913
7241	6914
7241	6976
7241	7238
7241	7279
7241	7373
7241	7561
7241	7791
7243	7763
7245	6736
7251	2851
7252	2851
7253	2851
7253	4037
7253	7871
7253	7912
7255	5801
7262	155
7262	3381
7262	3969
7262	5500
7262	5529
7262	5835
7262	7054
7262	7400
7262	7557
7262	7757
7262	7763
7260	7262
7260	7301
7260	7478
7265	6784
7266	1982
7266	5432
7266	6555
7266	6634
7266	6714
7266	6784
7267	6784
7268	6784
7269	6784
7270	5210
7270	5897
7270	6442
7270	6784
7270	7763
7271	4037
7271	6714
7271	6784
7276	6913
7276	7021
7276	7052
7276	7740
7276	7763
7277	3334
7277	6913
7277	7493
7277	8121
7278	6832
7278	6913
7278	6953
7278	7414
7279	2658
7279	3000
7279	5812
7279	6555
7279	6618
7279	6913
7279	7012
7279	7054
7279	7225
7279	7237
7279	7280
7279	7443
7279	7587
7279	7588
7279	7694
7279	7726
7279	7910
7279	8163
7279	8192
7280	1026
7280	2223
7280	2658
7280	3238
7280	3293
7280	3297
7280	3310
7280	3381
7280	3752
7280	3962
7280	4071
7280	4401
7280	4432
7280	4507
7280	4981
7280	4983
7280	5079
7280	5096
7280	5179
7280	5233
7280	5466
7280	5529
7280	5605
7280	5806
7280	5812
7280	5819
7280	5839
7280	6032
7280	6043
7280	6044
7280	6151
7280	6241
7280	6299
7280	6422
7280	6555
7280	6560
7280	6618
7280	6737
7280	6780
7280	6875
7280	6913
7280	6918
7280	6924
7280	6946
7280	7005
7280	7021
7280	7063
7280	7092
7280	7225
7280	7233
7280	7277
7280	7386
7280	7393
7280	7440
7280	7443
7280	7588
7280	7590
7280	7620
7280	7649
7280	7652
7280	7662
7280	7666
7280	7668
7280	7669
7280	7683
7280	7691
7280	7699
7280	7740
7280	7757
7280	7763
7280	7778
7280	7788
7280	7795
7280	7809
7280	7813
7280	7833
7280	7908
7280	7910
7280	7961
7280	7965
7280	7994
7280	7996
7280	8002
7280	8042
7280	8121
7280	8124
7280	8141
7280	8174
7280	8209
7282	5378
7282	5432
7283	5432
7284	5378
7284	5432
7285	5432
7286	5432
7287	5432
7291	7292
7293	6299
7293	6714
7293	6976
7293	7301
5949	5582
5949	6976
5949	7301
7296	6976
7295	4071
7295	5179
7295	5199
7295	5887
7295	6299
7295	6914
7295	6976
7295	6980
7295	7277
7295	7301
7295	7386
7295	7924
7295	8249
7301	2223
7301	2658
7301	4071
7301	4983
7301	5819
7301	6044
7301	6320
7301	6523
7301	6634
7301	6759
7301	6832
7301	6914
7301	6918
7301	6946
7301	7052
7301	7092
7301	7694
7301	7707
7301	7757
7301	7833
7301	7871
7301	7890
7301	7908
7301	7979
7301	7992
7301	8044
7301	8079
7298	5079
7298	7301
7299	7301
7300	7301
7302	7092
7302	7301
7305	6714
7171	4632
7171	5079
7171	6714
7171	7092
7171	7553
7171	7632
7171	7662
7171	7809
7171	8043
7309	5969
7310	5969
7317	5199
7317	5760
7317	5897
7317	6198
7317	6424
7317	6503
7317	6596
7317	6832
7317	7146
7317	7295
7317	7318
7317	7323
7317	7341
7317	7351
7317	7387
7320	7319
7294	155
7294	1026
7294	1982
7294	3084
7294	3334
7294	3459
7294	3962
7294	4940
7294	4983
7294	5002
7294	5079
7294	5148
7294	5179
7294	5199
7294	5246
7294	5605
7294	5655
7294	5800
7294	5806
7294	5811
7294	5839
7294	6032
7294	6243
7294	6414
7294	6523
7294	6555
7294	6618
7294	6832
7294	6979
7294	6993
7294	7225
7294	7393
7294	7400
7294	7414
7294	7510
7294	7620
7294	7632
7294	7651
7294	8121
7326	5199
7327	4361
7327	5199
7327	6299
7327	6503
7327	6832
7327	7295
7281	5671
7281	5760
7281	5902
7281	6299
7281	6503
7281	7277
7281	7295
7281	7510
7281	7529
7281	7632
7281	7795
7281	7809
7329	6832
7329	7295
7333	7295
7330	5872
7330	7295
7332	6299
7335	3962
7335	5002
7335	5210
7335	5760
7335	6299
7335	6424
7335	6503
7335	6555
7335	6789
7335	6832
7335	7381
7335	7414
7335	7791
7335	7833
7335	8276
7336	6299
7337	6299
7341	5806
7341	7414
7342	4361
7345	4361
7343	3238
7343	3334
7343	4361
7343	5233
7343	5806
7343	6832
7343	6914
7343	7414
7343	7788
7343	7809
7343	7927
7343	8134
7344	155
7344	967
7344	4361
7347	6832
7348	6832
7348	7561
7349	6832
7350	155
7350	2940
7350	4940
7350	4981
7350	5800
7350	5806
7350	5872
7350	6243
7350	6320
7350	6618
7350	6832
7350	7381
7350	7414
7350	7553
7350	7561
7350	7618
7350	7624
7350	7695
7350	7726
7350	7809
7350	8224
7351	5897
7351	6832
7352	3310
7352	3334
7352	3459
7352	5079
7352	5148
7352	5835
7352	6447
7352	6832
7352	6980
7352	7092
7352	7378
7352	7386
7352	7544
7352	7740
7352	7809
7353	6832
7354	5800
7354	6832
7354	7351
7354	7478
7355	6832
7360	7351
7362	2565
7362	2940
7362	4884
7362	5233
7362	7116
7362	7381
7362	7587
7362	7618
7363	6789
7365	6596
7371	7373
7371	7567
7374	5760
7377	5760
7379	1026
7379	4632
7379	5289
7379	7088
7379	7237
7379	7381
7379	7529
7378	155
7378	1982
7378	2565
7378	3084
7378	3334
7378	3962
7378	4037
7378	5022
7378	5079
7378	5465
7378	5605
7378	5800
7378	5806
7378	5872
7378	6044
7378	6417
7378	6422
7378	6523
7378	6918
7378	6946
7378	6980
7378	7050
7378	7225
7378	7277
7378	7381
7378	7386
7378	7553
7378	7587
7378	7620
7378	7632
7378	7757
7378	7795
7378	7803
7378	7813
7378	7908
7378	8051
7378	8124
7378	8198
7380	6123
7380	7279
7380	7381
7357	1982
7357	5233
7357	7233
7357	7391
7357	7553
7357	7924
7357	8174
7357	8204
7357	8219
7199	5233
7199	7632
7382	5233
7383	2940
7383	5233
7387	3962
7387	7553
7387	7809
7387	7921
7386	4401
7386	4940
7386	5022
7386	5378
7386	5421
7386	6422
7386	6618
7386	7021
7386	7280
7386	7387
7386	7434
7386	7553
7386	7567
7386	7620
7386	7649
7386	7791
7386	7803
7386	7809
7386	7813
7386	7833
7386	7857
7386	7882
7386	8249
7386	8275
7386	8277
7389	2940
7389	7450
7390	1865
7390	2658
7390	2940
7390	3238
7390	3962
7390	5179
7390	5671
7390	5872
7390	6424
7390	6555
7390	7047
7390	7063
7390	7225
7390	7280
7390	7423
7390	7442
7390	7443
7390	7620
7390	7632
7390	7646
7390	7647
7390	7651
7390	7809
7390	7961
7391	1982
7391	2223
7391	2658
7391	2940
7391	4401
7391	4940
7391	4983
7391	5022
7391	5179
7391	5210
7391	5246
7391	5393
7391	5466
7391	6032
7391	6422
7391	6523
7391	6634
7391	6737
7391	6993
7391	7047
7391	7050
7391	7052
7391	7120
7391	7233
7391	7237
7391	7341
7391	7443
7391	7529
7391	7544
7391	7553
7391	7604
7391	7620
7391	7649
7391	7683
7391	7726
7391	7809
7391	7835
7391	7862
7391	7921
7391	7924
7391	7965
7391	7992
7391	8019
7391	8051
7391	8122
7391	8174
7391	8192
7391	8198
7391	8209
7391	8212
7391	8224
7391	8249
7392	2940
7321	2940
7321	3293
7321	7389
7394	3293
7394	5643
7394	6424
7394	7063
7394	7620
7400	3885
7400	4940
7400	5022
7400	5079
7400	5806
7400	5839
7400	6032
7400	6123
7400	6417
7400	7225
7400	7414
7400	7450
7400	7553
7400	7632
7400	7662
7170	6123
7401	5872
7401	6123
7401	7510
7402	3334
7402	6123
7402	6241
7402	6712
7402	7632
7403	6123
7404	6123
7405	3962
7405	4037
7405	5028
7405	5096
7405	5605
7405	6123
7405	6875
7405	6946
7405	6980
7405	7050
7405	7063
7405	7443
7405	7618
7405	7624
7405	7763
7405	7835
7405	7927
7405	8163
7407	6946
7409	1982
7409	3334
7409	5002
7409	5811
7409	5839
7409	7052
7409	7553
7409	7632
7409	7646
7409	7839
7393	5002
7393	5378
7393	5839
7393	7092
7393	7225
7393	7414
7393	7553
7393	7651
7393	7662
7393	7695
7393	7840
7393	8237
7413	7279
7413	7414
7416	6417
7417	5902
7417	6442
7418	4981
7418	6442
7419	6442
7420	6442
7421	1982
7421	4037
7421	4940
7421	7238
7421	7279
7421	7422
7421	7979
7421	8163
7421	8192
7424	3334
7424	4037
7424	5605
7424	7908
7425	3334
7425	4037
7425	4940
7425	6780
7425	6946
7425	7553
7425	7649
7426	3000
7426	3334
7427	3334
7428	3334
7428	3459
7429	3334
7430	3334
7431	3334
7441	4341
7441	7442
7441	8168
7443	2658
7443	3962
7443	5800
7443	6043
7443	6414
7443	7092
7443	7280
7443	7809
7443	7882
7443	8192
7444	7450
7444	7620
7444	7632
6139	7450
7448	7450
7445	7450
7446	7450
7447	7450
7449	1982
7449	3297
7449	3752
7449	3962
7449	4507
7449	4940
7449	5079
7449	5378
7449	5614
7449	5643
7449	5812
7449	5872
7449	5887
7449	5902
7449	6422
7449	6759
7449	7021
7449	7277
7449	7279
7449	7341
7449	7393
7449	7450
7449	7508
7449	7553
7449	7574
7449	7642
7449	7649
7449	7740
7449	7839
7449	7921
7449	7979
7449	8042
7449	8073
7449	8090
7449	8134
7449	8174
7449	8186
7449	8219
7449	8224
7451	7131
7452	4037
7452	6914
7452	7131
7453	7131
7181	4037
7181	7131
7180	4037
7180	6914
7180	7131
7180	7803
7454	7131
7455	7131
7455	7237
7455	7510
7455	7529
7456	7131
7457	7131
7458	7131
7459	7131
7461	7131
7462	7131
7465	7467
7466	7467
7473	7478
7474	7478
7468	7478
7469	7478
7476	7478
7476	7512
7477	7478
7470	7478
4532	5096
4532	5179
4532	6979
4532	7478
4532	7862
4532	7921
4532	7961
4532	8174
7480	7279
7481	7279
7482	6243
7483	6243
7484	5806
7484	5872
7484	5902
7485	6000
7486	6000
7487	6000
7490	2223
7490	3238
7490	3310
7490	3381
7490	4507
7490	5002
7490	5028
7490	5421
7490	5605
7490	5969
7490	6424
7490	6560
7490	6712
7490	6780
7490	6934
7490	6993
7490	7280
7490	7618
7490	7647
7490	7662
7490	7695
7490	7699
7490	7992
7490	8007
7490	8025
7490	8083
7490	8128
7492	4875
7492	7378
7492	7624
7493	4875
7493	5421
7493	7225
7493	7646
7494	7495
7501	5289
7502	5289
7502	7544
7502	7553
7503	5289
7505	5902
7509	7510
7471	2658
7471	3084
7471	6914
7471	7237
7471	7512
7471	7632
7471	7649
7471	7946
7471	7965
7511	3752
7511	4037
7511	4981
7511	4983
7511	5614
7511	6043
7511	6780
7511	6946
7511	7021
7511	7512
7511	7620
7511	7707
7511	7810
7511	7813
7511	7890
7511	8044
7514	155
7514	4879
7514	7088
7515	7088
7513	7088
7517	3293
7517	7493
7518	4037
7518	4632
7518	7620
7520	6174
7520	7624
7520	7649
7376	3459
7376	4435
7376	7063
7376	7237
7522	737
7523	737
7524	737
7525	737
7527	7529
7528	7529
7531	7054
7538	7378
7540	7378
7535	7378
7536	7378
7537	7378
7544	1982
7544	5671
7544	6032
7544	6555
7544	7005
7544	7092
7544	7553
7544	7788
7544	7813
7544	7924
7544	8226
7549	3459
7549	7553
7545	7553
7546	5028
7546	5421
7546	7553
7550	7553
7554	3459
7554	5835
7554	7624
7563	4341
7564	2565
7564	2658
7564	3238
7564	3293
7564	4037
7564	4341
7564	5002
7564	5028
7564	5465
7564	5605
7564	5614
7564	6044
7564	6712
7564	6934
7564	6946
7564	7587
7564	7618
7564	7624
7564	7646
7564	7662
7564	7860
7564	7908
7564	8042
7564	8044
7564	8051
7564	8073
7564	8121
7564	8124
7564	8128
7564	8168
7564	8219
7415	1026
7415	5079
7415	6914
7415	7225
7415	7400
7415	7632
7150	5839
7150	6555
7150	6914
7150	7005
7150	7021
7150	7052
7150	7280
7150	7400
7150	7649
7150	7683
7565	1026
7565	7400
7565	7587
7569	155
7569	2565
7569	7618
7569	7624
7570	155
7570	5096
7570	7778
7571	155
7572	155
7576	1026
7577	1026
7578	967
7578	1026
7578	1498
7578	3962
7578	4037
7578	4071
7578	4435
7578	4981
7578	5020
7578	5022
7578	5079
7578	5096
7578	5378
7578	5605
7578	5812
7578	6618
7578	6918
7578	6946
7578	6979
7578	7005
7578	7092
7578	7833
7578	7855
7578	7908
7578	8122
7578	8163
7578	8165
7578	8174
7579	1026
7579	3310
7579	5210
7579	5529
7579	6914
7579	7050
7579	7620
7579	7788
7579	7795
7580	1026
7580	2565
7580	4884
7580	5002
7580	5421
7580	5500
7580	6424
7580	6712
7580	6934
7580	7116
7580	7225
7580	7587
7580	7620
7580	7647
7580	7651
7580	7658
7580	7662
7580	7666
7580	7673
7581	1026
7585	7587
7586	3084
7586	3238
7586	7587
7586	7683
7586	7757
7586	7763
7586	7809
7588	5079
7588	6174
7588	7116
7588	7391
7588	7604
7588	7618
7588	7624
7588	8141
7593	7225
7593	7618
7593	7624
7594	3293
7594	5819
7594	7225
7594	8083
7595	7225
7597	4037
7597	4884
7597	7225
7597	7620
7598	3238
7598	3752
7598	3962
7598	4884
7598	4981
7598	5028
7598	5421
7598	5466
7598	5529
7598	5839
7598	6043
7598	6151
7598	6241
7598	6555
7598	6712
7598	6914
7598	6934
7598	7047
7598	7116
7598	7225
7598	7386
7598	7588
7598	7632
7598	7649
7598	7683
7598	7694
7598	7695
7598	7699
7598	7809
7598	7862
7598	7890
7598	7913
7598	7924
7599	7225
7600	7225
7602	5500
7605	2565
7605	3752
7605	7924
5910	2565
7608	4884
7608	5210
7610	4884
7611	4884
7613	4884
7609	7620
7609	7839
7614	1191
7614	3084
7614	3238
7614	3310
7614	3752
7614	3962
7614	5002
7614	5028
7614	5079
7614	5179
7614	5466
7614	5529
7614	5839
7614	6032
7614	6151
7614	6174
7614	6241
7614	6320
7614	6422
7614	6523
7614	6555
7614	6560
7614	6914
7614	7047
7614	7092
7614	7386
7614	7544
7614	7620
7614	7624
7614	7632
7614	7658
7614	7707
7614	7726
7614	7795
7614	7809
7614	7819
7614	7874
7614	7879
7614	7952
7615	7620
7616	7620
7617	7620
7618	6523
7618	7092
7618	7620
7619	7620
7623	5028
7623	5465
7623	7647
7625	5028
7625	6634
7625	7050
7625	7632
7625	7803
7625	7924
7626	5028
7050	5839
7050	6634
7050	7120
7050	7632
7050	7839
7630	7632
7629	7632
7634	7021
7639	6280
7638	6280
7601	5002
7601	7646
7601	7653
7642	5179
7644	7646
7645	7646
7648	7391
7647	6934
7647	7662
7647	7666
7647	7668
7649	3238
7649	5210
7649	5529
7649	5839
7649	6044
7649	6979
7649	7052
7649	7443
7649	7651
7649	7965
7653	7986
7659	967
7659	3962
7659	6712
7659	6934
7659	7662
7659	7855
7660	7662
7650	1498
7650	7662
7661	3381
7661	7280
7661	7662
7661	7757
7663	3238
7664	3238
7665	3238
7665	4432
7665	7047
7665	7683
7665	7695
7665	7810
7666	6320
7666	6555
7666	6759
7666	6924
7666	6946
7666	6980
7666	7012
7666	7277
7666	7397
7666	7669
7666	7691
7666	7699
7666	7701
7666	8121
7670	6712
7675	1498
7675	1982
7675	2223
7675	2658
7675	3770
7675	4983
7675	5020
7675	5096
7675	5179
7675	5378
7675	6422
7675	6618
7675	6759
7675	6946
7675	7021
7675	7386
7675	7397
7675	7666
7675	7778
7675	7979
7675	7994
7675	7996
7675	8002
7675	8192
7675	8212
7676	4940
7676	6737
7676	7047
7676	7238
7676	8178
7677	4037
7677	4940
7677	5022
7677	6875
7677	7047
7677	7238
7677	7517
7677	7924
7677	7928
7677	7992
7677	8038
7677	8224
7678	4940
7678	7047
7679	3084
7679	5022
7679	5079
7679	5148
7679	5529
7679	5605
7679	5643
7679	6151
7679	6241
7679	6555
7679	6634
7679	6875
7679	7021
7679	7238
7679	7277
7679	7280
7679	7391
7679	7443
7679	7694
7679	7695
7679	7699
7679	7809
7679	7813
7679	7855
7679	8219
7679	8235
7682	1191
7682	3297
7682	4037
7682	4507
7682	5020
7682	5148
7682	5210
7682	5529
7682	5643
7682	6422
7682	6560
7682	6759
7682	6875
7682	6914
7682	6946
7682	6979
7682	7092
7682	7386
7682	7574
7682	7620
7682	7683
7682	7839
7682	7862
7682	7874
7682	7881
7682	7910
7682	7927
7682	7928
7682	7952
7682	7961
7682	8038
7682	8128
7682	8132
7682	8148
7682	8169
7682	8209
7684	7120
7684	7683
7685	4401
7685	5179
7685	6618
7685	6634
7685	7391
7685	7683
7685	7757
7685	7908
7685	8037
7685	8124
7685	8174
7685	8198
7685	8219
7687	6560
7687	7120
7687	7683
7686	7120
7686	7683
7691	3752
7691	3962
7691	4071
7691	4983
7691	5179
7691	5933
7691	6032
7691	6946
7691	7063
7691	7092
7691	7694
7691	7778
7691	7835
7691	7855
7691	7862
7691	7871
7691	7946
7691	7961
7691	7979
7695	3381
7695	6151
7695	8224
7696	7695
7696	7707
7696	7810
7696	8019
7697	3962
7697	5179
7697	6634
7697	6980
7697	7120
7697	7277
7697	7443
7697	7588
7697	7649
7697	7695
7697	7734
7697	7740
7697	7763
7697	7803
7697	7809
7697	7908
7697	8079
7697	8132
7697	8168
7698	7699
7701	6320
7701	6980
7701	7588
7703	5179
7703	7707
7704	7707
7705	7707
7706	5671
7706	7707
7715	6523
7716	5839
7716	6523
7719	4071
7719	6523
7719	6914
7719	7763
6367	6523
6367	8141
7717	5839
7717	6523
7720	6924
7721	1865
7724	1865
7724	7544
7726	3310
7726	7809
7726	7961
7728	7726
7728	7763
7727	1982
7727	3962
7727	4037
7727	4071
7727	4981
7727	4983
7727	5022
7727	5246
7727	5839
7727	6032
7727	6634
7727	6946
7727	6979
7727	7233
7727	7238
7727	7341
7727	7391
7727	7553
7727	7620
7727	7726
7727	7835
7727	7871
7727	7910
7727	7921
7727	7965
7727	7992
7727	8002
7727	8024
7727	8122
7727	8174
7729	7730
7732	7734
7733	1982
7733	2658
7733	3962
7733	4037
7733	4401
7733	4432
7733	4940
7733	4981
7733	5022
7733	5064
7733	5079
7733	5246
7733	5605
7733	5812
7733	6032
7733	6414
7733	6422
7733	6555
7733	6618
7733	6634
7733	6914
7733	6946
7733	6979
7733	7005
7733	7021
7733	7050
7733	7063
7733	7092
7733	7120
7733	7389
7733	7553
7733	7620
7733	7666
7733	7734
7733	7791
7733	7809
7733	7810
7733	7833
7733	7839
7733	7862
7733	7910
7733	8051
7733	8121
7733	8174
7733	8198
7736	7120
7736	7757
7737	5671
7738	3084
7738	5148
7738	5671
7738	7277
7738	7795
7738	7839
7740	6980
7741	5148
7741	6980
7741	7757
7741	7763
7742	6980
7743	2223
7743	4037
7743	4507
7743	4940
7743	5179
7743	6422
7743	6914
7743	6980
7743	7005
7743	7757
7743	7992
7743	8168
7743	8169
7744	967
7744	1982
7744	3310
7744	3381
7744	3770
7744	3962
7744	4037
7744	4401
7744	4432
7744	4940
7744	4983
7744	5022
7744	5079
7744	5179
7744	5738
7744	5812
7744	5819
7744	5839
7744	5933
7744	6555
7744	6618
7744	6634
7744	6914
7744	6918
7744	6979
7744	7021
7744	7092
7744	7238
7744	7449
7744	7544
7744	7553
7744	7620
7744	7740
7744	7803
7744	7809
7744	7810
7744	7890
7744	7910
7744	7924
7744	7961
7744	7979
7744	8051
7744	8121
7744	8174
7744	8178
7744	8209
7744	8219
7744	8225
7744	8249
7744	8263
7745	5148
7747	4981
7747	5148
7747	5179
7747	5839
7747	6993
7747	7277
7747	7795
7747	7809
7750	4940
7750	7757
7751	7757
7752	7005
7752	7757
7753	7005
7753	7757
7755	1982
7755	5064
7755	5079
7755	5529
7755	6043
7755	6044
7755	6560
7755	6634
7755	7277
7755	7386
7755	7620
7755	7757
7755	7803
7756	7005
7756	7757
7758	7763
7759	4981
7759	4983
7759	7763
7759	7961
7760	7763
7761	7763
7762	7763
7766	1191
7766	3310
7766	4435
7766	5529
7766	6151
7766	6555
7766	7005
7766	7788
7766	7803
7766	7809
7766	7855
7766	7862
7766	7871
7767	7277
7767	7280
7768	1498
7768	3752
7768	3962
7768	6174
7768	6414
7768	7021
7768	7393
7768	7879
7768	7882
7768	7890
7768	7927
7769	967
7769	3752
7769	3962
7769	4071
7769	5933
7769	6032
7769	6174
7769	6414
7769	7012
7769	7021
7769	7871
7769	7879
7769	7882
7769	7890
7769	7908
7769	7910
7769	7912
7769	7927
7769	7946
7770	5933
7770	6174
7771	5079
7771	7778
7771	7928
7772	1982
7772	4432
7772	5064
7772	5179
7772	5378
7772	7233
7772	7389
7772	7778
7772	7791
7772	7833
7772	8073
7772	8134
7772	8174
7772	8178
7772	8192
7772	8204
7772	8212
7772	8237
7772	8249
7772	8276
7773	7778
7774	1498
7774	1982
7774	3293
7774	4037
7774	5022
7774	5210
7774	5605
7774	5738
7774	5819
7774	6044
7774	6780
7774	6875
7774	6918
7774	7233
7774	7391
7774	7574
7774	7778
7774	7860
7774	7908
7774	7965
7774	7992
7774	8037
7774	8042
7774	8051
7774	8073
7774	8121
7774	8122
7774	8128
7774	8134
7774	8168
7774	8174
7774	8178
7774	8192
7774	8209
7774	8212
7775	2658
7775	5096
7775	5179
7775	5210
7775	5819
7775	5839
7775	6422
7775	7341
7775	7553
7775	7778
7775	7965
7777	7778
7779	6560
7779	7835
7780	6560
7780	7788
7780	7803
7781	6560
7782	6560
7783	6560
7789	7277
7790	5022
7790	6634
7790	7277
7790	7803
7791	5079
7791	6414
7791	7005
7791	7277
7792	6032
7792	6555
7792	7012
7792	7021
7792	7277
7792	7835
7792	7927
7796	7795
7800	7803
7804	7803
7801	7803
7805	7803
7802	7803
7806	5529
7806	5839
7808	3084
7808	3752
7808	3770
7808	3962
7808	4037
7808	5079
7808	5096
7808	6634
7808	6914
7808	7809
7808	8124
7808	8174
7810	1982
7810	2223
7810	6737
7810	6875
7810	6993
7810	7620
7810	7979
7810	8174
7810	8224
7812	6043
7812	7092
7812	7649
7812	7839
7812	7890
7812	7899
7814	7386
7815	7386
7815	7620
7818	2223
7818	3752
7818	4071
7818	5022
7818	5079
7818	5096
7818	5210
7818	5643
7818	6946
7818	6979
7818	7819
7818	7871
7818	7874
7818	7912
7818	7946
7818	7952
7818	7961
7818	8007
7818	8024
7818	8025
7818	8042
7818	8083
7818	8134
7821	7649
7822	7649
6709	5064
6709	5210
7826	6709
7827	6709
7828	6709
7829	6044
7829	6555
7829	7092
7829	7879
7830	7092
7831	7092
7831	7393
7832	7092
7833	6914
7833	7092
7833	7238
7833	7890
7834	7092
7836	7092
7835	4435
7835	5179
7835	7092
7837	5079
7837	7839
7841	5839
7842	4981
7842	5079
7843	4983
7843	5079
7844	5079
7845	5079
7845	8121
7848	5079
7849	6555
7852	6555
7850	6555
7851	6555
6638	6555
7853	7855
7853	8178
7854	7855
7856	4432
7856	4435
7856	5605
7856	7835
7856	8121
7856	8168
7856	8192
7754	7005
7862	1982
7862	3293
7862	4037
7862	5210
7862	5605
7862	7860
7862	8024
7862	8042
7862	8043
7862	8174
7862	8192
7860	4983
7860	7862
7863	4981
7864	4981
7864	4983
7865	2658
7865	3293
7865	4981
7865	5022
7865	5096
7865	5179
7865	5378
7865	6044
7865	6618
7865	7021
7865	7063
7865	7233
7865	7238
7865	7517
7865	7620
7865	7835
7865	7882
7865	7908
7865	7961
7865	8042
7865	8051
7865	8163
7865	8212
7865	8275
7866	967
7867	7871
7868	7871
7870	7871
7873	4071
7873	5179
7873	6914
7873	7910
7873	7927
7873	7979
7874	4071
7874	6914
7874	7890
7874	7927
7875	6447
7875	7012
7877	4037
7877	4507
7877	4940
7877	7233
7877	7879
7877	7927
7878	7879
7882	1498
7882	2658
7882	3752
7882	3962
7882	4940
7882	5096
7882	6414
7882	6618
7882	7021
7882	7910
7882	8033
7885	4037
7885	5605
7885	6875
7885	7691
7885	7882
7885	7928
7883	7882
7884	1982
7884	4401
7884	7553
7884	7620
7884	7882
7886	7890
7887	7890
7888	7890
7889	7890
7891	6914
7892	6914
7893	6914
7893	8174
7372	6914
7894	6914
7900	4037
7900	4507
7900	5064
7900	5210
7900	5246
7900	5605
7900	5819
7900	6918
7900	6946
7900	7391
7900	7517
7900	7574
7900	7620
7900	7860
7900	7908
7900	8037
7900	8042
7900	8044
7900	8083
7900	8121
7900	8122
7900	8128
7900	8134
7900	8163
7900	8168
7900	8169
7900	8192
7901	1982
7901	4037
7901	4401
7901	4432
7901	5210
7901	5378
7901	5605
7901	5812
7901	6044
7901	6618
7901	6634
7901	6737
7901	6875
7901	6918
7901	6946
7901	7233
7901	7391
7901	7553
7901	7860
7901	7908
7901	7979
7901	8037
7901	8042
7901	8051
7901	8174
7901	8192
7901	8209
7901	8212
7901	8219
7901	8224
7902	1498
7902	1982
7902	2658
7902	3293
7902	4432
7902	5605
7902	6737
7902	6875
7902	6946
7902	7233
7902	7391
7902	7908
7902	8042
7902	8051
7902	8128
7902	8132
7902	8148
7902	8163
7902	8192
7902	8209
7902	8224
7903	4037
7903	5022
7903	7908
7903	8174
7904	2658
7904	6634
7904	7391
7904	7908
7904	7912
7904	7927
7905	7908
7906	1982
7906	4037
7906	4401
7906	5887
7906	7050
7906	7553
7906	7908
7906	8212
7906	8219
7906	8224
7907	4983
7907	5022
7907	5179
7907	7620
7907	7908
7907	7979
7907	7992
7907	8002
7907	8083
7907	8163
7907	8168
7907	8178
7910	3962
7910	6044
7910	7012
7910	7912
7911	7912
7869	7912
7914	5933
7915	3962
7916	3962
7916	7012
7919	4940
7919	7012
7919	7921
7920	7921
7922	7927
7923	7927
7924	6634
7924	7927
7925	7927
7928	6634
7928	7233
7928	8178
7930	5179
7929	4037
7929	5179
7929	6044
7929	6634
7932	5179
7932	8168
7933	4037
7933	5179
7933	5210
7933	6875
7931	5179
7931	6979
7934	5179
7935	5179
7937	7021
7938	6634
7938	7021
7939	7021
7940	7021
7941	7021
7942	7021
7944	7012
7945	5022
7945	5605
7945	7620
7945	7946
7945	8192
7948	5096
7948	7910
7949	7910
7950	7910
7953	5466
7954	7835
7955	7835
7956	7835
7959	7961
7960	7961
7964	2223
7964	5020
7964	5022
7964	5096
7964	5210
7964	5819
7964	6618
7964	7620
7964	7965
7964	8024
7964	8122
7966	6422
7968	6422
7968	6634
7968	7553
7969	6422
7969	7928
7967	6422
7967	7553
7967	7810
7967	8249
7970	6422
7972	7973
7974	5096
7975	5096
7976	5096
7978	7979
7980	1498
7980	2223
7980	2658
7980	3297
7980	5022
7980	5246
7980	5887
7980	6759
7980	7860
7980	7979
7980	7992
7980	8044
7980	8068
7980	8132
7980	8134
7981	7982
7985	2658
7993	4037
7993	7992
7995	7996
7998	8002
7999	8002
8000	8002
8001	8002
8005	2223
8005	4401
8006	8007
8009	6044
8010	6044
8010	8042
8011	6044
8012	4037
8012	5210
8012	6044
8012	6946
8012	7860
8012	8042
8012	8044
8013	6044
8014	8015
8021	8051
8020	8021
8027	8028
8035	6946
8037	8246
8036	4940
8036	5605
8036	5614
8036	6780
8036	6875
8036	7233
8036	7238
8036	7391
8036	7553
8036	7810
8036	7860
8036	8037
8036	8121
8036	8124
8036	8128
8036	8163
8036	8168
8036	8174
8036	8192
8042	6634
8040	8042
8041	5605
8041	7620
8041	8042
8045	5812
8045	6307
8045	6634
8045	7389
8045	8235
8045	8246
8045	8271
8046	4401
8046	4432
8046	4940
8046	5378
8046	5812
8046	6618
8046	7389
8046	7553
8046	7791
8046	7810
8046	7924
8046	8051
8046	8212
8046	8246
8046	8249
8046	8263
8047	1982
8047	4401
8047	4432
8047	4940
8047	5378
8047	5812
8047	6618
8047	6634
8047	6737
8047	7233
8047	7238
8047	7389
8047	7810
8047	7833
8047	8051
8047	8219
8047	8224
8047	8237
8047	8249
8047	8276
8048	5378
8048	5812
8048	8235
8049	5812
8051	5378
8051	5812
8051	7553
8051	7791
8051	8219
8051	8237
8051	8246
8051	8249
8052	5812
8053	4940
8053	5022
8053	5378
8053	5614
8053	5812
8053	6780
8053	7050
8053	7391
8053	7553
8053	7791
8053	7810
8053	7924
8053	8178
8053	8209
8053	8219
8053	8224
8053	8235
8053	8237
8053	8249
8053	8263
8054	5812
8054	6634
8055	7860
8056	7860
8057	7860
8060	3293
8060	6875
8060	8121
8060	8168
8060	8192
8061	3293
8061	4037
8061	4940
8061	5022
8061	7553
8062	5210
8063	5210
8063	8121
8063	8192
8064	5210
8065	5210
8066	4037
8066	5022
8066	5210
8069	5819
8069	6780
8069	7620
8069	7924
8070	5819
8071	5819
8072	5819
8074	8076
8075	8076
8077	6918
8077	8079
8080	8083
8081	8083
8023	6780
8084	6780
8085	4401
8085	4432
8085	4940
8085	5022
8085	5614
8085	6618
8085	6634
8085	6780
8085	7050
8085	7391
8085	7553
8085	7924
8085	8163
8085	8174
8085	8192
8085	8198
8086	6780
8087	6780
8088	1982
8088	8089
8091	5022
8092	4037
8092	5022
8092	8192
8092	8198
8092	8219
8093	5022
8094	5022
8094	7928
8094	8275
8094	8276
8095	5022
8096	5022
8098	4037
8099	4037
8100	4037
8101	4037
8102	4037
8108	4037
8103	4037
8104	4037
8105	4037
8111	4037
8111	7620
8112	4037
8112	8141
8106	4037
8107	4037
8107	4432
8107	4940
8107	5378
8107	6618
8107	6634
8107	7553
8107	7791
8107	7833
8107	7924
8107	8141
8107	8192
8107	8249
8114	4037
8115	4037
8109	4037
8110	4037
8118	8121
8119	8121
8120	8121
8126	4507
8131	8132
8131	8148
8133	7517
8134	7553
8135	8134
8138	8134
8136	8134
8097	7620
8097	8134
8137	8134
8140	8141
8142	8141
8144	8141
8145	7928
8145	8141
8146	5246
8146	8148
8147	8148
8152	1982
8152	4940
8152	5605
8152	6618
8152	7233
8152	7553
8152	7620
8152	7924
8152	8209
8152	8212
8153	5605
8155	7620
8156	4940
8156	6618
8156	7620
8156	7810
8156	8192
8158	7620
8159	7620
8157	6634
8157	7620
8161	8163
8162	5064
8162	5738
8162	7391
8162	8163
8162	8168
8162	8174
8162	8178
8162	8192
8162	8198
8166	6875
8167	6875
8170	8174
8171	7233
8171	8174
8171	8192
8172	8174
8173	1982
8173	5738
8173	7233
8173	7391
8173	8174
8173	8192
8173	8198
8177	8178
7472	8178
8179	8178
8184	8178
8180	8178
8181	8178
8182	8178
8183	8178
8187	7391
8189	5064
8189	5738
8189	7553
8189	8276
7861	5738
7861	7233
8190	4940
8190	7238
8190	7924
8190	8192
8193	7553
8193	8192
8194	8192
8195	8192
8196	8198
8197	8198
8199	5064
8202	7233
8203	7233
8206	7233
8204	7233
8204	8212
8205	7233
8211	4401
8211	4432
8211	6618
8211	6737
8211	7238
8211	7389
8211	7810
8211	8051
8211	8212
8211	8237
8211	8249
8213	1982
8215	8051
8216	8051
8221	8219
8222	4401
8222	6634
8222	7553
8222	7924
8222	8224
8222	8249
8050	4432
8050	4940
8050	6618
8050	6737
8050	7238
8050	7833
8050	8246
8050	8249
8050	8263
8227	4401
8231	5378
8232	5378
8233	5378
8236	8237
8214	7553
8238	7553
8241	4432
8241	4940
8242	4432
8243	4432
8243	6307
8243	6618
8243	6634
8243	6924
8243	8263
8244	7050
8245	7050
8248	8249
8229	8249
8251	6618
8252	6634
8253	6634
8254	6634
8255	6634
8256	6634
8260	6737
8261	6737
8262	7389
8263	4940
8263	7389
8264	7238
8265	7238
8266	7238
7637	7833
8270	4940
8270	7833
8271	7833
8272	4940
8273	4940
8150	8275
8150	8276
8274	8275
